k	pvalue
0	1
1	1
2	1
3	1
4	1
5	1
6	1
7	1
8	1
9	1
10	1
11	1
12	1
13	1
14	1
15	1
16	1
17	1
18	1
19	1
20	1
21	1
22	1
23	1
24	1
25	1
26	1
27	1
28	1
29	1
30	1
31	1
32	1
33	1
34	1
35	1
36	1
37	1
38	1
39	1
40	1
41	1
42	1
43	1
44	1
45	1
46	1
47	1
48	1
49	1
50	1
51	1
52	1
53	1
54	1
55	1
56	1
57	1
58	1
59	1
60	1
61	1
62	1
63	1
64	1
65	1
66	1
67	1
68	1
69	1
70	1
71	1
72	1
73	1
74	1
75	1
76	1
77	1
78	1
79	1
80	1
81	1
82	1
83	1
84	1
85	1
86	1
87	1
88	1
89	1
90	1
91	1
92	1
93	1
94	1
95	1
96	1
97	1
98	1
99	1
100	1
101	1
102	1
103	1
104	1
105	1
106	1
107	1
108	1
109	1
110	1
111	1
112	1
113	1
114	1
115	1
116	1
117	1
118	1
119	1
120	1
121	1
122	1
123	1
124	1
125	1
126	1
127	1
128	1
129	1
130	1
131	1
132	1
133	1
134	1
135	1
136	1
137	1
138	1
139	1
140	1
141	1
142	1
143	1
144	1
145	1
146	1
147	1
148	1
149	1
150	1
151	1
152	1
153	1
154	1
155	1
156	1
157	1
158	1
159	1
160	1
161	1
162	1
163	1
164	1
165	1
166	1
167	1
168	1
169	1
170	1
171	1
172	1
173	1
174	1
175	1
176	1
177	1
178	1
179	1
180	1
181	1
182	1
183	1
184	1
185	1
186	1
187	1
188	1
189	1
190	1
191	1
192	1
193	1
194	1
195	1
196	1
197	1
198	1
199	1
200	1
201	1
202	1
203	1
204	1
205	1
206	1
207	1
208	1
209	1
210	1
211	1
212	1
213	1
214	1
215	1
216	1
217	1
218	1
219	1
220	1
221	1
222	1
223	1
224	1
225	1
226	1
227	1
228	1
229	1
230	1
231	1
232	1
233	1
234	1
235	1
236	1
237	1
238	1
239	1
240	1
241	1
242	1
243	1
244	1
245	1
246	1
247	1
248	1
249	1
250	1
251	1
252	1
253	1
254	1
255	1
256	1
257	1
258	1
259	1
260	1
261	1
262	1
263	1
264	1
265	1
266	1
267	1
268	1
269	1
270	1
271	1
272	1
273	1
274	1
275	1
276	1
277	1
278	1
279	1
280	1
281	1
282	1
283	1
284	1
285	1
286	1
287	1
288	1
289	1
290	1
291	1
292	1
293	1
294	1
295	1
296	1
297	1
298	1
299	1
300	1
301	1
302	1
303	1
304	1
305	1
306	1
307	1
308	1
309	1
310	1
311	1
312	1
313	1
314	1
315	1
316	1
317	1
318	1
319	1
320	1
321	1
322	1
323	1
324	1
325	1
326	1
327	1
328	1
329	1
330	1
331	1
332	1
333	1
334	1
335	1
336	1
337	1
338	1
339	1
340	1
341	1
342	1
343	1
344	1
345	1
346	1
347	1
348	1
349	1
350	1
351	1
352	1
353	1
354	1
355	1
356	1
357	1
358	1
359	1
360	1
361	1
362	1
363	1
364	1
365	1
366	1
367	1
368	1
369	1
370	1
371	1
372	1
373	1
374	1
375	1
376	1
377	1
378	1
379	1
380	1
381	1
382	1
383	1
384	1
385	0.999999
386	0.999999
387	0.999999
388	0.999999
389	0.999998
390	0.999998
391	0.999997
392	0.999997
393	0.999996
394	0.999995
395	0.999993
396	0.999991
397	0.999989
398	0.999986
399	0.999983
400	0.999978
401	0.999973
402	0.999966
403	0.999958
404	0.999949
405	0.999937
406	0.999922
407	0.999904
408	0.999883
409	0.999857
410	0.999826
411	0.999788
412	0.999744
413	0.99969
414	0.999627
415	0.999551
416	0.999462
417	0.999357
418	0.999233
419	0.999087
420	0.998917
421	0.998718
422	0.998486
423	0.998217
424	0.997905
425	0.997545
426	0.99713
427	0.996653
428	0.996106
429	0.995481
430	0.994769
431	0.993959
432	0.99304
433	0.992001
434	0.990829
435	0.989509
436	0.988029
437	0.986371
438	0.984521
439	0.98246
440	0.980172
441	0.977636
442	0.974834
443	0.971746
444	0.968351
445	0.964628
446	0.960556
447	0.956113
448	0.951279
449	0.946032
450	0.940352
451	0.934217
452	0.927608
453	0.920507
454	0.912895
455	0.904758
456	0.89608
457	0.886849
458	0.877053
459	0.866684
460	0.855736
461	0.844205
462	0.83209
463	0.819393
464	0.806119
465	0.792275
466	0.777873
467	0.762927
468	0.747454
469	0.731475
470	0.715013
471	0.698096
472	0.680752
473	0.663015
474	0.644918
475	0.6265
476	0.6078
477	0.588858
478	0.569719
479	0.550427
480	0.531026
481	0.511563
482	0.492084
483	0.472636
484	0.453264
485	0.434014
486	0.414931
487	0.396058
488	0.377436
489	0.359106
490	0.341105
491	0.323469
492	0.306231
493	0.289421
494	0.273067
495	0.257194
496	0.241823
497	0.226974
498	0.212661
499	0.198897
500	0.185692
501	0.173052
502	0.160981
503	0.14948
504	0.138546
505	0.128177
506	0.118365
507	0.109101
508	0.100375
509	0.0921736
510	0.0844837
511	0.0772894
512	0.070574
513	0.0643197
514	0.0585081
515	0.0531199
516	0.0481356
517	0.0435352
518	0.0392986
519	0.0354059
520	0.0318371
521	0.0285725
522	0.0255929
523	0.0228793
524	0.0204137
525	0.0181782
526	0.0161558
527	0.0143304
528	0.0126863
529	0.0112087
530	0.00988382
531	0.00869838
532	0.00764004
533	0.00669725
534	0.00585922
535	0.00511594
536	0.00445813
537	0.00387722
538	0.00336534
539	0.00291526
540	0.00252038
541	0.00217467
542	0.00187267
543	0.00160941
544	0.00138042
545	0.00118167
546	0.00100952
547	0.000860751
548	0.000732449
549	0.000622036
550	0.00052722
551	0.000445972
552	0.000376498
553	0.000317217
554	0.000266741
555	0.000223853
556	0.000187488
557	0.000156721
558	0.000130743
559	0.000108856
560	9.0454e-05
561	7.50143e-05
562	6.20871e-05
563	5.12863e-05
564	4.22809e-05
565	3.47881e-05
566	2.85667e-05
567	2.34117e-05
568	1.91492e-05
569	1.5632e-05
570	1.27357e-05
571	1.03557e-05
572	8.40387e-06
573	6.80657e-06
574	5.50205e-06
575	4.43885e-06
576	3.57408e-06
577	2.87216e-06
578	2.30358e-06
579	1.84395e-06
580	1.47315e-06
581	1.17462e-06
582	9.3476e-07
583	7.42433e-07
584	5.8853e-07
585	4.65624e-07
586	3.67669e-07
587	2.89759e-07
588	2.27915e-07
589	1.78924e-07
590	1.40191e-07
591	1.09631e-07
592	8.55673e-08
593	6.66565e-08
594	5.1825e-08
595	4.02159e-08
596	3.11473e-08
597	2.40773e-08
598	1.85763e-08
599	1.43047e-08
600	1.09942e-08
601	8.43364e-09
602	6.45707e-09
603	4.93429e-09
604	3.76343e-09
605	2.86493e-09
606	2.17679e-09
607	1.65078e-09
608	1.2495e-09
609	9.43972e-10
610	7.11796e-10
611	5.35708e-10
612	4.02417e-10
613	3.01719e-10
614	2.25791e-10
615	1.68652e-10
616	1.25734e-10
617	9.35617e-11
618	6.94903e-11
619	5.15149e-11
620	3.81175e-11
621	2.81515e-11
622	2.07521e-11
623	1.5269e-11
624	1.12136e-11
625	8.21987e-12
626	6.01416e-12
627	4.39213e-12
628	3.20158e-12
629	2.32941e-12
630	1.69168e-12
631	1.22627e-12
632	8.87247e-13
633	6.40765e-13
634	4.619e-13
635	3.32349e-13
636	2.38692e-13
637	1.71111e-13
638	1.22439e-13
639	8.74498e-14
640	6.23447e-14
641	4.43651e-14
642	3.15127e-14
643	2.23426e-14
644	1.5812e-14
645	1.11697e-14
646	7.87599e-15
647	5.54338e-15
648	3.8945e-15
649	2.7311e-15
650	1.91175e-15
651	1.33578e-15
652	9.31649e-16
653	6.48604e-16
654	4.50734e-16
655	3.12661e-16
656	2.16492e-16
657	1.49633e-16
658	1.03235e-16
659	7.10957e-17
660	4.8874e-17
661	3.35375e-17
662	2.29723e-17
663	1.57072e-17
664	1.07204e-17
665	7.3038e-18
666	4.96717e-18
667	3.37204e-18
668	2.28507e-18
669	1.54573e-18
670	1.04374e-18
671	7.03527e-19
672	4.73365e-19
673	3.17936e-19
674	2.13164e-19
675	1.42665e-19
676	9.53132e-20
677	6.35654e-20
678	4.23177e-20
679	2.81226e-20
680	1.86563e-20
681	1.23546e-20
682	8.16716e-21
683	5.38951e-21
684	3.5503e-21
685	2.33464e-21
686	1.53255e-21
687	1.00427e-21
688	6.5694e-22
689	4.28987e-22
690	2.79644e-22
691	1.81974e-22
692	1.18211e-22
693	7.66574e-23
694	4.96243e-23
695	3.20688e-23
696	2.0688e-23
697	1.3323e-23
698	8.56515e-24
699	5.49691e-24
700	3.5217e-24
701	2.25236e-24
702	1.43806e-24
703	9.16578e-25
704	5.83197e-25
705	3.70439e-25
706	2.34894e-25
707	1.48691e-25
708	9.39629e-26
709	5.92768e-26
710	3.73312e-26
711	2.34703e-26
712	1.47308e-26
713	9.22984e-27
714	5.77331e-27
715	3.6051e-27
716	2.24737e-27
717	1.39861e-27
718	8.68923e-28
719	5.3893e-28
720	3.33696e-28
721	2.0627e-28
722	1.27289e-28
723	7.84175e-29
724	4.82286e-29
725	2.9612e-29
726	1.8151e-29
727	1.11073e-29
728	6.78555e-30
729	4.13844e-30
730	2.51978e-30
731	1.53166e-30
732	9.29478e-31
733	5.63108e-31
734	3.40582e-31
735	2.0565e-31
736	1.2397e-31
737	7.46072e-32
738	4.48256e-32
739	2.68876e-32
740	1.61013e-32
741	9.62612e-33
742	5.74545e-33
743	3.42359e-33
744	2.03668e-33
745	1.20962e-33
746	7.17236e-34
747	4.24582e-34
748	2.50927e-34
749	1.48055e-34
750	8.7214e-35
751	5.12908e-35
752	3.0115e-35
753	1.76529e-35
754	1.0331e-35
755	6.03616e-36
756	3.52105e-36
757	2.05058e-36
758	1.19227e-36
759	6.92103e-37
760	4.01108e-37
761	2.32086e-37
762	1.3407e-37
763	7.73241e-38
764	4.45242e-38
765	2.55962e-38
766	1.46912e-38
767	8.41855e-39
768	4.81637e-39
769	2.75109e-39
770	1.56889e-39
771	8.9327e-40
772	5.07783e-40
773	2.88189e-40
774	1.63299e-40
775	9.23835e-41
776	5.21811e-41
777	2.94265e-41
778	1.65681e-41
779	9.31357e-42
780	5.2272e-42
781	2.92908e-42
782	1.63872e-42
783	9.15358e-43
784	5.10491e-43
785	2.84249e-43
786	1.58024e-43
787	8.77124e-44
788	4.86087e-44
789	2.68957e-44
790	1.48582e-44
791	8.19537e-45
792	4.51323e-45
793	2.48156e-45
794	1.36232e-45
795	7.46717e-46
796	4.0865e-46
797	2.23289e-46
798	1.21816e-46
799	6.63535e-47
800	3.60866e-47
801	1.95953e-47
802	1.06238e-47
803	5.75087e-48
804	3.10822e-48
805	1.67732e-48
806	9.03749e-49
807	4.8619e-49
808	2.61151e-49
809	1.40057e-49
810	7.49978e-50
811	4.00978e-50
812	2.14054e-50
813	1.14093e-50
814	6.07186e-51
815	3.22641e-51
816	1.71178e-51
817	9.06799e-52
818	4.79632e-52
819	2.53302e-52
820	1.33569e-52
821	7.03246e-53
822	3.69697e-53
823	1.94053e-53
824	1.01703e-53
825	5.32211e-54
826	2.78082e-54
827	1.45078e-54
828	7.55738e-55
829	3.9308e-55
830	2.04141e-55
831	1.05858e-55
832	5.48097e-56
833	2.83357e-56
834	1.4627e-56
835	7.53911e-57
836	3.87998e-57
837	1.99381e-57
838	1.02302e-57
839	5.24122e-58
840	2.68118e-58
841	1.36952e-58
842	6.98486e-59
843	3.5571e-59
844	1.80877e-59
845	9.18379e-60
846	4.65597e-60
847	2.35694e-60
848	1.19135e-60
849	6.01289e-61
850	3.03026e-61
851	1.52485e-61
852	7.66181e-62
853	3.84405e-62
854	1.92576e-62
855	9.63318e-63
856	4.81165e-63
857	2.3998e-63
858	1.19512e-63
859	5.94305e-64
860	2.95096e-64
861	1.46311e-64
862	7.24352e-65
863	3.58082e-65
864	1.76757e-65
865	8.71226e-66
866	4.28793e-66
867	2.1073e-66
868	1.03411e-66
869	5.06725e-67
870	2.47937e-67
871	1.21136e-67
872	5.90979e-68
873	2.87896e-68
874	1.40044e-68
875	6.80238e-69
876	3.29932e-69
877	1.59792e-69
878	7.72778e-70
879	3.73183e-70
880	1.79953e-70
881	8.66496e-71
882	4.16623e-71
883	2.00028e-71
884	9.58984e-72
885	4.59095e-72
886	2.19466e-72
887	1.04762e-72
888	4.9936e-73
889	2.37683e-73
890	1.12968e-73
891	5.36155e-74
892	2.54097e-74
893	1.2025e-74
894	5.6826e-75
895	2.68155e-75
896	1.26358e-75
897	5.94563e-76
898	2.79365e-76
899	1.31076e-76
900	6.14125e-77
901	2.87322e-77
902	1.34234e-77
903	6.26234e-78
904	2.91738e-78
905	1.35716e-78
906	6.30452e-79
907	2.92453e-79
908	1.3547e-79
909	6.26638e-80
910	2.8945e-80
911	1.3351e-80
912	6.14955e-81
913	2.82851e-81
914	1.29914e-81
915	5.95861e-82
916	2.72911e-82
917	1.2482e-82
918	5.70081e-83
919	2.60003e-83
920	1.18416e-83
921	5.38555e-84
922	2.44592e-84
923	1.10929e-84
924	5.02388e-85
925	2.27209e-85
926	1.02613e-85
927	4.62782e-86
928	2.08421e-86
929	9.37348e-87
930	4.20974e-87
931	1.88801e-87
932	8.45567e-88
933	3.78171e-88
934	1.68898e-88
935	7.53282e-89
936	3.35496e-89
937	1.49216e-89
938	6.62739e-90
939	2.93946e-90
940	1.30194e-90
941	5.75859e-91
942	2.54355e-91
943	1.12193e-91
944	4.94186e-92
945	2.17379e-92
946	9.54876e-93
947	4.18869e-93
948	1.8349e-93
949	8.02695e-94
950	3.50665e-94
951	1.52981e-94
952	6.66482e-95
953	2.89964e-95
954	1.25981e-95
955	5.46604e-96
956	2.36835e-96
957	1.02477e-96
958	4.42808e-97
959	1.91078e-97
960	8.23409e-98
961	3.54347e-98
962	1.52283e-98
963	6.53557e-99
964	2.80108e-99
965	1.19889e-99
966	5.12438e-100
967	2.18734e-100
968	9.32403e-101
969	3.9692e-101
970	1.68739e-101
971	7.16374e-102
972	3.03724e-102
973	1.28597e-102
974	5.43749e-103
975	2.29605e-103
976	9.6823e-104
977	4.07748e-104
978	1.71483e-104
979	7.20224e-105
980	3.02086e-105
981	1.26535e-105
982	5.29311e-106
983	2.2112e-106
984	9.22495e-107
985	3.84343e-107
986	1.59917e-107
987	6.64491e-108
988	2.75743e-108
989	1.14272e-108
990	4.72932e-109
991	1.95469e-109
992	8.06826e-110
993	3.32586e-110
994	1.36915e-110
995	5.62888e-111
996	2.31109e-111
997	9.47623e-112
998	3.88042e-112
999	1.58689e-112
1000	6.481e-113
1001	2.64339e-113
1002	1.07673e-113
1003	4.38008e-114
1004	1.77943e-114
1005	7.21954e-115
1006	2.92527e-115
1007	1.18372e-115
1008	4.78369e-116
1009	1.93066e-116
1010	7.78175e-117
1011	3.13241e-117
1012	1.25925e-117
1013	5.05562e-118
1014	2.02707e-118
1015	8.11698e-119
1016	3.24603e-119
1017	1.29641e-119
1018	5.1709e-120
1019	2.05979e-120
1020	8.19432e-121
1021	3.25564e-121
1022	1.2918e-121
1023	5.11904e-122
1024	2.02589e-122
1025	8.0072e-123
1026	3.16068e-123
1027	1.246e-123
1028	4.90558e-124
1029	1.92886e-124
1030	7.57441e-125
1031	2.97053e-125
1032	1.16348e-125
1033	4.55115e-126
1034	1.77797e-126
1035	6.93689e-127
1036	2.703e-127
1037	1.05188e-127
1038	4.08818e-128
1039	1.58684e-128
1040	6.15145e-129
1041	2.38157e-129
1042	9.20857e-130
1043	3.55601e-130
1044	1.37144e-130
1045	5.28244e-131
1046	2.03206e-131
1047	7.80694e-132
1048	2.99551e-132
1049	1.1479e-132
1050	4.39323e-133
1051	1.67923e-133
1052	6.41033e-134
1053	2.44398e-134
1054	9.30597e-135
1055	3.53893e-135
1056	1.3441e-135
1057	5.09844e-136
1058	1.93149e-136
1059	7.30793e-137
1060	2.76151e-137
1061	1.04219e-137
1062	3.92824e-138
1063	1.47877e-138
1064	5.55969e-139
1065	2.08762e-139
1066	7.82898e-140
1067	2.93231e-140
1068	1.0969e-140
1069	4.09802e-141
1070	1.5291e-141
1071	5.69835e-142
1072	2.12088e-142
1073	7.88383e-143
1074	2.92693e-143
1075	1.08528e-143
1076	4.01907e-144
1077	1.4865e-144
1078	5.49109e-145
1079	2.02586e-145
1080	7.46474e-146
1081	2.74712e-146
1082	1.00971e-146
1083	3.70658e-147
1084	1.35896e-147
1085	4.97623e-148
1086	1.81991e-148
1087	6.64752e-149
1088	2.42509e-149
1089	8.83599e-150
1090	3.21545e-150
1091	1.16866e-150
1092	4.24225e-151
1093	1.53803e-151
1094	5.5692e-152
1095	2.01411e-152
1096	7.27504e-153
1097	2.62452e-153
1098	9.45641e-154
1099	3.40303e-154
1100	1.22312e-154
1101	4.3907e-155
1102	1.57421e-155
1103	5.63712e-156
1104	2.01612e-156
1105	7.20176e-157
1106	2.56937e-157
1107	9.15546e-158
1108	3.25836e-158
1109	1.1582e-158
1110	4.11185e-159
1111	1.458e-159
1112	5.16348e-160
1113	1.8264e-160
1114	6.45234e-161
1115	2.27671e-161
1116	8.02352e-162
1117	2.82418e-162
1118	9.92859e-163
1119	3.48621e-163
1120	1.22261e-163
1121	4.28247e-164
1122	1.4982e-164
1123	5.235e-165
1124	1.82698e-165
1125	6.36831e-166
1126	2.2171e-166
1127	7.70936e-167
1128	2.67747e-167
1129	9.28759e-168
1130	3.21777e-168
1131	1.11347e-168
1132	3.84838e-169
1133	1.32847e-169
1134	4.58035e-170
1135	1.57732e-170
1136	5.42522e-171
1137	1.86376e-171
1138	6.39496e-172
1139	2.1916e-172
1140	7.50174e-173
1141	2.56471e-173
1142	8.75775e-174
1143	2.98692e-174
1144	1.0175e-174
1145	3.46194e-175
1146	1.17648e-175
1147	3.99326e-176
1148	1.35378e-176
1149	4.58407e-177
1150	1.55036e-177
1151	5.23712e-178
1152	1.76699e-178
1153	5.95463e-179
1154	2.00427e-179
1155	6.73813e-180
1156	2.26258e-180
1157	7.58839e-181
1158	2.54201e-181
1159	8.50526e-182
1160	2.84237e-182
1161	9.48759e-183
1162	3.16312e-183
1163	1.05331e-183
1164	3.50335e-184
1165	1.16384e-184
1166	3.86179e-185
1167	1.27988e-185
1168	4.23675e-186
1169	1.40082e-186
1170	4.62613e-187
1171	1.52595e-187
1172	5.02744e-188
1173	1.6544e-188
1174	5.43779e-189
1175	1.78522e-189
1176	5.85391e-190
1177	1.9173e-190
1178	6.27222e-191
1179	2.04947e-191
1180	6.68882e-192
1181	2.18045e-192
1182	7.09959e-193
1183	2.30892e-193
1184	7.50025e-194
1185	2.4335e-194
1186	7.88639e-195
1187	2.55279e-195
1188	8.25361e-196
1189	2.66541e-196
1190	8.59755e-197
1191	2.76999e-197
1192	8.91402e-198
1193	2.86524e-198
1194	9.19902e-199
1195	2.94995e-199
1196	9.44892e-200
1197	3.02303e-200
1198	9.66045e-201
1199	3.08352e-201
1200	9.83081e-202
1201	3.1306e-202
1202	9.95773e-203
1203	3.16365e-203
1204	1.00395e-203
1205	3.18224e-204
1206	1.00751e-204
1207	3.18612e-205
1208	1.0064e-205
1209	3.17526e-206
1210	1.00065e-206
1211	3.14981e-207
1212	9.90339e-208
1213	3.11015e-208
1214	9.75614e-209
1215	3.05684e-209
1216	9.56681e-210
1217	2.99062e-210
1218	9.338e-211
1219	2.91237e-211
1220	9.07277e-212
1221	2.82315e-212
1222	8.77461e-213
1223	2.7241e-213
1224	8.44733e-214
1225	2.61648e-214
1226	8.09501e-215
1227	2.50161e-215
1228	7.7219e-216
1229	2.38084e-216
1230	7.33231e-217
1231	2.25556e-217
1232	6.9306e-218
1233	2.12712e-218
1234	6.52102e-219
1235	1.99684e-219
1236	6.1077e-220
1237	1.86602e-220
1238	5.69454e-221
1239	1.73583e-221
1240	5.2852e-222
1241	1.60739e-222
1242	4.88301e-223
1243	1.4817e-223
1244	4.49097e-224
1245	1.35965e-224
1246	4.11169e-225
1247	1.242e-225
1248	3.7474e-226
1249	1.1294e-226
1250	3.39995e-227
1251	1.02236e-227
1252	3.07078e-228
1253	9.21298e-229
1254	2.76097e-229
1255	8.26479e-230
1256	2.47122e-230
1257	7.38079e-231
1258	2.20193e-231
1259	6.56169e-232
1260	1.95316e-232
1261	5.80727e-233
1262	1.72471e-233
1263	5.11651e-234
1264	1.51615e-234
1265	4.4877e-235
1266	1.32684e-235
1267	3.91853e-236
1268	1.15596e-236
1269	3.40624e-237
1270	1.00258e-237
1271	2.94768e-238
1272	8.65674e-239
1273	2.53946e-239
1274	7.44122e-240
1275	2.17802e-240
1276	6.36786e-241
1277	1.85969e-241
1278	5.42505e-242
1279	1.58082e-242
1280	4.60126e-243
1281	1.33779e-243
1282	3.88522e-244
1283	1.12709e-244
1284	3.26603e-245
1285	9.45363e-246
1286	2.73335e-246
1287	7.8942e-247
1288	2.2774e-247
1289	6.5628e-248
1290	1.88911e-248
1291	5.43181e-249
1292	1.56009e-249
1293	4.47585e-250
1294	1.28269e-250
1295	3.67185e-251
1296	1.04995e-251
1297	2.99898e-252
1298	8.55653e-253
1299	2.43862e-253
1300	6.9424e-254
1301	1.97423e-254
1302	5.60798e-255
1303	1.59124e-255
1304	4.51013e-256
1305	1.27692e-256
1306	3.61127e-257
1307	1.02019e-257
1308	2.87887e-258
1309	8.11497e-259
1310	2.28494e-259
1311	6.42669e-260
1312	1.80561e-260
1313	5.06737e-261
1314	1.42058e-261
1315	3.9781e-262
1316	1.11278e-262
1317	3.10933e-263
1318	8.67859e-264
1319	2.41968e-264
1320	6.73895e-265
1321	1.87479e-265
1322	5.21e-266
1323	1.44627e-266
1324	4.01041e-267
1325	1.11085e-267
1326	3.0736e-268
1327	8.49507e-269
1328	2.34539e-269
1329	6.46828e-270
1330	1.78193e-270
1331	4.90369e-271
1332	1.34798e-271
1333	3.70143e-272
1334	1.01528e-272
1335	2.78184e-273
1336	7.61389e-274
1337	2.08167e-274
1338	5.68519e-275
1339	1.55099e-275
1340	4.22671e-276
1341	1.15061e-276
1342	3.12883e-277
1343	8.49899e-278
1344	2.30613e-278
1345	6.25075e-279
1346	1.69243e-279
1347	4.57744e-280
1348	1.2367e-280
1349	3.33764e-281
1350	8.99803e-282
1351	2.42319e-282
1352	6.51868e-283
1353	1.75172e-283
1354	4.70223e-284
1355	1.26089e-284
1356	3.37739e-285
1357	9.03692e-286
1358	2.41543e-286
1359	6.44914e-287
1360	1.72006e-287
1361	4.58269e-288
1362	1.21964e-288
1363	3.24249e-289
1364	8.61114e-290
1365	2.28443e-290
1366	6.05384e-291
1367	1.60258e-291
1368	4.23785e-292
1369	1.11946e-292
1370	2.95396e-293
1371	7.78645e-294
1372	2.05027e-294
1373	5.39287e-295
1374	1.41699e-295
1375	3.7192e-296
1376	9.7515e-297
1377	2.55406e-297
1378	6.68234e-298
1379	1.74648e-298
1380	4.55973e-299
1381	1.18919e-299
1382	3.09816e-300
1383	8.06299e-301
1384	2.09617e-301
1385	5.44374e-302
1386	1.41224e-302
1387	3.6598e-303
1388	9.47431e-304
1389	2.45007e-304
1390	6.32921e-305
1391	1.63328e-305
1392	4.21031e-306
1393	1.0842e-306
1394	2.78897e-307
1395	7.16672e-308
1396	1.83967e-308
1397	4.71736e-309
1398	1.20838e-309
1399	3.09205e-310
1400	7.90377e-311
1401	2.0182e-311
1402	5.14799e-312
1403	1.31176e-312
1404	3.33897e-313
1405	8.49015e-314
1406	2.15656e-314
1407	5.47208e-315
1408	1.38703e-315
1409	3.51208e-316
1410	8.88357e-317
1411	2.24468e-317
1412	5.66588e-318
1413	1.42865e-318
1414	3.59853e-319
1415	9.05474e-320
1416	2.27616e-320
1417	5.71634e-321
1418	1.43279e-321
1419	3.60668e-322
1420	8.89318e-323
1421	2.47033e-323
1422	4.94066e-324
1423	0
1424	0
1425	0
1426	0
1427	0
1428	0
1429	0
1430	0
1431	0
1432	0
1433	0
1434	0
1435	0
1436	0
1437	0
1438	0
1439	0
1440	0
1441	0
1442	0
1443	0
1444	0
1445	0
1446	0
1447	0
1448	0
1449	0
1450	0
1451	0
1452	0
1453	0
1454	0
1455	0
1456	0
1457	0
1458	0
1459	0
1460	0
1461	0
1462	0
1463	0
1464	0
1465	0
1466	0
1467	0
1468	0
1469	0
1470	0
1471	0
1472	0
1473	0
1474	0
1475	0
1476	0
1477	0
1478	0
1479	0
1480	0
1481	0
1482	0
1483	0
1484	0
1485	0
1486	0
1487	0
1488	0
1489	0
1490	0
1491	0
1492	0
1493	0
1494	0
1495	0
1496	0
1497	0
1498	0
1499	0
1500	0
1501	0
1502	0
1503	0
1504	0
1505	0
1506	0
1507	0
1508	0
1509	0
1510	0
1511	0
1512	0
1513	0
1514	0
1515	0
1516	0
1517	0
1518	0
1519	0
1520	0
1521	0
1522	0
1523	0
1524	0
1525	0
1526	0
1527	0
1528	0
1529	0
1530	0
1531	0
1532	0
1533	0
1534	0
1535	0
1536	0
1537	0
1538	0
1539	0
1540	0
1541	0
1542	0
1543	0
1544	0
1545	0
1546	0
1547	0
1548	0
1549	0
1550	0
1551	0
1552	0
1553	0
1554	0
1555	0
1556	0
1557	0
1558	0
1559	0
1560	0
1561	0
1562	0
1563	0
1564	0
1565	0
1566	0
1567	0
1568	0
1569	0
1570	0
1571	0
1572	0
1573	0
1574	0
1575	0
1576	0
1577	0
1578	0
1579	0
1580	0
1581	0
1582	0
1583	0
1584	0
1585	0
1586	0
1587	0
1588	0
1589	0
1590	0
1591	0
1592	0
1593	0
1594	0
1595	0
1596	0
1597	0
1598	0
1599	0
1600	0
1601	0
1602	0
1603	0
1604	0
1605	0
1606	0
1607	0
1608	0
1609	0
1610	0
1611	0
1612	0
1613	0
1614	0
1615	0
1616	0
1617	0
1618	0
1619	0
1620	0
1621	0
1622	0
1623	0
1624	0
1625	0
1626	0
1627	0
1628	0
1629	0
1630	0
1631	0
1632	0
1633	0
1634	0
1635	0
1636	0
1637	0
1638	0
1639	0
1640	0
1641	0
1642	0
1643	0
1644	0
1645	0
1646	0
1647	0
1648	0
1649	0
1650	0
1651	0
1652	0
1653	0
1654	0
1655	0
1656	0
1657	0
1658	0
1659	0
1660	0
1661	0
1662	0
1663	0
1664	0
1665	0
1666	0
1667	0
1668	0
1669	0
1670	0
1671	0
1672	0
1673	0
1674	0
1675	0
1676	0
1677	0
1678	0
1679	0
1680	0
1681	0
1682	0
1683	0
1684	0
1685	0
1686	0
1687	0
1688	0
1689	0
1690	0
1691	0
1692	0
1693	0
1694	0
1695	0
1696	0
1697	0
1698	0
1699	0
1700	0
1701	0
1702	0
1703	0
1704	0
1705	0
1706	0
1707	0
1708	0
1709	0
1710	0
1711	0
1712	0
1713	0
1714	0
1715	0
1716	0
1717	0
1718	0
1719	0
1720	0
1721	0
1722	0
1723	0
1724	0
1725	0
1726	0
1727	0
1728	0
1729	0
1730	0
1731	0
1732	0
1733	0
1734	0
1735	0
1736	0
1737	0
1738	0
1739	0
1740	0
1741	0
1742	0
1743	0
1744	0
1745	0
1746	0
1747	0
1748	0
1749	0
1750	0
1751	0
1752	0
1753	0
1754	0
1755	0
1756	0
1757	0
1758	0
1759	0
1760	0
1761	0
1762	0
1763	0
1764	0
1765	0
1766	0
1767	0
1768	0
1769	0
1770	0
1771	0
1772	0
1773	0
1774	0
1775	0
1776	0
1777	0
1778	0
1779	0
1780	0
1781	0
1782	0
1783	0
1784	0
1785	0
1786	0
1787	0
1788	0
1789	0
1790	0
1791	0
1792	0
1793	0
1794	0
1795	0
1796	0
1797	0
1798	0
1799	0
1800	0
1801	0
1802	0
1803	0
1804	0
1805	0
1806	0
1807	0
1808	0
1809	0
1810	0
1811	0
1812	0
1813	0
1814	0
1815	0
1816	0
1817	0
1818	0
1819	0
1820	0
1821	0
1822	0
1823	0
1824	0
1825	0
1826	0
1827	0
1828	0
1829	0
1830	0
1831	0
1832	0
1833	0
1834	0
1835	0
1836	0
1837	0
1838	0
1839	0
1840	0
1841	0
1842	0
1843	0
1844	0
1845	0
1846	0
1847	0
1848	0
1849	0
1850	0
1851	0
1852	0
1853	0
1854	0
1855	0
1856	0
1857	0
1858	0
1859	0
1860	0
1861	0
1862	0
1863	0
1864	0
1865	0
1866	0
1867	0
1868	0
1869	0
1870	0
1871	0
1872	0
1873	0
1874	0
1875	0
1876	0
1877	0
1878	0
1879	0
1880	0
1881	0
1882	0
1883	0
1884	0
1885	0
1886	0
1887	0
1888	0
1889	0
1890	0
1891	0
1892	0
1893	0
1894	0
1895	0
1896	0
1897	0
1898	0
1899	0
1900	0
1901	0
1902	0
1903	0
1904	0
1905	0
1906	0
1907	0
1908	0
1909	0
1910	0
1911	0
1912	0
1913	0
1914	0
1915	0
1916	0
1917	0
1918	0
1919	0
1920	0
1921	0
1922	0
1923	0
1924	0
1925	0
1926	0
1927	0
1928	0
1929	0
1930	0
1931	0
1932	0
1933	0
1934	0
1935	0
1936	0
1937	0
1938	0
1939	0
1940	0
1941	0
1942	0
1943	0
1944	0
1945	0
1946	0
1947	0
1948	0
1949	0
1950	0
1951	0
1952	0
1953	0
1954	0
1955	0
1956	0
1957	0
1958	0
1959	0
1960	0
1961	0
1962	0
1963	0
1964	0
1965	0
1966	0
1967	0
1968	0
1969	0
1970	0
1971	0
1972	0
1973	0
1974	0
1975	0
1976	0
1977	0
1978	0
1979	0
1980	0
1981	0
1982	0
1983	0
1984	0
1985	0
1986	0
1987	0
1988	0
1989	0
1990	0
1991	0
1992	0
1993	0
1994	0
1995	0
1996	0
1997	0
1998	0
1999	0
2000	0
2001	0
2002	0
2003	0
2004	0
2005	0
2006	0
2007	0
2008	0
2009	0
2010	0
2011	0
2012	0
2013	0
2014	0
2015	0
2016	0
2017	0
2018	0
2019	0
2020	0
2021	0
2022	0
2023	0
2024	0
2025	0
2026	0
2027	0
2028	0
2029	0
2030	0
2031	0
2032	0
2033	0
2034	0
2035	0
2036	0
2037	0
2038	0
2039	0
2040	0
2041	0
2042	0
2043	0
2044	0
2045	0
2046	0
2047	0
2048	0
2049	0
2050	0
2051	0
2052	0
2053	0
2054	0
2055	0
2056	0
2057	0
2058	0
2059	0
2060	0
2061	0
2062	0
2063	0
2064	0
2065	0
2066	0
2067	0
2068	0
2069	0
2070	0
2071	0
2072	0
2073	0
2074	0
2075	0
2076	0
2077	0
2078	0
2079	0
2080	0
2081	0
2082	0
2083	0
2084	0
2085	0
2086	0
2087	0
2088	0
2089	0
2090	0
2091	0
2092	0
2093	0
2094	0
2095	0
2096	0
2097	0
2098	0
2099	0
2100	0
2101	0
2102	0
2103	0
2104	0
2105	0
2106	0
2107	0
2108	0
2109	0
2110	0
2111	0
2112	0
2113	0
2114	0
2115	0
2116	0
2117	0
2118	0
2119	0
2120	0
2121	0
2122	0
2123	0
2124	0
2125	0
2126	0
2127	0
2128	0
2129	0
2130	0
2131	0
2132	0
2133	0
2134	0
2135	0
2136	0
2137	0
2138	0
2139	0
2140	0
2141	0
2142	0
2143	0
2144	0
2145	0
2146	0
2147	0
2148	0
2149	0
2150	0
2151	0
2152	0
2153	0
2154	0
2155	0
2156	0
2157	0
2158	0
2159	0
2160	0
2161	0
2162	0
2163	0
2164	0
2165	0
2166	0
2167	0
2168	0
2169	0
2170	0
2171	0
2172	0
2173	0
2174	0
2175	0
2176	0
2177	0
2178	0
2179	0
2180	0
2181	0
2182	0
2183	0
2184	0
2185	0
2186	0
2187	0
2188	0
2189	0
2190	0
2191	0
2192	0
2193	0
2194	0
2195	0
2196	0
2197	0
2198	0
2199	0
2200	0
2201	0
2202	0
2203	0
2204	0
2205	0
2206	0
2207	0
2208	0
2209	0
2210	0
2211	0
2212	0
2213	0
2214	0
2215	0
2216	0
2217	0
2218	0
2219	0
2220	0
2221	0
2222	0
2223	0
2224	0
2225	0
2226	0
2227	0
2228	0
2229	0
2230	0
2231	0
2232	0
2233	0
2234	0
2235	0
2236	0
2237	0
2238	0
2239	0
2240	0
2241	0
2242	0
2243	0
2244	0
2245	0
2246	0
2247	0
2248	0
2249	0
2250	0
2251	0
2252	0
2253	0
2254	0
2255	0
2256	0
2257	0
2258	0
2259	0
2260	0
2261	0
2262	0
2263	0
2264	0
2265	0
2266	0
2267	0
2268	0
2269	0
2270	0
2271	0
2272	0
2273	0
2274	0
2275	0
2276	0
2277	0
2278	0
2279	0
2280	0
2281	0
2282	0
2283	0
2284	0
2285	0
2286	0
2287	0
2288	0
2289	0
2290	0
2291	0
2292	0
2293	0
2294	0
2295	0
2296	0
2297	0
2298	0
2299	0
2300	0
2301	0
2302	0
2303	0
2304	0
2305	0
2306	0
2307	0
2308	0
2309	0
2310	0
2311	0
2312	0
2313	0
2314	0
2315	0
2316	0
2317	0
2318	0
2319	0
2320	0
2321	0
2322	0
2323	0
2324	0
2325	0
2326	0
2327	0
2328	0
2329	0
2330	0
2331	0
2332	0
2333	0
2334	0
2335	0
2336	0
2337	0
2338	0
2339	0
2340	0
2341	0
2342	0
2343	0
2344	0
2345	0
2346	0
2347	0
2348	0
2349	0
2350	0
2351	0
2352	0
2353	0
2354	0
2355	0
2356	0
2357	0
2358	0
2359	0
2360	0
2361	0
2362	0
2363	0
2364	0
2365	0
2366	0
2367	0
2368	0
2369	0
2370	0
2371	0
2372	0
2373	0
2374	0
2375	0
2376	0
2377	0
2378	0
2379	0
2380	0
2381	0
2382	0
2383	0
2384	0
2385	0
2386	0
2387	0
2388	0
2389	0
2390	0
2391	0
2392	0
2393	0
2394	0
2395	0
2396	0
2397	0
2398	0
2399	0
2400	0
2401	0
2402	0
2403	0
2404	0
2405	0
2406	0
2407	0
2408	0
2409	0
2410	0
2411	0
2412	0
2413	0
2414	0
2415	0
2416	0
2417	0
2418	0
2419	0
2420	0
2421	0
2422	0
2423	0
2424	0
2425	0
2426	0
2427	0
2428	0
2429	0
2430	0
2431	0
2432	0
2433	0
2434	0
2435	0
2436	0
2437	0
2438	0
2439	0
2440	0
2441	0
2442	0
2443	0
2444	0
2445	0
2446	0
2447	0
2448	0
2449	0
2450	0
2451	0
2452	0
2453	0
2454	0
2455	0
2456	0
2457	0
2458	0
2459	0
2460	0
2461	0
2462	0
2463	0
2464	0
2465	0
2466	0
2467	0
2468	0
2469	0
2470	0
2471	0
2472	0
2473	0
2474	0
2475	0
2476	0
2477	0
2478	0
2479	0
2480	0
2481	0
2482	0
2483	0
2484	0
2485	0
2486	0
2487	0
2488	0
2489	0
2490	0
2491	0
2492	0
2493	0
2494	0
2495	0
2496	0
2497	0
2498	0
2499	0
2500	0
2501	0
2502	0
2503	0
2504	0
2505	0
2506	0
2507	0
2508	0
2509	0
2510	0
2511	0
2512	0
2513	0
2514	0
2515	0
2516	0
2517	0
2518	0
2519	0
2520	0
2521	0
2522	0
2523	0
2524	0
2525	0
2526	0
2527	0
2528	0
2529	0
2530	0
2531	0
2532	0
2533	0
2534	0
2535	0
2536	0
2537	0
2538	0
2539	0
2540	0
2541	0
2542	0
2543	0
2544	0
2545	0
2546	0
2547	0
2548	0
2549	0
2550	0
2551	0
2552	0
2553	0
2554	0
2555	0
2556	0
2557	0
2558	0
2559	0
2560	0
2561	0
2562	0
2563	0
2564	0
2565	0
2566	0
2567	0
2568	0
2569	0
2570	0
2571	0
2572	0
2573	0
2574	0
2575	0
2576	0
2577	0
2578	0
2579	0
2580	0
2581	0
2582	0
2583	0
2584	0
2585	0
2586	0
2587	0
2588	0
2589	0
2590	0
2591	0
2592	0
2593	0
2594	0
2595	0
2596	0
2597	0
2598	0
2599	0
2600	0
2601	0
2602	0
2603	0
2604	0
2605	0
2606	0
2607	0
2608	0
2609	0
2610	0
2611	0
2612	0
2613	0
2614	0
2615	0
2616	0
2617	0
2618	0
2619	0
2620	0
2621	0
2622	0
2623	0
2624	0
2625	0
2626	0
2627	0
2628	0
2629	0
2630	0
2631	0
2632	0
2633	0
2634	0
2635	0
2636	0
2637	0
2638	0
2639	0
2640	0
2641	0
2642	0
2643	0
2644	0
2645	0
2646	0
2647	0
2648	0
2649	0
2650	0
2651	0
2652	0
2653	0
2654	0
2655	0
2656	0
2657	0
2658	0
2659	0
2660	0
2661	0
2662	0
2663	0
2664	0
2665	0
2666	0
2667	0
2668	0
2669	0
2670	0
2671	0
2672	0
2673	0
2674	0
2675	0
2676	0
2677	0
2678	0
2679	0
2680	0
2681	0
2682	0
2683	0
2684	0
2685	0
2686	0
2687	0
2688	0
2689	0
2690	0
2691	0
2692	0
2693	0
2694	0
2695	0
2696	0
2697	0
2698	0
2699	0
2700	0
2701	0
2702	0
2703	0
2704	0
2705	0
2706	0
2707	0
2708	0
2709	0
2710	0
2711	0
2712	0
2713	0
2714	0
2715	0
2716	0
2717	0
2718	0
2719	0
2720	0
2721	0
2722	0
2723	0
2724	0
2725	0
2726	0
2727	0
2728	0
2729	0
2730	0
2731	0
2732	0
2733	0
2734	0
2735	0
2736	0
2737	0
2738	0
2739	0
2740	0
2741	0
2742	0
2743	0
2744	0
2745	0
2746	0
2747	0
2748	0
2749	0
2750	0
2751	0
2752	0
2753	0
2754	0
2755	0
2756	0
2757	0
2758	0
2759	0
2760	0
2761	0
2762	0
2763	0
2764	0
2765	0
2766	0
2767	0
2768	0
2769	0
2770	0
2771	0
2772	0
2773	0
2774	0
2775	0
2776	0
2777	0
2778	0
2779	0
2780	0
2781	0
2782	0
2783	0
2784	0
2785	0
2786	0
2787	0
2788	0
2789	0
2790	0
2791	0
2792	0
2793	0
2794	0
2795	0
2796	0
2797	0
2798	0
2799	0
2800	0
2801	0
2802	0
2803	0
2804	0
2805	0
2806	0
2807	0
2808	0
2809	0
2810	0
2811	0
2812	0
2813	0
2814	0
2815	0
2816	0
2817	0
2818	0
2819	0
2820	0
2821	0
2822	0
2823	0
2824	0
2825	0
2826	0
2827	0
2828	0
2829	0
2830	0
2831	0
2832	0
2833	0
2834	0
2835	0
2836	0
2837	0
2838	0
2839	0
2840	0
2841	0
2842	0
2843	0
2844	0
2845	0
2846	0
2847	0
2848	0
2849	0
2850	0
2851	0
2852	0
2853	0
2854	0
2855	0
2856	0
2857	0
2858	0
2859	0
2860	0
2861	0
2862	0
2863	0
2864	0
2865	0
2866	0
2867	0
2868	0
2869	0
2870	0
2871	0
2872	0
2873	0
2874	0
2875	0
2876	0
2877	0
2878	0
2879	0
2880	0
2881	0
2882	0
2883	0
2884	0
2885	0
2886	0
2887	0
2888	0
2889	0
2890	0
2891	0
2892	0
2893	0
2894	0
2895	0
2896	0
2897	0
2898	0
2899	0
2900	0
2901	0
2902	0
2903	0
2904	0
2905	0
2906	0
2907	0
2908	0
2909	0
2910	0
2911	0
2912	0
2913	0
2914	0
2915	0
2916	0
2917	0
2918	0
2919	0
2920	0
2921	0
2922	0
2923	0
2924	0
2925	0
2926	0
2927	0
2928	0
2929	0
2930	0
2931	0
2932	0
2933	0
2934	0
2935	0
2936	0
2937	0
2938	0
2939	0
2940	0
2941	0
2942	0
2943	0
2944	0
2945	0
2946	0
2947	0
2948	0
2949	0
2950	0
2951	0
2952	0
2953	0
2954	0
2955	0
2956	0
2957	0
2958	0
2959	0
2960	0
2961	0
2962	0
2963	0
2964	0
2965	0
2966	0
2967	0
2968	0
2969	0
2970	0
2971	0
2972	0
2973	0
2974	0
2975	0
2976	0
2977	0
2978	0
2979	0
2980	0
2981	0
2982	0
2983	0
2984	0
2985	0
2986	0
2987	0
2988	0
2989	0
2990	0
2991	0
2992	0
2993	0
2994	0
2995	0
2996	0
2997	0
2998	0
2999	0
3000	0
3001	0
3002	0
3003	0
3004	0
3005	0
3006	0
3007	0
3008	0
3009	0
3010	0
3011	0
3012	0
3013	0
3014	0
3015	0
3016	0
3017	0
3018	0
3019	0
3020	0
3021	0
3022	0
3023	0
3024	0
3025	0
3026	0
3027	0
3028	0
3029	0
3030	0
3031	0
3032	0
3033	0
3034	0
3035	0
3036	0
3037	0
3038	0
3039	0
3040	0
3041	0
3042	0
3043	0
3044	0
3045	0
3046	0
3047	0
3048	0
3049	0
3050	0
3051	0
3052	0
3053	0
3054	0
3055	0
3056	0
3057	0
3058	0
3059	0
3060	0
3061	0
3062	0
3063	0
3064	0
3065	0
3066	0
3067	0
3068	0
3069	0
3070	0
3071	0
3072	0
3073	0
3074	0
3075	0
3076	0
3077	0
3078	0
3079	0
3080	0
3081	0
3082	0
3083	0
3084	0
3085	0
3086	0
3087	0
3088	0
3089	0
3090	0
3091	0
3092	0
3093	0
3094	0
3095	0
3096	0
3097	0
3098	0
3099	0
3100	0
3101	0
3102	0
3103	0
3104	0
3105	0
3106	0
3107	0
3108	0
3109	0
3110	0
3111	0
3112	0
3113	0
3114	0
3115	0
3116	0
3117	0
3118	0
3119	0
3120	0
3121	0
3122	0
3123	0
3124	0
3125	0
3126	0
3127	0
3128	0
3129	0
3130	0
3131	0
3132	0
3133	0
3134	0
3135	0
3136	0
3137	0
3138	0
3139	0
3140	0
3141	0
3142	0
3143	0
3144	0
3145	0
3146	0
3147	0
3148	0
3149	0
3150	0
3151	0
3152	0
3153	0
3154	0
3155	0
3156	0
3157	0
3158	0
3159	0
3160	0
3161	0
3162	0
3163	0
3164	0
3165	0
3166	0
3167	0
3168	0
3169	0
3170	0
3171	0
3172	0
3173	0
3174	0
3175	0
3176	0
3177	0
3178	0
3179	0
3180	0
3181	0
3182	0
3183	0
3184	0
3185	0
3186	0
3187	0
3188	0
3189	0
3190	0
3191	0
3192	0
3193	0
3194	0
3195	0
3196	0
3197	0
3198	0
3199	0
3200	0
3201	0
3202	0
3203	0
3204	0
3205	0
3206	0
3207	0
3208	0
3209	0
3210	0
3211	0
3212	0
3213	0
3214	0
3215	0
3216	0
3217	0
3218	0
3219	0
3220	0
3221	0
3222	0
3223	0
3224	0
3225	0
3226	0
3227	0
3228	0
3229	0
3230	0
3231	0
3232	0
3233	0
3234	0
3235	0
3236	0
3237	0
3238	0
3239	0
3240	0
3241	0
3242	0
3243	0
3244	0
3245	0
3246	0
3247	0
3248	0
3249	0
3250	0
3251	0
3252	0
3253	0
3254	0
3255	0
3256	0
3257	0
3258	0
3259	0
3260	0
3261	0
3262	0
3263	0
3264	0
3265	0
3266	0
3267	0
3268	0
3269	0
3270	0
3271	0
3272	0
3273	0
3274	0
3275	0
3276	0
3277	0
3278	0
3279	0
3280	0
3281	0
3282	0
3283	0
3284	0
3285	0
3286	0
3287	0
3288	0
3289	0
3290	0
3291	0
3292	0
3293	0
3294	0
3295	0
3296	0
3297	0
3298	0
3299	0
3300	0
3301	0
3302	0
3303	0
3304	0
3305	0
3306	0
3307	0
3308	0
3309	0
3310	0
3311	0
3312	0
3313	0
3314	0
3315	0
3316	0
3317	0
3318	0
3319	0
3320	0
3321	0
3322	0
3323	0
3324	0
3325	0
3326	0
3327	0
3328	0
3329	0
3330	0
3331	0
3332	0
3333	0
3334	0
3335	0
3336	0
3337	0
3338	0
3339	0
3340	0
3341	0
3342	0
3343	0
3344	0
3345	0
3346	0
3347	0
3348	0
3349	0
3350	0
3351	0
3352	0
3353	0
3354	0
3355	0
3356	0
3357	0
3358	0
3359	0
3360	0
3361	0
3362	0
3363	0
3364	0
3365	0
3366	0
3367	0
3368	0
3369	0
3370	0
3371	0
3372	0
3373	0
3374	0
3375	0
3376	0
3377	0
3378	0
3379	0
3380	0
3381	0
3382	0
3383	0
3384	0
3385	0
3386	0
3387	0
3388	0
3389	0
3390	0
3391	0
3392	0
3393	0
3394	0
3395	0
3396	0
3397	0
3398	0
3399	0
3400	0
3401	0
3402	0
3403	0
3404	0
3405	0
3406	0
3407	0
3408	0
3409	0
3410	0
3411	0
3412	0
3413	0
3414	0
3415	0
3416	0
3417	0
3418	0
3419	0
3420	0
3421	0
3422	0
3423	0
3424	0
3425	0
3426	0
3427	0
3428	0
3429	0
3430	0
3431	0
3432	0
3433	0
3434	0
3435	0
3436	0
3437	0
3438	0
3439	0
3440	0
3441	0
3442	0
3443	0
3444	0
3445	0
3446	0
3447	0
3448	0
3449	0
3450	0
3451	0
3452	0
3453	0
3454	0
3455	0
3456	0
3457	0
3458	0
3459	0
3460	0
3461	0
3462	0
3463	0
3464	0
3465	0
3466	0
3467	0
3468	0
3469	0
3470	0
3471	0
3472	0
3473	0
3474	0
3475	0
3476	0
3477	0
3478	0
3479	0
3480	0
3481	0
3482	0
3483	0
3484	0
3485	0
3486	0
3487	0
3488	0
3489	0
3490	0
3491	0
3492	0
3493	0
3494	0
3495	0
3496	0
3497	0
3498	0
3499	0
3500	0
3501	0
3502	0
3503	0
3504	0
3505	0
3506	0
3507	0
3508	0
3509	0
3510	0
3511	0
3512	0
3513	0
3514	0
3515	0
3516	0
3517	0
3518	0
3519	0
3520	0
3521	0
3522	0
3523	0
3524	0
3525	0
3526	0
3527	0
3528	0
3529	0
3530	0
3531	0
3532	0
3533	0
3534	0
3535	0
3536	0
3537	0
3538	0
3539	0
3540	0
3541	0
3542	0
3543	0
3544	0
3545	0
3546	0
3547	0
3548	0
3549	0
3550	0
3551	0
3552	0
3553	0
3554	0
3555	0
3556	0
3557	0
3558	0
3559	0
3560	0
3561	0
3562	0
3563	0
3564	0
3565	0
3566	0
3567	0
3568	0
3569	0
3570	0
3571	0
3572	0
3573	0
3574	0
3575	0
3576	0
3577	0
3578	0
3579	0
3580	0
3581	0
3582	0
3583	0
3584	0
3585	0
3586	0
3587	0
3588	0
3589	0
3590	0
3591	0
3592	0
3593	0
3594	0
3595	0
3596	0
3597	0
3598	0
3599	0
3600	0
3601	0
3602	0
3603	0
3604	0
3605	0
3606	0
3607	0
3608	0
3609	0
3610	0
3611	0
3612	0
3613	0
3614	0
3615	0
3616	0
3617	0
3618	0
3619	0
3620	0
3621	0
3622	0
3623	0
3624	0
3625	0
3626	0
3627	0
3628	0
3629	0
3630	0
3631	0
3632	0
3633	0
3634	0
3635	0
3636	0
3637	0
3638	0
3639	0
3640	0
3641	0
3642	0
3643	0
3644	0
3645	0
3646	0
3647	0
3648	0
3649	0
3650	0
3651	0
3652	0
3653	0
3654	0
3655	0
3656	0
3657	0
3658	0
3659	0
3660	0
3661	0
3662	0
3663	0
3664	0
3665	0
3666	0
3667	0
3668	0
3669	0
3670	0
3671	0
3672	0
3673	0
3674	0
3675	0
3676	0
3677	0
3678	0
3679	0
3680	0
3681	0
3682	0
3683	0
3684	0
3685	0
3686	0
3687	0
3688	0
3689	0
3690	0
3691	0
3692	0
3693	0
3694	0
3695	0
3696	0
3697	0
3698	0
3699	0
3700	0
3701	0
3702	0
3703	0
3704	0
3705	0
3706	0
3707	0
3708	0
3709	0
3710	0
3711	0
3712	0
3713	0
3714	0
3715	0
3716	0
3717	0
3718	0
3719	0
3720	0
3721	0
3722	0
3723	0
3724	0
3725	0
3726	0
3727	0
3728	0
3729	0
3730	0
3731	0
3732	0
3733	0
3734	0
3735	0
3736	0
3737	0
3738	0
3739	0
3740	0
3741	0
3742	0
3743	0
3744	0
3745	0
3746	0
3747	0
3748	0
3749	0
3750	0
3751	0
3752	0
3753	0
3754	0
3755	0
3756	0
3757	0
3758	0
3759	0
3760	0
3761	0
3762	0
3763	0
3764	0
3765	0
3766	0
3767	0
3768	0
3769	0
3770	0
3771	0
3772	0
3773	0
3774	0
3775	0
3776	0
3777	0
3778	0
3779	0
3780	0
3781	0
3782	0
3783	0
3784	0
3785	0
3786	0
3787	0
3788	0
3789	0
3790	0
3791	0
3792	0
3793	0
3794	0
3795	0
3796	0
3797	0
3798	0
3799	0
3800	0
3801	0
3802	0
3803	0
3804	0
3805	0
3806	0
3807	0
3808	0
3809	0
3810	0
3811	0
3812	0
3813	0
3814	0
3815	0
3816	0
3817	0
3818	0
3819	0
3820	0
3821	0
3822	0
3823	0
3824	0
3825	0
3826	0
3827	0
3828	0
3829	0
3830	0
3831	0
3832	0
3833	0
3834	0
3835	0
3836	0
3837	0
3838	0
3839	0
3840	0
3841	0
3842	0
3843	0
3844	0
3845	0
3846	0
3847	0
3848	0
3849	0
3850	0
3851	0
3852	0
3853	0
3854	0
3855	0
3856	0
3857	0
3858	0
3859	0
3860	0
3861	0
3862	0
3863	0
3864	0
3865	0
3866	0
3867	0
3868	0
3869	0
3870	0
3871	0
3872	0
3873	0
3874	0
3875	0
3876	0
3877	0
3878	0
3879	0
3880	0
3881	0
3882	0
3883	0
3884	0
3885	0
3886	0
3887	0
3888	0
3889	0
3890	0
3891	0
3892	0
3893	0
3894	0
3895	0
3896	0
3897	0
3898	0
3899	0
3900	0
3901	0
3902	0
3903	0
3904	0
3905	0
3906	0
3907	0
3908	0
3909	0
3910	0
3911	0
3912	0
3913	0
3914	0
3915	0
3916	0
3917	0
3918	0
3919	0
3920	0
3921	0
3922	0
3923	0
3924	0
3925	0
3926	0
3927	0
3928	0
3929	0
3930	0
3931	0
3932	0
3933	0
3934	0
3935	0
3936	0
3937	0
3938	0
3939	0
3940	0
3941	0
3942	0
3943	0
3944	0
3945	0
3946	0
3947	0
3948	0
3949	0
3950	0
3951	0
3952	0
3953	0
3954	0
3955	0
3956	0
3957	0
3958	0
3959	0
3960	0
3961	0
3962	0
3963	0
3964	0
3965	0
3966	0
3967	0
3968	0
3969	0
3970	0
3971	0
3972	0
3973	0
3974	0
3975	0
3976	0
3977	0
3978	0
3979	0
3980	0
3981	0
3982	0
3983	0
3984	0
3985	0
3986	0
3987	0
3988	0
3989	0
3990	0
3991	0
3992	0
3993	0
3994	0
3995	0
3996	0
3997	0
3998	0
3999	0
4000	0
4001	0
4002	0
4003	0
4004	0
4005	0
4006	0
4007	0
4008	0
4009	0
4010	0
4011	0
4012	0
4013	0
4014	0
4015	0
4016	0
4017	0
4018	0
4019	0
4020	0
4021	0
4022	0
4023	0
4024	0
4025	0
4026	0
4027	0
4028	0
4029	0
4030	0
4031	0
4032	0
4033	0
4034	0
4035	0
4036	0
4037	0
4038	0
4039	0
4040	0
4041	0
4042	0
4043	0
4044	0
4045	0
4046	0
4047	0
4048	0
4049	0
4050	0
4051	0
4052	0
4053	0
4054	0
4055	0
4056	0
4057	0
4058	0
4059	0
4060	0
4061	0
4062	0
4063	0
4064	0
4065	0
4066	0
4067	0
4068	0
4069	0
4070	0
4071	0
4072	0
4073	0
4074	0
4075	0
4076	0
4077	0
4078	0
4079	0
4080	0
4081	0
4082	0
4083	0
4084	0
4085	0
4086	0
4087	0
4088	0
4089	0
4090	0
4091	0
4092	0
4093	0
4094	0
4095	0
4096	0
4097	0
4098	0
4099	0
4100	0
4101	0
4102	0
4103	0
4104	0
4105	0
4106	0
4107	0
4108	0
4109	0
4110	0
4111	0
4112	0
4113	0
4114	0
4115	0
4116	0
4117	0
4118	0
4119	0
4120	0
4121	0
4122	0
4123	0
4124	0
4125	0
4126	0
4127	0
4128	0
4129	0
4130	0
4131	0
4132	0
4133	0
4134	0
4135	0
4136	0
4137	0
4138	0
4139	0
4140	0
4141	0
4142	0
4143	0
4144	0
4145	0
4146	0
4147	0
4148	0
4149	0
4150	0
4151	0
4152	0
4153	0
4154	0
4155	0
4156	0
4157	0
4158	0
4159	0
4160	0
4161	0
4162	0
4163	0
4164	0
4165	0
4166	0
4167	0
4168	0
4169	0
4170	0
4171	0
4172	0
4173	0
4174	0
4175	0
4176	0
4177	0
4178	0
4179	0
4180	0
4181	0
4182	0
4183	0
4184	0
4185	0
4186	0
4187	0
4188	0
4189	0
4190	0
4191	0
4192	0
4193	0
4194	0
4195	0
4196	0
4197	0
4198	0
4199	0
4200	0
4201	0
4202	0
4203	0
4204	0
4205	0
4206	0
4207	0
4208	0
4209	0
4210	0
4211	0
4212	0
4213	0
4214	0
4215	0
4216	0
4217	0
4218	0
4219	0
4220	0
4221	0
4222	0
4223	0
4224	0
4225	0
4226	0
4227	0
4228	0
4229	0
4230	0
4231	0
4232	0
4233	0
4234	0
4235	0
4236	0
4237	0
4238	0
4239	0
4240	0
4241	0
4242	0
4243	0
4244	0
4245	0
4246	0
4247	0
4248	0
4249	0
4250	0
4251	0
4252	0
4253	0
4254	0
4255	0
4256	0
4257	0
4258	0
4259	0
4260	0
4261	0
4262	0
4263	0
4264	0
4265	0
4266	0
4267	0
4268	0
4269	0
4270	0
4271	0
4272	0
4273	0
4274	0
4275	0
4276	0
4277	0
4278	0
4279	0
4280	0
4281	0
4282	0
4283	0
4284	0
4285	0
4286	0
4287	0
4288	0
4289	0
4290	0
4291	0
4292	0
4293	0
4294	0
4295	0
4296	0
4297	0
4298	0
4299	0
4300	0
4301	0
4302	0
4303	0
4304	0
4305	0
4306	0
4307	0
4308	0
4309	0
4310	0
4311	0
4312	0
4313	0
4314	0
4315	0
4316	0
4317	0
4318	0
4319	0
4320	0
4321	0
4322	0
4323	0
4324	0
4325	0
4326	0
4327	0
4328	0
4329	0
4330	0
4331	0
4332	0
4333	0
4334	0
4335	0
4336	0
4337	0
4338	0
4339	0
4340	0
4341	0
4342	0
4343	0
4344	0
4345	0
4346	0
4347	0
4348	0
4349	0
4350	0
4351	0
4352	0
4353	0
4354	0
4355	0
4356	0
4357	0
4358	0
4359	0
4360	0
4361	0
4362	0
4363	0
4364	0
4365	0
4366	0
4367	0
4368	0
4369	0
4370	0
4371	0
4372	0
4373	0
4374	0
4375	0
4376	0
4377	0
4378	0
4379	0
4380	0
4381	0
4382	0
4383	0
4384	0
4385	0
4386	0
4387	0
4388	0
4389	0
4390	0
4391	0
4392	0
4393	0
4394	0
4395	0
4396	0
4397	0
4398	0
4399	0
4400	0
4401	0
4402	0
4403	0
4404	0
4405	0
4406	0
4407	0
4408	0
4409	0
4410	0
4411	0
4412	0
4413	0
4414	0
4415	0
4416	0
4417	0
4418	0
4419	0
4420	0
4421	0
4422	0
4423	0
4424	0
4425	0
4426	0
4427	0
4428	0
4429	0
4430	0
4431	0
4432	0
4433	0
4434	0
4435	0
4436	0
4437	0
4438	0
4439	0
4440	0
4441	0
4442	0
4443	0
4444	0
4445	0
4446	0
4447	0
4448	0
4449	0
4450	0
4451	0
4452	0
4453	0
4454	0
4455	0
4456	0
4457	0
4458	0
4459	0
4460	0
4461	0
4462	0
4463	0
4464	0
4465	0
4466	0
4467	0
4468	0
4469	0
4470	0
4471	0
4472	0
4473	0
4474	0
4475	0
4476	0
4477	0
4478	0
4479	0
4480	0
4481	0
4482	0
4483	0
4484	0
4485	0
4486	0
4487	0
4488	0
4489	0
4490	0
4491	0
4492	0
4493	0
4494	0
4495	0
4496	0
4497	0
4498	0
4499	0
4500	0
4501	0
4502	0
4503	0
4504	0
4505	0
4506	0
4507	0
4508	0
4509	0
4510	0
4511	0
4512	0
4513	0
4514	0
4515	0
4516	0
4517	0
4518	0
4519	0
4520	0
4521	0
4522	0
4523	0
4524	0
4525	0
4526	0
4527	0
4528	0
4529	0
4530	0
4531	0
4532	0
4533	0
4534	0
4535	0
4536	0
4537	0
4538	0
4539	0
4540	0
4541	0
4542	0
4543	0
4544	0
4545	0
4546	0
4547	0
4548	0
4549	0
4550	0
4551	0
4552	0
4553	0
4554	0
4555	0
4556	0
4557	0
4558	0
4559	0
4560	0
4561	0
4562	0
4563	0
4564	0
4565	0
4566	0
4567	0
4568	0
4569	0
4570	0
4571	0
4572	0
4573	0
4574	0
4575	0
4576	0
4577	0
4578	0
4579	0
4580	0
4581	0
4582	0
4583	0
4584	0
4585	0
4586	0
4587	0
4588	0
4589	0
4590	0
4591	0
4592	0
4593	0
4594	0
4595	0
4596	0
4597	0
4598	0
4599	0
4600	0
4601	0
4602	0
4603	0
4604	0
4605	0
4606	0
4607	0
4608	0
4609	0
4610	0
4611	0
4612	0
4613	0
4614	0
4615	0
4616	0
4617	0
4618	0
4619	0
4620	0
4621	0
4622	0
4623	0
4624	0
4625	0
4626	0
4627	0
4628	0
4629	0
4630	0
4631	0
4632	0
4633	0
4634	0
4635	0
4636	0
4637	0
4638	0
4639	0
4640	0
4641	0
4642	0
4643	0
4644	0
4645	0
4646	0
4647	0
4648	0
4649	0
4650	0
4651	0
4652	0
4653	0
4654	0
4655	0
4656	0
4657	0
4658	0
4659	0
4660	0
4661	0
4662	0
4663	0
4664	0
4665	0
4666	0
4667	0
4668	0
4669	0
4670	0
4671	0
4672	0
4673	0
4674	0
4675	0
4676	0
4677	0
4678	0
4679	0
4680	0
4681	0
4682	0
4683	0
4684	0
4685	0
4686	0
4687	0
4688	0
4689	0
4690	0
4691	0
4692	0
4693	0
4694	0
4695	0
4696	0
4697	0
4698	0
4699	0
4700	0
4701	0
4702	0
4703	0
4704	0
4705	0
4706	0
4707	0
4708	0
4709	0
4710	0
4711	0
4712	0
4713	0
4714	0
4715	0
4716	0
4717	0
4718	0
4719	0
4720	0
4721	0
4722	0
4723	0
4724	0
4725	0
4726	0
4727	0
4728	0
4729	0
4730	0
4731	0
4732	0
4733	0
4734	0
4735	0
4736	0
4737	0
4738	0
4739	0
4740	0
4741	0
4742	0
4743	0
4744	0
4745	0
4746	0
4747	0
4748	0
4749	0
4750	0
4751	0
4752	0
4753	0
4754	0
4755	0
4756	0
4757	0
4758	0
4759	0
4760	0
4761	0
4762	0
4763	0
4764	0
4765	0
4766	0
4767	0
4768	0
4769	0
4770	0
4771	0
4772	0
4773	0
4774	0
4775	0
4776	0
4777	0
4778	0
4779	0
4780	0
4781	0
4782	0
4783	0
4784	0
4785	0
4786	0
4787	0
4788	0
4789	0
4790	0
4791	0
4792	0
4793	0
4794	0
4795	0
4796	0
4797	0
4798	0
4799	0
4800	0
4801	0
4802	0
4803	0
4804	0
4805	0
4806	0
4807	0
4808	0
4809	0
4810	0
4811	0
4812	0
4813	0
4814	0
4815	0
4816	0
4817	0
4818	0
4819	0
4820	0
4821	0
4822	0
4823	0
4824	0
4825	0
4826	0
4827	0
4828	0
4829	0
4830	0
4831	0
4832	0
4833	0
4834	0
4835	0
4836	0
4837	0
4838	0
4839	0
4840	0
4841	0
4842	0
4843	0
4844	0
4845	0
4846	0
4847	0
4848	0
4849	0
4850	0
4851	0
4852	0
4853	0
4854	0
4855	0
4856	0
4857	0
4858	0
4859	0
4860	0
4861	0
4862	0
4863	0
4864	0
4865	0
4866	0
4867	0
4868	0
4869	0
4870	0
4871	0
4872	0
4873	0
4874	0
4875	0
4876	0
4877	0
4878	0
4879	0
4880	0
4881	0
4882	0
4883	0
4884	0
4885	0
4886	0
4887	0
4888	0
4889	0
4890	0
4891	0
4892	0
4893	0
4894	0
4895	0
4896	0
4897	0
4898	0
4899	0
4900	0
4901	0
4902	0
4903	0
4904	0
4905	0
4906	0
4907	0
4908	0
4909	0
4910	0
4911	0
4912	0
4913	0
4914	0
4915	0
4916	0
4917	0
4918	0
4919	0
4920	0
4921	0
4922	0
4923	0
4924	0
4925	0
4926	0
4927	0
4928	0
4929	0
4930	0
4931	0
4932	0
4933	0
4934	0
4935	0
4936	0
4937	0
4938	0
4939	0
4940	0
4941	0
4942	0
4943	0
4944	0
4945	0
4946	0
4947	0
4948	0
4949	0
4950	0
4951	0
4952	0
4953	0
4954	0
4955	0
4956	0
4957	0
4958	0
4959	0
4960	0
4961	0
4962	0
4963	0
4964	0
4965	0
4966	0
4967	0
4968	0
4969	0
4970	0
4971	0
4972	0
4973	0
4974	0
4975	0
4976	0
4977	0
4978	0
4979	0
4980	0
4981	0
4982	0
4983	0
4984	0
4985	0
4986	0
4987	0
4988	0
4989	0
4990	0
4991	0
4992	0
4993	0
4994	0
