k	pvalue
0	1
1	0.992923
2	0.956324
3	0.863362
4	0.70876
5	0.519406
6	0.337261
7	0.193947
8	0.0990976
9	0.0452082
10	0.0185124
11	0.00684051
12	0.00229216
13	0.000699684
14	0.000195361
15	5.00783e-05
16	1.18241e-05
17	2.57911e-06
18	5.21066e-07
19	9.77357e-08
20	1.70552e-08
21	2.77404e-09
22	4.21244e-10
23	5.98082e-11
24	7.94976e-12
25	9.90401e-13
26	1.15762e-13
27	1.27055e-14
28	1.31043e-15
29	1.27087e-16
30	1.15952e-17
31	9.95692e-19
32	8.04958e-20
33	6.12794e-21
34	4.39337e-22
35	2.96641e-23
36	1.88617e-24
37	1.1292e-25
38	6.36341e-27
39	3.37424e-28
40	1.68278e-29
41	7.88856e-31
42	3.47372e-32
43	1.43574e-33
44	5.56472e-35
45	2.02047e-36
46	6.86424e-38
47	2.17917e-39
48	6.45518e-41
49	1.78126e-42
50	4.57036e-44
51	1.08815e-45
52	2.39854e-47
53	4.88232e-49
54	9.15154e-51
55	1.57462e-52
56	2.47817e-54
57	3.55332e-56
58	4.621e-58
59	5.42294e-60
60	5.70986e-62
61	5.35847e-64
62	4.44812e-66
63	3.23734e-68
64	2.04434e-70
65	1.10633e-72
66	5.05408e-75
67	1.91303e-77
68	5.85825e-80
69	1.40611e-82
70	2.52983e-85
71	3.18562e-88
72	2.48506e-91
73	8.9687e-95
74	1.41926e-186
75	1.41926e-186
76	1.41926e-186
77	1.41926e-186
78	1.41926e-186
79	1.41926e-186
80	1.41926e-186
81	1.41926e-186
82	1.41926e-186
83	1.41926e-186
84	1.41926e-186
85	1.41926e-186
86	1.41926e-186
87	1.41926e-186
88	1.41926e-186
89	1.41926e-186
90	1.41926e-186
91	1.41926e-186
92	1.41926e-186
93	1.41926e-186
94	1.41926e-186
95	1.41926e-186
96	1.41926e-186
97	1.41926e-186
98	1.41926e-186
99	1.41926e-186
100	1.41926e-186
101	1.41926e-186
102	1.41926e-186
103	1.41926e-186
104	1.41926e-186
105	1.41926e-186
106	1.41926e-186
107	1.41926e-186
108	1.41926e-186
109	1.41926e-186
110	1.41926e-186
111	1.41926e-186
112	1.41926e-186
113	1.41926e-186
114	1.41926e-186
115	1.41926e-186
116	1.41926e-186
117	1.41926e-186
118	1.41926e-186
119	1.41926e-186
120	1.41926e-186
121	1.41926e-186
122	1.41926e-186
123	1.41926e-186
124	1.41926e-186
125	1.41926e-186
126	1.41926e-186
127	1.41926e-186
128	1.41926e-186
129	1.41926e-186
130	1.41926e-186
131	1.41926e-186
132	1.41926e-186
133	1.41926e-186
134	1.41926e-186
135	1.41926e-186
136	1.41926e-186
137	1.41926e-186
138	1.41926e-186
139	1.41926e-186
140	1.41926e-186
141	1.41926e-186
142	1.41926e-186
143	1.41926e-186
144	1.41926e-186
145	1.41926e-186
146	1.41926e-186
147	1.41926e-186
148	1.41926e-186
149	1.41926e-186
150	1.41926e-186
151	1.41926e-186
152	1.41926e-186
153	1.41926e-186
154	1.41926e-186
155	1.41926e-186
156	1.41926e-186
157	1.41926e-186
158	1.41926e-186
159	1.41926e-186
160	1.41926e-186
161	1.41926e-186
162	1.41926e-186
163	1.41926e-186
164	1.41926e-186
165	1.41926e-186
166	1.41926e-186
167	1.41926e-186
168	1.41926e-186
169	1.41926e-186
170	1.41926e-186
171	1.41926e-186
172	1.41926e-186
173	1.41926e-186
174	1.41926e-186
175	1.41926e-186
176	1.41926e-186
177	1.41926e-186
178	1.41926e-186
179	1.41926e-186
180	1.41926e-186
181	1.41926e-186
182	1.41926e-186
183	1.41926e-186
184	1.41926e-186
185	1.41926e-186
186	1.41926e-186
187	1.41926e-186
188	1.41926e-186
189	1.41926e-186
190	1.41926e-186
191	1.41926e-186
192	1.41926e-186
193	1.41926e-186
194	1.41926e-186
195	1.41926e-186
196	1.41926e-186
197	1.41926e-186
198	1.41926e-186
199	1.41926e-186
200	1.41926e-186
201	1.41926e-186
202	1.41926e-186
203	1.41926e-186
204	1.41926e-186
205	1.41926e-186
206	1.41926e-186
207	1.41926e-186
208	1.41926e-186
209	1.41926e-186
210	1.41926e-186
211	1.41926e-186
212	1.41926e-186
213	1.41926e-186
214	1.41926e-186
215	1.41926e-186
216	1.41926e-186
217	1.41926e-186
218	1.41926e-186
219	1.41926e-186
220	1.41926e-186
221	1.41926e-186
222	1.41926e-186
223	1.41926e-186
224	1.41926e-186
225	1.41926e-186
226	1.41926e-186
227	1.41926e-186
228	1.41926e-186
229	1.41926e-186
230	1.41926e-186
231	1.41926e-186
232	1.41926e-186
233	1.41926e-186
234	1.41926e-186
235	1.41926e-186
236	1.41926e-186
237	1.41926e-186
238	1.41926e-186
239	1.41926e-186
240	1.41926e-186
241	1.41926e-186
242	1.41926e-186
243	1.41926e-186
244	1.41926e-186
245	1.41926e-186
246	1.41926e-186
247	1.41926e-186
248	1.41926e-186
249	1.41926e-186
250	1.41926e-186
251	1.41926e-186
252	1.41926e-186
253	1.41926e-186
254	1.41926e-186
255	1.41926e-186
256	1.41926e-186
257	1.41926e-186
258	1.41926e-186
259	1.41926e-186
260	1.41926e-186
261	1.41926e-186
262	1.41926e-186
263	1.41926e-186
264	1.41926e-186
265	1.41926e-186
266	1.41926e-186
267	1.41926e-186
268	1.41926e-186
269	1.41926e-186
270	1.41926e-186
271	1.41926e-186
272	1.41926e-186
273	1.41926e-186
274	1.41926e-186
275	1.41926e-186
276	1.41926e-186
277	1.41926e-186
278	1.41926e-186
279	1.41926e-186
280	1.41926e-186
281	1.41926e-186
282	1.41926e-186
283	1.41926e-186
284	1.41926e-186
285	1.41926e-186
286	1.41926e-186
287	1.41926e-186
288	1.41926e-186
289	1.41926e-186
290	1.41926e-186
291	1.41926e-186
292	1.41926e-186
293	1.41926e-186
294	1.41926e-186
295	1.41926e-186
296	1.41926e-186
297	1.41926e-186
298	1.41926e-186
299	1.41926e-186
300	1.41926e-186
301	1.41926e-186
302	1.41926e-186
303	1.41926e-186
304	1.41926e-186
305	1.41926e-186
306	1.41926e-186
307	1.41926e-186
308	1.41926e-186
309	1.41926e-186
310	1.41926e-186
311	1.41926e-186
312	1.41926e-186
313	1.41926e-186
314	1.41926e-186
315	1.41926e-186
316	1.41926e-186
317	1.41926e-186
318	1.41926e-186
319	1.41926e-186
320	1.41926e-186
321	1.41926e-186
322	1.41926e-186
323	1.41926e-186
324	1.41926e-186
325	1.41926e-186
326	1.41926e-186
327	1.41926e-186
328	1.41926e-186
329	1.41926e-186
330	1.41926e-186
331	1.41926e-186
332	1.41926e-186
333	1.41926e-186
334	1.41926e-186
335	1.41926e-186
336	1.41926e-186
337	1.41926e-186
338	1.41926e-186
339	1.41926e-186
340	1.41926e-186
341	1.41926e-186
342	1.41926e-186
343	1.41926e-186
344	1.41926e-186
345	1.41926e-186
346	1.41926e-186
347	1.41926e-186
348	1.41926e-186
349	1.41926e-186
350	1.41926e-186
351	1.41926e-186
352	1.41926e-186
353	1.41926e-186
354	1.41926e-186
355	1.41926e-186
356	1.41926e-186
357	1.41926e-186
358	1.41926e-186
359	1.41926e-186
360	1.41926e-186
361	1.41926e-186
362	1.41926e-186
363	1.41926e-186
364	1.41926e-186
365	1.41926e-186
366	1.41926e-186
367	1.41926e-186
368	1.41926e-186
369	1.41926e-186
370	1.41926e-186
371	1.41926e-186
372	1.41926e-186
373	1.41926e-186
374	1.41926e-186
375	1.41926e-186
376	1.41926e-186
377	1.41926e-186
378	1.41926e-186
379	1.41926e-186
380	1.41926e-186
381	1.41926e-186
382	1.41926e-186
383	1.41926e-186
384	1.41926e-186
385	1.41926e-186
386	1.41926e-186
387	1.41926e-186
388	1.41926e-186
389	1.41926e-186
390	1.41926e-186
391	1.41926e-186
392	1.41926e-186
393	1.41926e-186
394	1.41926e-186
395	1.41926e-186
396	1.41926e-186
397	1.41926e-186
398	1.41926e-186
399	1.41926e-186
400	1.41926e-186
401	1.41926e-186
402	1.41926e-186
403	1.41926e-186
404	1.41926e-186
405	1.41926e-186
406	1.41926e-186
407	1.41926e-186
408	1.41926e-186
409	1.41926e-186
410	1.41926e-186
411	1.41926e-186
412	1.41926e-186
413	1.41926e-186
414	1.41926e-186
415	1.41926e-186
416	1.41926e-186
417	1.41926e-186
418	1.41926e-186
419	1.41926e-186
420	1.41926e-186
421	1.41926e-186
422	1.41926e-186
423	1.41926e-186
424	1.41926e-186
425	1.41926e-186
426	1.41926e-186
427	1.41926e-186
428	1.41926e-186
429	1.41926e-186
430	1.41926e-186
431	1.41926e-186
432	1.41926e-186
433	1.41926e-186
434	1.41926e-186
435	1.41926e-186
436	1.41926e-186
437	1.41926e-186
438	1.41926e-186
439	1.41926e-186
440	1.41926e-186
441	1.41926e-186
442	1.41926e-186
443	1.41926e-186
444	1.41926e-186
445	1.41926e-186
446	1.41926e-186
447	1.41926e-186
448	1.41926e-186
449	1.41926e-186
450	1.41926e-186
451	1.41926e-186
452	1.41926e-186
453	1.41926e-186
454	1.41926e-186
455	1.41926e-186
456	1.41926e-186
457	1.41926e-186
458	1.41926e-186
459	1.41926e-186
460	1.41926e-186
461	1.41926e-186
462	1.41926e-186
463	1.41926e-186
464	1.41926e-186
465	1.41926e-186
466	1.41926e-186
467	1.41926e-186
468	1.41926e-186
469	1.41926e-186
470	1.41926e-186
471	1.41926e-186
472	1.41926e-186
473	1.41926e-186
474	1.41926e-186
475	1.41926e-186
476	1.41926e-186
477	1.41926e-186
478	1.41926e-186
479	1.41926e-186
480	1.41926e-186
481	1.41926e-186
482	1.41926e-186
483	1.41926e-186
484	1.41926e-186
485	1.41926e-186
486	1.41926e-186
487	1.41926e-186
488	1.41926e-186
489	1.41926e-186
490	1.41926e-186
491	1.41926e-186
492	1.41926e-186
493	1.41926e-186
494	1.41926e-186
495	1.41926e-186
496	1.41926e-186
497	1.41926e-186
498	1.41926e-186
499	1.41926e-186
500	1.41926e-186
