k	pvalue
0	1
1	1
2	1
3	1
4	1
5	1
6	1
7	0.999999
8	0.999997
9	0.999985
10	0.999945
11	0.999819
12	0.999464
13	0.99856
14	0.996482
15	0.992122
16	0.983746
17	0.968946
18	0.944802
19	0.908324
20	0.857133
21	0.790244
22	0.708673
23	0.615653
24	0.516279
25	0.416661
26	0.32282
27	0.239639
28	0.170175
29	0.115467
30	0.074791
31	0.0462136
32	0.0272273
33	0.0152897
34	0.00818164
35	0.00417116
36	0.00202582
37	0.000937218
38	0.000413013
39	0.000173365
40	6.93158e-05
41	2.63985e-05
42	9.5764e-06
43	3.30905e-06
44	1.08913e-06
45	3.41447e-07
46	1.01959e-07
47	2.89985e-08
48	7.85495e-09
49	2.02631e-09
50	4.97766e-10
51	1.16429e-10
52	2.59275e-11
53	5.49624e-12
54	1.10894e-12
55	2.12918e-13
56	3.88949e-14
57	6.75847e-15
58	1.1168e-15
59	1.75449e-16
60	2.61965e-17
61	3.71631e-18
62	5.00719e-19
63	6.40499e-20
64	7.77488e-21
65	8.95187e-22
66	9.77131e-23
67	1.01057e-23
68	9.89648e-25
69	9.17086e-26
70	8.0359e-27
71	6.65283e-28
72	5.19935e-29
73	3.8322e-30
74	2.66104e-31
75	1.73887e-32
76	1.06795e-33
77	6.15615e-35
78	3.32572e-36
79	1.68095e-37
80	7.93446e-39
81	3.49046e-40
82	1.42777e-41
83	5.41668e-43
84	1.90046e-44
85	6.14636e-46
86	1.82559e-47
87	4.95874e-49
88	1.2257e-50
89	2.7413e-52
90	5.50989e-54
91	9.87246e-56
92	1.56143e-57
93	2.15338e-59
94	2.54954e-61
95	2.53905e-63
96	2.0682e-65
97	1.32304e-67
98	6.23247e-70
99	1.92211e-72
100	2.91112e-75
101	1.41926e-186
102	1.41926e-186
103	1.41926e-186
104	1.41926e-186
105	1.41926e-186
106	1.41926e-186
107	1.41926e-186
108	1.41926e-186
109	1.41926e-186
110	1.41926e-186
111	1.41926e-186
112	1.41926e-186
113	1.41926e-186
114	1.41926e-186
115	1.41926e-186
116	1.41926e-186
117	1.41926e-186
118	1.41926e-186
119	1.41926e-186
120	1.41926e-186
121	1.41926e-186
122	1.41926e-186
123	1.41926e-186
124	1.41926e-186
125	1.41926e-186
126	1.41926e-186
127	1.41926e-186
128	1.41926e-186
129	1.41926e-186
130	1.41926e-186
131	1.41926e-186
132	1.41926e-186
133	1.41926e-186
134	1.41926e-186
135	1.41926e-186
136	1.41926e-186
137	1.41926e-186
138	1.41926e-186
139	1.41926e-186
140	1.41926e-186
141	1.41926e-186
142	1.41926e-186
143	1.41926e-186
144	1.41926e-186
145	1.41926e-186
146	1.41926e-186
147	1.41926e-186
148	1.41926e-186
149	1.41926e-186
150	1.41926e-186
151	1.41926e-186
152	1.41926e-186
153	1.41926e-186
154	1.41926e-186
155	1.41926e-186
156	1.41926e-186
157	1.41926e-186
158	1.41926e-186
159	1.41926e-186
160	1.41926e-186
161	1.41926e-186
162	1.41926e-186
163	1.41926e-186
164	1.41926e-186
165	1.41926e-186
166	1.41926e-186
167	1.41926e-186
168	1.41926e-186
169	1.41926e-186
170	1.41926e-186
171	1.41926e-186
172	1.41926e-186
173	1.41926e-186
174	1.41926e-186
175	1.41926e-186
176	1.41926e-186
177	1.41926e-186
178	1.41926e-186
179	1.41926e-186
180	1.41926e-186
181	1.41926e-186
182	1.41926e-186
183	1.41926e-186
184	1.41926e-186
185	1.41926e-186
186	1.41926e-186
187	1.41926e-186
188	1.41926e-186
189	1.41926e-186
190	1.41926e-186
191	1.41926e-186
192	1.41926e-186
193	1.41926e-186
194	1.41926e-186
195	1.41926e-186
196	1.41926e-186
197	1.41926e-186
198	1.41926e-186
199	1.41926e-186
200	1.41926e-186
201	1.41926e-186
202	1.41926e-186
203	1.41926e-186
204	1.41926e-186
205	1.41926e-186
206	1.41926e-186
207	1.41926e-186
208	1.41926e-186
209	1.41926e-186
210	1.41926e-186
211	1.41926e-186
212	1.41926e-186
213	1.41926e-186
214	1.41926e-186
215	1.41926e-186
216	1.41926e-186
217	1.41926e-186
218	1.41926e-186
219	1.41926e-186
220	1.41926e-186
221	1.41926e-186
222	1.41926e-186
223	1.41926e-186
224	1.41926e-186
225	1.41926e-186
226	1.41926e-186
227	1.41926e-186
228	1.41926e-186
229	1.41926e-186
230	1.41926e-186
231	1.41926e-186
232	1.41926e-186
233	1.41926e-186
234	1.41926e-186
235	1.41926e-186
236	1.41926e-186
237	1.41926e-186
238	1.41926e-186
239	1.41926e-186
240	1.41926e-186
241	1.41926e-186
242	1.41926e-186
243	1.41926e-186
244	1.41926e-186
245	1.41926e-186
246	1.41926e-186
247	1.41926e-186
248	1.41926e-186
249	1.41926e-186
250	1.41926e-186
251	1.41926e-186
252	1.41926e-186
253	1.41926e-186
254	1.41926e-186
255	1.41926e-186
256	1.41926e-186
257	1.41926e-186
258	1.41926e-186
259	1.41926e-186
260	1.41926e-186
261	1.41926e-186
262	1.41926e-186
263	1.41926e-186
264	1.41926e-186
265	1.41926e-186
266	1.41926e-186
267	1.41926e-186
268	1.41926e-186
269	1.41926e-186
270	1.41926e-186
271	1.41926e-186
272	1.41926e-186
273	1.41926e-186
274	1.41926e-186
275	1.41926e-186
276	1.41926e-186
277	1.41926e-186
278	1.41926e-186
279	1.41926e-186
280	1.41926e-186
281	1.41926e-186
282	1.41926e-186
283	1.41926e-186
284	1.41926e-186
285	1.41926e-186
286	1.41926e-186
287	1.41926e-186
288	1.41926e-186
289	1.41926e-186
290	1.41926e-186
291	1.41926e-186
292	1.41926e-186
293	1.41926e-186
294	1.41926e-186
295	1.41926e-186
296	1.41926e-186
297	1.41926e-186
298	1.41926e-186
299	1.41926e-186
300	1.41926e-186
301	1.41926e-186
302	1.41926e-186
303	1.41926e-186
304	1.41926e-186
305	1.41926e-186
306	1.41926e-186
307	1.41926e-186
308	1.41926e-186
309	1.41926e-186
310	1.41926e-186
311	1.41926e-186
312	1.41926e-186
313	1.41926e-186
314	1.41926e-186
315	1.41926e-186
316	1.41926e-186
317	1.41926e-186
318	1.41926e-186
319	1.41926e-186
320	1.41926e-186
321	1.41926e-186
322	1.41926e-186
323	1.41926e-186
324	1.41926e-186
325	1.41926e-186
326	1.41926e-186
327	1.41926e-186
328	1.41926e-186
329	1.41926e-186
330	1.41926e-186
331	1.41926e-186
332	1.41926e-186
333	1.41926e-186
334	1.41926e-186
335	1.41926e-186
336	1.41926e-186
337	1.41926e-186
338	1.41926e-186
339	1.41926e-186
340	1.41926e-186
341	1.41926e-186
342	1.41926e-186
343	1.41926e-186
344	1.41926e-186
345	1.41926e-186
346	1.41926e-186
347	1.41926e-186
348	1.41926e-186
349	1.41926e-186
350	1.41926e-186
351	1.41926e-186
352	1.41926e-186
353	1.41926e-186
354	1.41926e-186
355	1.41926e-186
356	1.41926e-186
357	1.41926e-186
358	1.41926e-186
359	1.41926e-186
360	1.41926e-186
361	1.41926e-186
362	1.41926e-186
363	1.41926e-186
364	1.41926e-186
365	1.41926e-186
366	1.41926e-186
367	1.41926e-186
368	1.41926e-186
369	1.41926e-186
370	1.41926e-186
371	1.41926e-186
372	1.41926e-186
373	1.41926e-186
374	1.41926e-186
375	1.41926e-186
376	1.41926e-186
377	1.41926e-186
378	1.41926e-186
379	1.41926e-186
380	1.41926e-186
381	1.41926e-186
382	1.41926e-186
383	1.41926e-186
384	1.41926e-186
385	1.41926e-186
386	1.41926e-186
387	1.41926e-186
388	1.41926e-186
389	1.41926e-186
390	1.41926e-186
391	1.41926e-186
392	1.41926e-186
393	1.41926e-186
394	1.41926e-186
395	1.41926e-186
396	1.41926e-186
397	1.41926e-186
398	1.41926e-186
399	1.41926e-186
400	1.41926e-186
401	1.41926e-186
402	1.41926e-186
403	1.41926e-186
404	1.41926e-186
405	1.41926e-186
406	1.41926e-186
407	1.41926e-186
408	1.41926e-186
409	1.41926e-186
410	1.41926e-186
411	1.41926e-186
412	1.41926e-186
413	1.41926e-186
414	1.41926e-186
415	1.41926e-186
416	1.41926e-186
417	1.41926e-186
418	1.41926e-186
419	1.41926e-186
420	1.41926e-186
421	1.41926e-186
422	1.41926e-186
423	1.41926e-186
424	1.41926e-186
425	1.41926e-186
426	1.41926e-186
427	1.41926e-186
428	1.41926e-186
429	1.41926e-186
430	1.41926e-186
431	1.41926e-186
432	1.41926e-186
433	1.41926e-186
434	1.41926e-186
435	1.41926e-186
436	1.41926e-186
437	1.41926e-186
438	1.41926e-186
439	1.41926e-186
440	1.41926e-186
441	1.41926e-186
442	1.41926e-186
443	1.41926e-186
444	1.41926e-186
445	1.41926e-186
446	1.41926e-186
447	1.41926e-186
448	1.41926e-186
449	1.41926e-186
450	1.41926e-186
451	1.41926e-186
452	1.41926e-186
453	1.41926e-186
454	1.41926e-186
455	1.41926e-186
456	1.41926e-186
457	1.41926e-186
458	1.41926e-186
459	1.41926e-186
460	1.41926e-186
461	1.41926e-186
462	1.41926e-186
463	1.41926e-186
464	1.41926e-186
465	1.41926e-186
466	1.41926e-186
467	1.41926e-186
468	1.41926e-186
469	1.41926e-186
470	1.41926e-186
471	1.41926e-186
472	1.41926e-186
473	1.41926e-186
474	1.41926e-186
475	1.41926e-186
476	1.41926e-186
477	1.41926e-186
478	1.41926e-186
479	1.41926e-186
480	1.41926e-186
481	1.41926e-186
482	1.41926e-186
483	1.41926e-186
484	1.41926e-186
485	1.41926e-186
486	1.41926e-186
487	1.41926e-186
488	1.41926e-186
489	1.41926e-186
490	1.41926e-186
491	1.41926e-186
492	1.41926e-186
493	1.41926e-186
494	1.41926e-186
495	1.41926e-186
496	1.41926e-186
497	1.41926e-186
498	1.41926e-186
499	1.41926e-186
500	1.41926e-186
501	1.41926e-186
502	1.41926e-186
503	1.41926e-186
504	1.41926e-186
505	1.41926e-186
506	1.41926e-186
507	1.41926e-186
508	1.41926e-186
509	1.41926e-186
510	1.41926e-186
511	1.41926e-186
512	1.41926e-186
513	1.41926e-186
514	1.41926e-186
515	1.41926e-186
516	1.41926e-186
517	1.41926e-186
518	1.41926e-186
519	1.41926e-186
520	1.41926e-186
521	1.41926e-186
522	1.41926e-186
523	1.41926e-186
524	1.41926e-186
525	1.41926e-186
526	1.41926e-186
527	1.41926e-186
528	1.41926e-186
529	1.41926e-186
530	1.41926e-186
531	1.41926e-186
532	1.41926e-186
533	1.41926e-186
534	1.41926e-186
535	1.41926e-186
536	1.41926e-186
537	1.41926e-186
538	1.41926e-186
539	1.41926e-186
540	1.41926e-186
541	1.41926e-186
542	1.41926e-186
543	1.41926e-186
544	1.41926e-186
545	1.41926e-186
546	1.41926e-186
547	1.41926e-186
548	1.41926e-186
549	1.41926e-186
550	1.41926e-186
551	1.41926e-186
552	1.41926e-186
553	1.41926e-186
554	1.41926e-186
555	1.41926e-186
556	1.41926e-186
557	1.41926e-186
558	1.41926e-186
559	1.41926e-186
560	1.41926e-186
561	1.41926e-186
562	1.41926e-186
563	1.41926e-186
564	1.41926e-186
565	1.41926e-186
566	1.41926e-186
567	1.41926e-186
568	1.41926e-186
569	1.41926e-186
570	1.41926e-186
571	1.41926e-186
572	1.41926e-186
573	1.41926e-186
574	1.41926e-186
575	1.41926e-186
576	1.41926e-186
577	1.41926e-186
578	1.41926e-186
579	1.41926e-186
580	1.41926e-186
581	1.41926e-186
582	1.41926e-186
583	1.41926e-186
584	1.41926e-186
585	1.41926e-186
586	1.41926e-186
587	1.41926e-186
588	1.41926e-186
589	1.41926e-186
590	1.41926e-186
591	1.41926e-186
592	1.41926e-186
593	1.41926e-186
594	1.41926e-186
595	1.41926e-186
596	1.41926e-186
597	1.41926e-186
598	1.41926e-186
599	1.41926e-186
600	1.41926e-186
601	1.41926e-186
602	1.41926e-186
603	1.41926e-186
604	1.41926e-186
605	1.41926e-186
606	1.41926e-186
607	1.41926e-186
608	1.41926e-186
609	1.41926e-186
610	1.41926e-186
611	1.41926e-186
612	1.41926e-186
613	1.41926e-186
614	1.41926e-186
615	1.41926e-186
616	1.41926e-186
617	1.41926e-186
618	1.41926e-186
619	1.41926e-186
620	1.41926e-186
621	1.41926e-186
622	1.41926e-186
623	1.41926e-186
624	1.41926e-186
625	1.41926e-186
626	1.41926e-186
627	1.41926e-186
628	1.41926e-186
629	1.41926e-186
630	1.41926e-186
631	1.41926e-186
632	1.41926e-186
633	1.41926e-186
634	1.41926e-186
635	1.41926e-186
636	1.41926e-186
637	1.41926e-186
638	1.41926e-186
639	1.41926e-186
640	1.41926e-186
641	1.41926e-186
642	1.41926e-186
643	1.41926e-186
644	1.41926e-186
645	1.41926e-186
646	1.41926e-186
647	1.41926e-186
648	1.41926e-186
649	1.41926e-186
650	1.41926e-186
651	1.41926e-186
652	1.41926e-186
653	1.41926e-186
654	1.41926e-186
655	1.41926e-186
656	1.41926e-186
657	1.41926e-186
658	1.41926e-186
659	1.41926e-186
660	1.41926e-186
661	1.41926e-186
662	1.41926e-186
663	1.41926e-186
664	1.41926e-186
665	1.41926e-186
666	1.41926e-186
667	1.41926e-186
668	1.41926e-186
669	1.41926e-186
670	1.41926e-186
671	1.41926e-186
672	1.41926e-186
673	1.41926e-186
674	1.41926e-186
675	1.41926e-186
676	1.41926e-186
677	1.41926e-186
678	1.41926e-186
679	1.41926e-186
680	1.41926e-186
681	1.41926e-186
682	1.41926e-186
683	1.41926e-186
684	1.41926e-186
685	1.41926e-186
686	1.41926e-186
687	1.41926e-186
688	1.41926e-186
689	1.41926e-186
690	1.41926e-186
691	1.41926e-186
692	1.41926e-186
693	1.41926e-186
694	1.41926e-186
695	1.41926e-186
696	1.41926e-186
697	1.41926e-186
698	1.41926e-186
699	1.41926e-186
700	1.41926e-186
701	1.41926e-186
702	1.41926e-186
703	1.41926e-186
704	1.41926e-186
705	1.41926e-186
706	1.41926e-186
707	1.41926e-186
708	1.41926e-186
709	1.41926e-186
710	1.41926e-186
711	1.41926e-186
712	1.41926e-186
713	1.41926e-186
714	1.41926e-186
715	1.41926e-186
716	1.41926e-186
717	1.41926e-186
718	1.41926e-186
719	1.41926e-186
720	1.41926e-186
721	1.41926e-186
722	1.41926e-186
723	1.41926e-186
724	1.41926e-186
725	1.41926e-186
726	1.41926e-186
727	1.41926e-186
728	1.41926e-186
729	1.41926e-186
730	1.41926e-186
731	1.41926e-186
732	1.41926e-186
733	1.41926e-186
734	1.41926e-186
735	1.41926e-186
736	1.41926e-186
737	1.41926e-186
738	1.41926e-186
739	1.41926e-186
740	1.41926e-186
741	1.41926e-186
742	1.41926e-186
743	1.41926e-186
744	1.41926e-186
745	1.41926e-186
746	1.41926e-186
747	1.41926e-186
748	1.41926e-186
749	1.41926e-186
750	1.41926e-186
751	1.41926e-186
752	1.41926e-186
753	1.41926e-186
754	1.41926e-186
755	1.41926e-186
756	1.41926e-186
757	1.41926e-186
758	1.41926e-186
759	1.41926e-186
760	1.41926e-186
761	1.41926e-186
762	1.41926e-186
763	1.41926e-186
764	1.41926e-186
765	1.41926e-186
766	1.41926e-186
767	1.41926e-186
768	1.41926e-186
769	1.41926e-186
770	1.41926e-186
771	1.41926e-186
772	1.41926e-186
773	1.41926e-186
774	1.41926e-186
775	1.41926e-186
776	1.41926e-186
777	1.41926e-186
778	1.41926e-186
779	1.41926e-186
780	1.41926e-186
781	1.41926e-186
782	1.41926e-186
783	1.41926e-186
784	1.41926e-186
785	1.41926e-186
786	1.41926e-186
787	1.41926e-186
788	1.41926e-186
789	1.41926e-186
790	1.41926e-186
791	1.41926e-186
792	1.41926e-186
793	1.41926e-186
794	1.41926e-186
795	1.41926e-186
796	1.41926e-186
797	1.41926e-186
798	1.41926e-186
799	1.41926e-186
800	1.41926e-186
801	1.41926e-186
802	1.41926e-186
803	1.41926e-186
804	1.41926e-186
805	1.41926e-186
806	1.41926e-186
807	1.41926e-186
808	1.41926e-186
809	1.41926e-186
810	1.41926e-186
811	1.41926e-186
812	1.41926e-186
813	1.41926e-186
814	1.41926e-186
815	1.41926e-186
816	1.41926e-186
817	1.41926e-186
818	1.41926e-186
819	1.41926e-186
820	1.41926e-186
821	1.41926e-186
822	1.41926e-186
823	1.41926e-186
824	1.41926e-186
825	1.41926e-186
826	1.41926e-186
827	1.41926e-186
828	1.41926e-186
829	1.41926e-186
830	1.41926e-186
831	1.41926e-186
832	1.41926e-186
833	1.41926e-186
834	1.41926e-186
835	1.41926e-186
836	1.41926e-186
837	1.41926e-186
838	1.41926e-186
839	1.41926e-186
840	1.41926e-186
841	1.41926e-186
842	1.41926e-186
843	1.41926e-186
844	1.41926e-186
845	1.41926e-186
846	1.41926e-186
847	1.41926e-186
848	1.41926e-186
849	1.41926e-186
850	1.41926e-186
851	1.41926e-186
852	1.41926e-186
853	1.41926e-186
854	1.41926e-186
855	1.41926e-186
856	1.41926e-186
857	1.41926e-186
858	1.41926e-186
859	1.41926e-186
860	1.41926e-186
861	1.41926e-186
862	1.41926e-186
863	1.41926e-186
864	1.41926e-186
865	1.41926e-186
866	1.41926e-186
867	1.41926e-186
868	1.41926e-186
869	1.41926e-186
870	1.41926e-186
871	1.41926e-186
872	1.41926e-186
873	1.41926e-186
874	1.41926e-186
875	1.41926e-186
876	1.41926e-186
877	1.41926e-186
878	1.41926e-186
879	1.41926e-186
880	1.41926e-186
881	1.41926e-186
882	1.41926e-186
883	1.41926e-186
884	1.41926e-186
885	1.41926e-186
886	1.41926e-186
887	1.41926e-186
888	1.41926e-186
889	1.41926e-186
890	1.41926e-186
891	1.41926e-186
892	1.41926e-186
893	1.41926e-186
894	1.41926e-186
895	1.41926e-186
896	1.41926e-186
897	1.41926e-186
898	1.41926e-186
899	1.41926e-186
900	1.41926e-186
901	1.41926e-186
902	1.41926e-186
903	1.41926e-186
904	1.41926e-186
905	1.41926e-186
906	1.41926e-186
907	1.41926e-186
908	1.41926e-186
909	1.41926e-186
910	1.41926e-186
911	1.41926e-186
912	1.41926e-186
913	1.41926e-186
914	1.41926e-186
915	1.41926e-186
916	1.41926e-186
917	1.41926e-186
918	1.41926e-186
919	1.41926e-186
920	1.41926e-186
921	1.41926e-186
922	1.41926e-186
923	1.41926e-186
924	1.41926e-186
925	1.41926e-186
926	1.41926e-186
927	1.41926e-186
928	1.41926e-186
929	1.41926e-186
930	1.41926e-186
931	1.41926e-186
932	1.41926e-186
933	1.41926e-186
934	1.41926e-186
935	1.41926e-186
936	1.41926e-186
937	1.41926e-186
938	1.41926e-186
939	1.41926e-186
940	1.41926e-186
941	1.41926e-186
942	1.41926e-186
943	1.41926e-186
944	1.41926e-186
945	1.41926e-186
946	1.41926e-186
947	1.41926e-186
948	1.41926e-186
949	1.41926e-186
950	1.41926e-186
951	1.41926e-186
952	1.41926e-186
953	1.41926e-186
954	1.41926e-186
955	1.41926e-186
956	1.41926e-186
957	1.41926e-186
958	1.41926e-186
959	1.41926e-186
960	1.41926e-186
961	1.41926e-186
962	1.41926e-186
963	1.41926e-186
964	1.41926e-186
965	1.41926e-186
966	1.41926e-186
967	1.41926e-186
968	1.41926e-186
969	1.41926e-186
970	1.41926e-186
971	1.41926e-186
972	1.41926e-186
973	1.41926e-186
974	1.41926e-186
975	1.41926e-186
976	1.41926e-186
977	1.41926e-186
978	1.41926e-186
979	1.41926e-186
980	1.41926e-186
981	1.41926e-186
982	1.41926e-186
983	1.41926e-186
984	1.41926e-186
985	1.41926e-186
986	1.41926e-186
987	1.41926e-186
988	1.41926e-186
989	1.41926e-186
990	1.41926e-186
991	1.41926e-186
992	1.41926e-186
993	1.41926e-186
994	1.41926e-186
995	1.41926e-186
996	1.41926e-186
997	1.41926e-186
998	1.41926e-186
999	1.41926e-186
1000	1.41926e-186
1001	1.41926e-186
1002	1.41926e-186
1003	1.41926e-186
1004	1.41926e-186
1005	1.41926e-186
1006	1.41926e-186
1007	1.41926e-186
1008	1.41926e-186
1009	1.41926e-186
1010	1.41926e-186
1011	1.41926e-186
1012	1.41926e-186
1013	1.41926e-186
1014	1.41926e-186
1015	1.41926e-186
1016	1.41926e-186
1017	1.41926e-186
1018	1.41926e-186
1019	1.41926e-186
1020	1.41926e-186
1021	1.41926e-186
1022	1.41926e-186
1023	1.41926e-186
1024	1.41926e-186
1025	1.41926e-186
1026	1.41926e-186
1027	1.41926e-186
1028	1.41926e-186
1029	1.41926e-186
1030	1.41926e-186
1031	1.41926e-186
1032	1.41926e-186
1033	1.41926e-186
1034	1.41926e-186
1035	1.41926e-186
1036	1.41926e-186
1037	1.41926e-186
1038	1.41926e-186
1039	1.41926e-186
1040	1.41926e-186
1041	1.41926e-186
1042	1.41926e-186
1043	1.41926e-186
1044	1.41926e-186
1045	1.41926e-186
1046	1.41926e-186
1047	1.41926e-186
1048	1.41926e-186
1049	1.41926e-186
1050	1.41926e-186
1051	1.41926e-186
1052	1.41926e-186
1053	1.41926e-186
1054	1.41926e-186
1055	1.41926e-186
1056	1.41926e-186
1057	1.41926e-186
1058	1.41926e-186
1059	1.41926e-186
1060	1.41926e-186
1061	1.41926e-186
1062	1.41926e-186
1063	1.41926e-186
1064	1.41926e-186
1065	1.41926e-186
1066	1.41926e-186
1067	1.41926e-186
1068	1.41926e-186
1069	1.41926e-186
1070	1.41926e-186
1071	1.41926e-186
1072	1.41926e-186
1073	1.41926e-186
1074	1.41926e-186
1075	1.41926e-186
1076	1.41926e-186
1077	1.41926e-186
1078	1.41926e-186
1079	1.41926e-186
1080	1.41926e-186
1081	1.41926e-186
1082	1.41926e-186
1083	1.41926e-186
1084	1.41926e-186
1085	1.41926e-186
1086	1.41926e-186
1087	1.41926e-186
1088	1.41926e-186
1089	1.41926e-186
1090	1.41926e-186
1091	1.41926e-186
1092	1.41926e-186
1093	1.41926e-186
1094	1.41926e-186
1095	1.41926e-186
1096	1.41926e-186
1097	1.41926e-186
1098	1.41926e-186
1099	1.41926e-186
1100	1.41926e-186
1101	1.41926e-186
1102	1.41926e-186
1103	1.41926e-186
1104	1.41926e-186
1105	1.41926e-186
1106	1.41926e-186
1107	1.41926e-186
1108	1.41926e-186
1109	1.41926e-186
1110	1.41926e-186
1111	1.41926e-186
1112	1.41926e-186
1113	1.41926e-186
1114	1.41926e-186
1115	1.41926e-186
1116	1.41926e-186
1117	1.41926e-186
1118	1.41926e-186
1119	1.41926e-186
1120	1.41926e-186
1121	1.41926e-186
1122	1.41926e-186
1123	1.41926e-186
1124	1.41926e-186
1125	1.41926e-186
1126	1.41926e-186
1127	1.41926e-186
1128	1.41926e-186
1129	1.41926e-186
1130	1.41926e-186
1131	1.41926e-186
1132	1.41926e-186
1133	1.41926e-186
1134	1.41926e-186
1135	1.41926e-186
1136	1.41926e-186
1137	1.41926e-186
1138	1.41926e-186
1139	1.41926e-186
1140	1.41926e-186
1141	1.41926e-186
1142	1.41926e-186
1143	1.41926e-186
1144	1.41926e-186
1145	1.41926e-186
1146	1.41926e-186
1147	1.41926e-186
1148	1.41926e-186
1149	1.41926e-186
1150	1.41926e-186
1151	1.41926e-186
1152	1.41926e-186
1153	1.41926e-186
1154	1.41926e-186
1155	1.41926e-186
1156	1.41926e-186
1157	1.41926e-186
1158	1.41926e-186
1159	1.41926e-186
1160	1.41926e-186
1161	1.41926e-186
1162	1.41926e-186
1163	1.41926e-186
1164	1.41926e-186
1165	1.41926e-186
1166	1.41926e-186
1167	1.41926e-186
1168	1.41926e-186
1169	1.41926e-186
1170	1.41926e-186
1171	1.41926e-186
1172	1.41926e-186
1173	1.41926e-186
1174	1.41926e-186
1175	1.41926e-186
1176	1.41926e-186
1177	1.41926e-186
1178	1.41926e-186
1179	1.41926e-186
1180	1.41926e-186
1181	1.41926e-186
1182	1.41926e-186
1183	1.41926e-186
1184	1.41926e-186
1185	1.41926e-186
1186	1.41926e-186
1187	1.41926e-186
1188	1.41926e-186
1189	1.41926e-186
1190	1.41926e-186
1191	1.41926e-186
1192	1.41926e-186
1193	1.41926e-186
1194	1.41926e-186
1195	1.41926e-186
1196	1.41926e-186
1197	1.41926e-186
1198	1.41926e-186
1199	1.41926e-186
1200	1.41926e-186
1201	1.41926e-186
1202	1.41926e-186
1203	1.41926e-186
1204	1.41926e-186
1205	1.41926e-186
1206	1.41926e-186
1207	1.41926e-186
1208	1.41926e-186
1209	1.41926e-186
1210	1.41926e-186
1211	1.41926e-186
1212	1.41926e-186
1213	1.41926e-186
1214	1.41926e-186
1215	1.41926e-186
1216	1.41926e-186
1217	1.41926e-186
1218	1.41926e-186
1219	1.41926e-186
1220	1.41926e-186
1221	1.41926e-186
1222	1.41926e-186
1223	1.41926e-186
1224	1.41926e-186
1225	1.41926e-186
1226	1.41926e-186
1227	1.41926e-186
1228	1.41926e-186
1229	1.41926e-186
1230	1.41926e-186
1231	1.41926e-186
1232	1.41926e-186
1233	1.41926e-186
1234	1.41926e-186
1235	1.41926e-186
1236	1.41926e-186
1237	1.41926e-186
1238	1.41926e-186
1239	1.41926e-186
1240	1.41926e-186
1241	1.41926e-186
1242	1.41926e-186
1243	1.41926e-186
1244	1.41926e-186
1245	1.41926e-186
1246	1.41926e-186
1247	1.41926e-186
1248	1.41926e-186
1249	1.41926e-186
1250	1.41926e-186
1251	1.41926e-186
1252	1.41926e-186
1253	1.41926e-186
1254	1.41926e-186
1255	1.41926e-186
1256	1.41926e-186
1257	1.41926e-186
1258	1.41926e-186
1259	1.41926e-186
1260	1.41926e-186
1261	1.41926e-186
1262	1.41926e-186
1263	1.41926e-186
1264	1.41926e-186
1265	1.41926e-186
1266	1.41926e-186
1267	1.41926e-186
1268	1.41926e-186
1269	1.41926e-186
1270	1.41926e-186
1271	1.41926e-186
1272	1.41926e-186
1273	1.41926e-186
1274	1.41926e-186
1275	1.41926e-186
1276	1.41926e-186
1277	1.41926e-186
1278	1.41926e-186
1279	1.41926e-186
1280	1.41926e-186
1281	1.41926e-186
1282	1.41926e-186
1283	1.41926e-186
1284	1.41926e-186
1285	1.41926e-186
1286	1.41926e-186
1287	1.41926e-186
1288	1.41926e-186
1289	1.41926e-186
1290	1.41926e-186
1291	1.41926e-186
1292	1.41926e-186
1293	1.41926e-186
1294	1.41926e-186
1295	1.41926e-186
1296	1.41926e-186
1297	1.41926e-186
1298	1.41926e-186
1299	1.41926e-186
1300	1.41926e-186
1301	1.41926e-186
1302	1.41926e-186
1303	1.41926e-186
1304	1.41926e-186
1305	1.41926e-186
1306	1.41926e-186
1307	1.41926e-186
1308	1.41926e-186
1309	1.41926e-186
1310	1.41926e-186
1311	1.41926e-186
1312	1.41926e-186
1313	1.41926e-186
1314	1.41926e-186
1315	1.41926e-186
1316	1.41926e-186
1317	1.41926e-186
1318	1.41926e-186
1319	1.41926e-186
1320	1.41926e-186
1321	1.41926e-186
1322	1.41926e-186
1323	1.41926e-186
1324	1.41926e-186
1325	1.41926e-186
1326	1.41926e-186
1327	1.41926e-186
1328	1.41926e-186
1329	1.41926e-186
1330	1.41926e-186
1331	1.41926e-186
1332	1.41926e-186
1333	1.41926e-186
1334	1.41926e-186
1335	1.41926e-186
1336	1.41926e-186
1337	1.41926e-186
1338	1.41926e-186
1339	1.41926e-186
1340	1.41926e-186
1341	1.41926e-186
1342	1.41926e-186
1343	1.41926e-186
1344	1.41926e-186
1345	1.41926e-186
1346	1.41926e-186
1347	1.41926e-186
1348	1.41926e-186
1349	1.41926e-186
1350	1.41926e-186
1351	1.41926e-186
1352	1.41926e-186
1353	1.41926e-186
1354	1.41926e-186
1355	1.41926e-186
1356	1.41926e-186
1357	1.41926e-186
1358	1.41926e-186
1359	1.41926e-186
1360	1.41926e-186
1361	1.41926e-186
1362	1.41926e-186
1363	1.41926e-186
1364	1.41926e-186
1365	1.41926e-186
1366	1.41926e-186
1367	1.41926e-186
1368	1.41926e-186
1369	1.41926e-186
1370	1.41926e-186
1371	1.41926e-186
1372	1.41926e-186
1373	1.41926e-186
1374	1.41926e-186
1375	1.41926e-186
1376	1.41926e-186
1377	1.41926e-186
1378	1.41926e-186
1379	1.41926e-186
1380	1.41926e-186
1381	1.41926e-186
1382	1.41926e-186
1383	1.41926e-186
1384	1.41926e-186
1385	1.41926e-186
1386	1.41926e-186
1387	1.41926e-186
1388	1.41926e-186
1389	1.41926e-186
1390	1.41926e-186
1391	1.41926e-186
1392	1.41926e-186
1393	1.41926e-186
1394	1.41926e-186
1395	1.41926e-186
1396	1.41926e-186
1397	1.41926e-186
1398	1.41926e-186
1399	1.41926e-186
1400	1.41926e-186
1401	1.41926e-186
1402	1.41926e-186
1403	1.41926e-186
1404	1.41926e-186
1405	1.41926e-186
1406	1.41926e-186
1407	1.41926e-186
1408	1.41926e-186
1409	1.41926e-186
1410	1.41926e-186
1411	1.41926e-186
1412	1.41926e-186
1413	1.41926e-186
1414	1.41926e-186
1415	1.41926e-186
1416	1.41926e-186
1417	1.41926e-186
1418	1.41926e-186
1419	1.41926e-186
1420	1.41926e-186
1421	1.41926e-186
1422	1.41926e-186
1423	1.41926e-186
1424	1.41926e-186
1425	1.41926e-186
1426	1.41926e-186
1427	1.41926e-186
1428	1.41926e-186
1429	1.41926e-186
1430	1.41926e-186
1431	1.41926e-186
1432	1.41926e-186
1433	1.41926e-186
1434	1.41926e-186
1435	1.41926e-186
1436	1.41926e-186
1437	1.41926e-186
1438	1.41926e-186
1439	1.41926e-186
1440	1.41926e-186
1441	1.41926e-186
1442	1.41926e-186
1443	1.41926e-186
1444	1.41926e-186
1445	1.41926e-186
1446	1.41926e-186
1447	1.41926e-186
1448	1.41926e-186
1449	1.41926e-186
1450	1.41926e-186
1451	1.41926e-186
1452	1.41926e-186
1453	1.41926e-186
1454	1.41926e-186
1455	1.41926e-186
1456	1.41926e-186
1457	1.41926e-186
1458	1.41926e-186
1459	1.41926e-186
1460	1.41926e-186
1461	1.41926e-186
1462	1.41926e-186
1463	1.41926e-186
1464	1.41926e-186
1465	1.41926e-186
1466	1.41926e-186
1467	1.41926e-186
1468	1.41926e-186
1469	1.41926e-186
1470	1.41926e-186
1471	1.41926e-186
1472	1.41926e-186
1473	1.41926e-186
1474	1.41926e-186
1475	1.41926e-186
1476	1.41926e-186
1477	1.41926e-186
1478	1.41926e-186
1479	1.41926e-186
1480	1.41926e-186
1481	1.41926e-186
1482	1.41926e-186
1483	1.41926e-186
1484	1.41926e-186
1485	1.41926e-186
1486	1.41926e-186
1487	1.41926e-186
1488	1.41926e-186
1489	1.41926e-186
1490	1.41926e-186
1491	1.41926e-186
1492	1.41926e-186
1493	1.41926e-186
1494	1.41926e-186
1495	1.41926e-186
1496	1.41926e-186
1497	1.41926e-186
1498	1.41926e-186
1499	1.41926e-186
1500	1.41926e-186
1501	1.41926e-186
1502	1.41926e-186
1503	1.41926e-186
1504	1.41926e-186
1505	1.41926e-186
1506	1.41926e-186
1507	1.41926e-186
1508	1.41926e-186
1509	1.41926e-186
1510	1.41926e-186
1511	1.41926e-186
1512	1.41926e-186
1513	1.41926e-186
1514	1.41926e-186
1515	1.41926e-186
1516	1.41926e-186
1517	1.41926e-186
1518	1.41926e-186
1519	1.41926e-186
1520	1.41926e-186
1521	1.41926e-186
1522	1.41926e-186
1523	1.41926e-186
1524	1.41926e-186
1525	1.41926e-186
1526	1.41926e-186
1527	1.41926e-186
1528	1.41926e-186
1529	1.41926e-186
1530	1.41926e-186
1531	1.41926e-186
1532	1.41926e-186
1533	1.41926e-186
1534	1.41926e-186
1535	1.41926e-186
1536	1.41926e-186
1537	1.41926e-186
1538	1.41926e-186
1539	1.41926e-186
1540	1.41926e-186
1541	1.41926e-186
1542	1.41926e-186
1543	1.41926e-186
1544	1.41926e-186
1545	1.41926e-186
1546	1.41926e-186
1547	1.41926e-186
1548	1.41926e-186
1549	1.41926e-186
1550	1.41926e-186
1551	1.41926e-186
1552	1.41926e-186
1553	1.41926e-186
1554	1.41926e-186
1555	1.41926e-186
1556	1.41926e-186
1557	1.41926e-186
1558	1.41926e-186
1559	1.41926e-186
1560	1.41926e-186
1561	1.41926e-186
1562	1.41926e-186
1563	1.41926e-186
1564	1.41926e-186
1565	1.41926e-186
1566	1.41926e-186
1567	1.41926e-186
1568	1.41926e-186
1569	1.41926e-186
1570	1.41926e-186
1571	1.41926e-186
1572	1.41926e-186
1573	1.41926e-186
1574	1.41926e-186
1575	1.41926e-186
1576	1.41926e-186
1577	1.41926e-186
1578	1.41926e-186
1579	1.41926e-186
1580	1.41926e-186
1581	1.41926e-186
1582	1.41926e-186
1583	1.41926e-186
1584	1.41926e-186
1585	1.41926e-186
1586	1.41926e-186
1587	1.41926e-186
1588	1.41926e-186
1589	1.41926e-186
1590	1.41926e-186
1591	1.41926e-186
1592	1.41926e-186
1593	1.41926e-186
1594	1.41926e-186
1595	1.41926e-186
1596	1.41926e-186
1597	1.41926e-186
1598	1.41926e-186
1599	1.41926e-186
1600	1.41926e-186
1601	1.41926e-186
1602	1.41926e-186
1603	1.41926e-186
1604	1.41926e-186
1605	1.41926e-186
1606	1.41926e-186
1607	1.41926e-186
1608	1.41926e-186
1609	1.41926e-186
1610	1.41926e-186
1611	1.41926e-186
1612	1.41926e-186
1613	1.41926e-186
1614	1.41926e-186
1615	1.41926e-186
1616	1.41926e-186
1617	1.41926e-186
1618	1.41926e-186
1619	1.41926e-186
1620	1.41926e-186
1621	1.41926e-186
1622	1.41926e-186
1623	1.41926e-186
1624	1.41926e-186
1625	1.41926e-186
1626	1.41926e-186
1627	1.41926e-186
1628	1.41926e-186
1629	1.41926e-186
1630	1.41926e-186
1631	1.41926e-186
1632	1.41926e-186
1633	1.41926e-186
1634	1.41926e-186
1635	1.41926e-186
1636	1.41926e-186
1637	1.41926e-186
1638	1.41926e-186
1639	1.41926e-186
1640	1.41926e-186
1641	1.41926e-186
1642	1.41926e-186
1643	1.41926e-186
1644	1.41926e-186
1645	1.41926e-186
1646	1.41926e-186
1647	1.41926e-186
1648	1.41926e-186
1649	1.41926e-186
1650	1.41926e-186
1651	1.41926e-186
1652	1.41926e-186
1653	1.41926e-186
1654	1.41926e-186
1655	1.41926e-186
1656	1.41926e-186
1657	1.41926e-186
1658	1.41926e-186
1659	1.41926e-186
1660	1.41926e-186
1661	1.41926e-186
1662	1.41926e-186
1663	1.41926e-186
1664	1.41926e-186
1665	1.41926e-186
1666	1.41926e-186
1667	1.41926e-186
1668	1.41926e-186
1669	1.41926e-186
1670	1.41926e-186
1671	1.41926e-186
1672	1.41926e-186
1673	1.41926e-186
1674	1.41926e-186
1675	1.41926e-186
1676	1.41926e-186
1677	1.41926e-186
1678	1.41926e-186
1679	1.41926e-186
1680	1.41926e-186
1681	1.41926e-186
1682	1.41926e-186
1683	1.41926e-186
1684	1.41926e-186
1685	1.41926e-186
1686	1.41926e-186
1687	1.41926e-186
1688	1.41926e-186
1689	1.41926e-186
1690	1.41926e-186
1691	1.41926e-186
1692	1.41926e-186
1693	1.41926e-186
1694	1.41926e-186
1695	1.41926e-186
1696	1.41926e-186
1697	1.41926e-186
1698	1.41926e-186
1699	1.41926e-186
1700	1.41926e-186
1701	1.41926e-186
1702	1.41926e-186
1703	1.41926e-186
1704	1.41926e-186
1705	1.41926e-186
1706	1.41926e-186
1707	1.41926e-186
1708	1.41926e-186
1709	1.41926e-186
1710	1.41926e-186
1711	1.41926e-186
1712	1.41926e-186
1713	1.41926e-186
1714	1.41926e-186
1715	1.41926e-186
1716	1.41926e-186
1717	1.41926e-186
1718	1.41926e-186
1719	1.41926e-186
1720	1.41926e-186
1721	1.41926e-186
1722	1.41926e-186
1723	1.41926e-186
1724	1.41926e-186
1725	1.41926e-186
1726	1.41926e-186
1727	1.41926e-186
1728	1.41926e-186
1729	1.41926e-186
1730	1.41926e-186
1731	1.41926e-186
1732	1.41926e-186
1733	1.41926e-186
1734	1.41926e-186
1735	1.41926e-186
1736	1.41926e-186
1737	1.41926e-186
1738	1.41926e-186
1739	1.41926e-186
1740	1.41926e-186
1741	1.41926e-186
1742	1.41926e-186
1743	1.41926e-186
1744	1.41926e-186
1745	1.41926e-186
1746	1.41926e-186
1747	1.41926e-186
1748	1.41926e-186
1749	1.41926e-186
1750	1.41926e-186
1751	1.41926e-186
1752	1.41926e-186
1753	1.41926e-186
1754	1.41926e-186
1755	1.41926e-186
1756	1.41926e-186
1757	1.41926e-186
1758	1.41926e-186
1759	1.41926e-186
1760	1.41926e-186
1761	1.41926e-186
1762	1.41926e-186
1763	1.41926e-186
1764	1.41926e-186
1765	1.41926e-186
1766	1.41926e-186
1767	1.41926e-186
1768	1.41926e-186
1769	1.41926e-186
1770	1.41926e-186
1771	1.41926e-186
1772	1.41926e-186
1773	1.41926e-186
1774	1.41926e-186
1775	1.41926e-186
1776	1.41926e-186
1777	1.41926e-186
1778	1.41926e-186
1779	1.41926e-186
1780	1.41926e-186
1781	1.41926e-186
1782	1.41926e-186
1783	1.41926e-186
1784	1.41926e-186
1785	1.41926e-186
1786	1.41926e-186
1787	1.41926e-186
1788	1.41926e-186
1789	1.41926e-186
1790	1.41926e-186
1791	1.41926e-186
1792	1.41926e-186
1793	1.41926e-186
1794	1.41926e-186
1795	1.41926e-186
1796	1.41926e-186
1797	1.41926e-186
1798	1.41926e-186
1799	1.41926e-186
1800	1.41926e-186
1801	1.41926e-186
1802	1.41926e-186
1803	1.41926e-186
1804	1.41926e-186
1805	1.41926e-186
1806	1.41926e-186
1807	1.41926e-186
1808	1.41926e-186
1809	1.41926e-186
1810	1.41926e-186
1811	1.41926e-186
1812	1.41926e-186
1813	1.41926e-186
1814	1.41926e-186
1815	1.41926e-186
1816	1.41926e-186
1817	1.41926e-186
1818	1.41926e-186
1819	1.41926e-186
1820	1.41926e-186
1821	1.41926e-186
1822	1.41926e-186
1823	1.41926e-186
1824	1.41926e-186
1825	1.41926e-186
1826	1.41926e-186
1827	1.41926e-186
1828	1.41926e-186
1829	1.41926e-186
1830	1.41926e-186
1831	1.41926e-186
1832	1.41926e-186
1833	1.41926e-186
1834	1.41926e-186
1835	1.41926e-186
1836	1.41926e-186
1837	1.41926e-186
1838	1.41926e-186
1839	1.41926e-186
1840	1.41926e-186
1841	1.41926e-186
1842	1.41926e-186
1843	1.41926e-186
1844	1.41926e-186
1845	1.41926e-186
1846	1.41926e-186
1847	1.41926e-186
1848	1.41926e-186
1849	1.41926e-186
1850	1.41926e-186
1851	1.41926e-186
1852	1.41926e-186
1853	1.41926e-186
1854	1.41926e-186
1855	1.41926e-186
1856	1.41926e-186
1857	1.41926e-186
1858	1.41926e-186
1859	1.41926e-186
1860	1.41926e-186
1861	1.41926e-186
1862	1.41926e-186
1863	1.41926e-186
1864	1.41926e-186
1865	1.41926e-186
1866	1.41926e-186
1867	1.41926e-186
1868	1.41926e-186
1869	1.41926e-186
1870	1.41926e-186
1871	1.41926e-186
1872	1.41926e-186
1873	1.41926e-186
1874	1.41926e-186
1875	1.41926e-186
1876	1.41926e-186
1877	1.41926e-186
1878	1.41926e-186
1879	1.41926e-186
1880	1.41926e-186
1881	1.41926e-186
1882	1.41926e-186
1883	1.41926e-186
1884	1.41926e-186
1885	1.41926e-186
1886	1.41926e-186
1887	1.41926e-186
1888	1.41926e-186
1889	1.41926e-186
1890	1.41926e-186
1891	1.41926e-186
1892	1.41926e-186
1893	1.41926e-186
1894	1.41926e-186
1895	1.41926e-186
1896	1.41926e-186
1897	1.41926e-186
1898	1.41926e-186
1899	1.41926e-186
1900	1.41926e-186
1901	1.41926e-186
1902	1.41926e-186
1903	1.41926e-186
1904	1.41926e-186
1905	1.41926e-186
1906	1.41926e-186
1907	1.41926e-186
1908	1.41926e-186
1909	1.41926e-186
1910	1.41926e-186
1911	1.41926e-186
1912	1.41926e-186
1913	1.41926e-186
1914	1.41926e-186
1915	1.41926e-186
1916	1.41926e-186
1917	1.41926e-186
1918	1.41926e-186
1919	1.41926e-186
1920	1.41926e-186
1921	1.41926e-186
1922	1.41926e-186
1923	1.41926e-186
1924	1.41926e-186
1925	1.41926e-186
1926	1.41926e-186
1927	1.41926e-186
1928	1.41926e-186
1929	1.41926e-186
1930	1.41926e-186
1931	1.41926e-186
1932	1.41926e-186
1933	1.41926e-186
1934	1.41926e-186
1935	1.41926e-186
1936	1.41926e-186
1937	1.41926e-186
1938	1.41926e-186
1939	1.41926e-186
1940	1.41926e-186
1941	1.41926e-186
1942	1.41926e-186
1943	1.41926e-186
1944	1.41926e-186
1945	1.41926e-186
1946	1.41926e-186
1947	1.41926e-186
1948	1.41926e-186
1949	1.41926e-186
1950	1.41926e-186
1951	1.41926e-186
1952	1.41926e-186
1953	1.41926e-186
1954	1.41926e-186
1955	1.41926e-186
1956	1.41926e-186
1957	1.41926e-186
1958	1.41926e-186
1959	1.41926e-186
1960	1.41926e-186
1961	1.41926e-186
1962	1.41926e-186
1963	1.41926e-186
1964	1.41926e-186
1965	1.41926e-186
1966	1.41926e-186
1967	1.41926e-186
1968	1.41926e-186
1969	1.41926e-186
1970	1.41926e-186
1971	1.41926e-186
1972	1.41926e-186
1973	1.41926e-186
1974	1.41926e-186
1975	1.41926e-186
1976	1.41926e-186
1977	1.41926e-186
1978	1.41926e-186
1979	1.41926e-186
1980	1.41926e-186
1981	1.41926e-186
1982	1.41926e-186
1983	1.41926e-186
1984	1.41926e-186
1985	1.41926e-186
1986	1.41926e-186
1987	1.41926e-186
1988	1.41926e-186
1989	1.41926e-186
1990	1.41926e-186
1991	1.41926e-186
1992	1.41926e-186
1993	1.41926e-186
1994	1.41926e-186
1995	1.41926e-186
1996	1.41926e-186
1997	1.41926e-186
1998	1.41926e-186
1999	1.41926e-186
2000	1.41926e-186
2001	1.41926e-186
2002	1.41926e-186
2003	1.41926e-186
2004	1.41926e-186
2005	1.41926e-186
2006	1.41926e-186
2007	1.41926e-186
2008	1.41926e-186
2009	1.41926e-186
2010	1.41926e-186
2011	1.41926e-186
2012	1.41926e-186
2013	1.41926e-186
2014	1.41926e-186
2015	1.41926e-186
2016	1.41926e-186
2017	1.41926e-186
2018	1.41926e-186
2019	1.41926e-186
2020	1.41926e-186
2021	1.41926e-186
2022	1.41926e-186
2023	1.41926e-186
2024	1.41926e-186
2025	1.41926e-186
2026	1.41926e-186
2027	1.41926e-186
2028	1.41926e-186
2029	1.41926e-186
2030	1.41926e-186
2031	1.41926e-186
2032	1.41926e-186
2033	1.41926e-186
2034	1.41926e-186
2035	1.41926e-186
2036	1.41926e-186
2037	1.41926e-186
2038	1.41926e-186
2039	1.41926e-186
2040	1.41926e-186
2041	1.41926e-186
2042	1.41926e-186
2043	1.41926e-186
2044	1.41926e-186
2045	1.41926e-186
2046	1.41926e-186
2047	1.41926e-186
2048	1.41926e-186
2049	1.41926e-186
2050	1.41926e-186
2051	1.41926e-186
2052	1.41926e-186
2053	1.41926e-186
2054	1.41926e-186
2055	1.41926e-186
2056	1.41926e-186
2057	1.41926e-186
2058	1.41926e-186
2059	1.41926e-186
2060	1.41926e-186
2061	1.41926e-186
2062	1.41926e-186
2063	1.41926e-186
2064	1.41926e-186
2065	1.41926e-186
2066	1.41926e-186
2067	1.41926e-186
2068	1.41926e-186
2069	1.41926e-186
2070	1.41926e-186
2071	1.41926e-186
2072	1.41926e-186
2073	1.41926e-186
2074	1.41926e-186
2075	1.41926e-186
2076	1.41926e-186
2077	1.41926e-186
2078	1.41926e-186
2079	1.41926e-186
2080	1.41926e-186
2081	1.41926e-186
2082	1.41926e-186
2083	1.41926e-186
2084	1.41926e-186
2085	1.41926e-186
2086	1.41926e-186
2087	1.41926e-186
2088	1.41926e-186
2089	1.41926e-186
2090	1.41926e-186
2091	1.41926e-186
2092	1.41926e-186
2093	1.41926e-186
2094	1.41926e-186
2095	1.41926e-186
2096	1.41926e-186
2097	1.41926e-186
2098	1.41926e-186
2099	1.41926e-186
2100	1.41926e-186
2101	1.41926e-186
2102	1.41926e-186
2103	1.41926e-186
2104	1.41926e-186
2105	1.41926e-186
2106	1.41926e-186
2107	1.41926e-186
2108	1.41926e-186
2109	1.41926e-186
2110	1.41926e-186
2111	1.41926e-186
2112	1.41926e-186
2113	1.41926e-186
2114	1.41926e-186
2115	1.41926e-186
2116	1.41926e-186
2117	1.41926e-186
2118	1.41926e-186
2119	1.41926e-186
2120	1.41926e-186
2121	1.41926e-186
2122	1.41926e-186
2123	1.41926e-186
2124	1.41926e-186
2125	1.41926e-186
2126	1.41926e-186
2127	1.41926e-186
2128	1.41926e-186
2129	1.41926e-186
2130	1.41926e-186
2131	1.41926e-186
2132	1.41926e-186
2133	1.41926e-186
2134	1.41926e-186
2135	1.41926e-186
2136	1.41926e-186
2137	1.41926e-186
2138	1.41926e-186
2139	1.41926e-186
2140	1.41926e-186
2141	1.41926e-186
2142	1.41926e-186
2143	1.41926e-186
2144	1.41926e-186
2145	1.41926e-186
2146	1.41926e-186
2147	1.41926e-186
2148	1.41926e-186
2149	1.41926e-186
2150	1.41926e-186
2151	1.41926e-186
2152	1.41926e-186
2153	1.41926e-186
2154	1.41926e-186
2155	1.41926e-186
2156	1.41926e-186
2157	1.41926e-186
2158	1.41926e-186
2159	1.41926e-186
2160	1.41926e-186
2161	1.41926e-186
2162	1.41926e-186
2163	1.41926e-186
2164	1.41926e-186
2165	1.41926e-186
2166	1.41926e-186
2167	1.41926e-186
2168	1.41926e-186
2169	1.41926e-186
2170	1.41926e-186
2171	1.41926e-186
2172	1.41926e-186
2173	1.41926e-186
2174	1.41926e-186
2175	1.41926e-186
2176	1.41926e-186
2177	1.41926e-186
2178	1.41926e-186
2179	1.41926e-186
2180	1.41926e-186
2181	1.41926e-186
2182	1.41926e-186
2183	1.41926e-186
2184	1.41926e-186
2185	1.41926e-186
2186	1.41926e-186
2187	1.41926e-186
2188	1.41926e-186
2189	1.41926e-186
2190	1.41926e-186
2191	1.41926e-186
2192	1.41926e-186
2193	1.41926e-186
2194	1.41926e-186
2195	1.41926e-186
2196	1.41926e-186
2197	1.41926e-186
2198	1.41926e-186
2199	1.41926e-186
2200	1.41926e-186
2201	1.41926e-186
2202	1.41926e-186
2203	1.41926e-186
2204	1.41926e-186
2205	1.41926e-186
2206	1.41926e-186
2207	1.41926e-186
2208	1.41926e-186
2209	1.41926e-186
2210	1.41926e-186
2211	1.41926e-186
2212	1.41926e-186
2213	1.41926e-186
2214	1.41926e-186
2215	1.41926e-186
2216	1.41926e-186
2217	1.41926e-186
2218	1.41926e-186
2219	1.41926e-186
2220	1.41926e-186
2221	1.41926e-186
2222	1.41926e-186
2223	1.41926e-186
2224	1.41926e-186
2225	1.41926e-186
2226	1.41926e-186
2227	1.41926e-186
2228	1.41926e-186
2229	1.41926e-186
2230	1.41926e-186
2231	1.41926e-186
2232	1.41926e-186
2233	1.41926e-186
2234	1.41926e-186
2235	1.41926e-186
2236	1.41926e-186
2237	1.41926e-186
2238	1.41926e-186
2239	1.41926e-186
2240	1.41926e-186
2241	1.41926e-186
2242	1.41926e-186
2243	1.41926e-186
2244	1.41926e-186
2245	1.41926e-186
2246	1.41926e-186
2247	1.41926e-186
2248	1.41926e-186
2249	1.41926e-186
2250	1.41926e-186
2251	1.41926e-186
2252	1.41926e-186
2253	1.41926e-186
2254	1.41926e-186
2255	1.41926e-186
2256	1.41926e-186
2257	1.41926e-186
2258	1.41926e-186
2259	1.41926e-186
2260	1.41926e-186
2261	1.41926e-186
2262	1.41926e-186
2263	1.41926e-186
2264	1.41926e-186
2265	1.41926e-186
2266	1.41926e-186
2267	1.41926e-186
2268	1.41926e-186
2269	1.41926e-186
2270	1.41926e-186
2271	1.41926e-186
2272	1.41926e-186
2273	1.41926e-186
2274	1.41926e-186
2275	1.41926e-186
2276	1.41926e-186
2277	1.41926e-186
2278	1.41926e-186
2279	1.41926e-186
2280	1.41926e-186
2281	1.41926e-186
2282	1.41926e-186
2283	1.41926e-186
2284	1.41926e-186
2285	1.41926e-186
2286	1.41926e-186
2287	1.41926e-186
2288	1.41926e-186
2289	1.41926e-186
2290	1.41926e-186
2291	1.41926e-186
2292	1.41926e-186
2293	1.41926e-186
2294	1.41926e-186
2295	1.41926e-186
2296	1.41926e-186
2297	1.41926e-186
2298	1.41926e-186
2299	1.41926e-186
2300	1.41926e-186
2301	1.41926e-186
2302	1.41926e-186
2303	1.41926e-186
2304	1.41926e-186
2305	1.41926e-186
2306	1.41926e-186
2307	1.41926e-186
2308	1.41926e-186
2309	1.41926e-186
2310	1.41926e-186
2311	1.41926e-186
2312	1.41926e-186
2313	1.41926e-186
2314	1.41926e-186
2315	1.41926e-186
2316	1.41926e-186
2317	1.41926e-186
2318	1.41926e-186
2319	1.41926e-186
2320	1.41926e-186
2321	1.41926e-186
2322	1.41926e-186
2323	1.41926e-186
2324	1.41926e-186
2325	1.41926e-186
2326	1.41926e-186
2327	1.41926e-186
2328	1.41926e-186
2329	1.41926e-186
2330	1.41926e-186
2331	1.41926e-186
2332	1.41926e-186
2333	1.41926e-186
2334	1.41926e-186
2335	1.41926e-186
2336	1.41926e-186
2337	1.41926e-186
2338	1.41926e-186
2339	1.41926e-186
2340	1.41926e-186
2341	1.41926e-186
2342	1.41926e-186
2343	1.41926e-186
2344	1.41926e-186
2345	1.41926e-186
2346	1.41926e-186
2347	1.41926e-186
2348	1.41926e-186
2349	1.41926e-186
2350	1.41926e-186
2351	1.41926e-186
2352	1.41926e-186
2353	1.41926e-186
2354	1.41926e-186
2355	1.41926e-186
2356	1.41926e-186
2357	1.41926e-186
2358	1.41926e-186
2359	1.41926e-186
2360	1.41926e-186
2361	1.41926e-186
2362	1.41926e-186
2363	1.41926e-186
2364	1.41926e-186
2365	1.41926e-186
2366	1.41926e-186
2367	1.41926e-186
2368	1.41926e-186
2369	1.41926e-186
2370	1.41926e-186
2371	1.41926e-186
2372	1.41926e-186
2373	1.41926e-186
2374	1.41926e-186
2375	1.41926e-186
2376	1.41926e-186
2377	1.41926e-186
2378	1.41926e-186
2379	1.41926e-186
2380	1.41926e-186
2381	1.41926e-186
2382	1.41926e-186
2383	1.41926e-186
2384	1.41926e-186
2385	1.41926e-186
2386	1.41926e-186
2387	1.41926e-186
2388	1.41926e-186
2389	1.41926e-186
2390	1.41926e-186
2391	1.41926e-186
2392	1.41926e-186
2393	1.41926e-186
2394	1.41926e-186
2395	1.41926e-186
2396	1.41926e-186
2397	1.41926e-186
2398	1.41926e-186
2399	1.41926e-186
2400	1.41926e-186
2401	1.41926e-186
2402	1.41926e-186
2403	1.41926e-186
2404	1.41926e-186
2405	1.41926e-186
2406	1.41926e-186
2407	1.41926e-186
2408	1.41926e-186
2409	1.41926e-186
2410	1.41926e-186
2411	1.41926e-186
2412	1.41926e-186
2413	1.41926e-186
2414	1.41926e-186
2415	1.41926e-186
2416	1.41926e-186
2417	1.41926e-186
2418	1.41926e-186
2419	1.41926e-186
2420	1.41926e-186
2421	1.41926e-186
2422	1.41926e-186
2423	1.41926e-186
2424	1.41926e-186
2425	1.41926e-186
2426	1.41926e-186
2427	1.41926e-186
2428	1.41926e-186
2429	1.41926e-186
2430	1.41926e-186
2431	1.41926e-186
2432	1.41926e-186
2433	1.41926e-186
2434	1.41926e-186
2435	1.41926e-186
2436	1.41926e-186
2437	1.41926e-186
2438	1.41926e-186
2439	1.41926e-186
2440	1.41926e-186
2441	1.41926e-186
2442	1.41926e-186
2443	1.41926e-186
2444	1.41926e-186
2445	1.41926e-186
2446	1.41926e-186
2447	1.41926e-186
2448	1.41926e-186
2449	1.41926e-186
2450	1.41926e-186
2451	1.41926e-186
2452	1.41926e-186
2453	1.41926e-186
2454	1.41926e-186
2455	1.41926e-186
2456	1.41926e-186
2457	1.41926e-186
2458	1.41926e-186
2459	1.41926e-186
2460	1.41926e-186
2461	1.41926e-186
2462	1.41926e-186
2463	1.41926e-186
2464	1.41926e-186
2465	1.41926e-186
2466	1.41926e-186
2467	1.41926e-186
2468	1.41926e-186
2469	1.41926e-186
2470	1.41926e-186
2471	1.41926e-186
2472	1.41926e-186
2473	1.41926e-186
2474	1.41926e-186
2475	1.41926e-186
2476	1.41926e-186
2477	1.41926e-186
2478	1.41926e-186
2479	1.41926e-186
2480	1.41926e-186
2481	1.41926e-186
2482	1.41926e-186
2483	1.41926e-186
2484	1.41926e-186
2485	1.41926e-186
2486	1.41926e-186
2487	1.41926e-186
2488	1.41926e-186
2489	1.41926e-186
2490	1.41926e-186
2491	1.41926e-186
2492	1.41926e-186
2493	1.41926e-186
2494	1.41926e-186
2495	1.41926e-186
2496	1.41926e-186
2497	1.41926e-186
2498	1.41926e-186
2499	1.41926e-186
2500	1.41926e-186
