k	pvalue
0	1
1	1
2	0.999999
3	0.999988
4	0.999918
5	0.999575
6	0.998281
7	0.994321
8	0.984239
9	0.96245
10	0.921889
11	0.856116
12	0.762402
13	0.644286
14	0.51189
15	0.379379
16	0.260588
17	0.165004
18	0.0958742
19	0.0509098
20	0.0246095
21	0.010787
22	0.00426947
23	0.00151875
24	0.000482913
25	0.000136355
26	3.39123e-05
27	7.35195e-06
28	1.37046e-06
29	2.15629e-07
30	2.79046e-08
31	2.85981e-09
32	2.18879e-10
33	1.13373e-11
34	3.30754e-13
35	3.76025e-15
36	4.52591e-24
37	4.52591e-24
38	4.52591e-24
39	4.52591e-24
40	4.52591e-24
41	4.52591e-24
42	4.52591e-24
43	4.52591e-24
44	4.52591e-24
45	4.52591e-24
46	4.52591e-24
47	4.52591e-24
48	4.52591e-24
49	4.52591e-24
50	4.52591e-24
51	4.52591e-24
52	4.52591e-24
53	4.52591e-24
54	4.52591e-24
55	4.52591e-24
56	4.52591e-24
57	4.52591e-24
58	4.52591e-24
59	4.52591e-24
60	4.52591e-24
61	4.52591e-24
62	4.52591e-24
63	4.52591e-24
64	4.52591e-24
65	4.52591e-24
66	4.52591e-24
67	4.52591e-24
68	4.52591e-24
69	4.52591e-24
70	4.52591e-24
71	4.52591e-24
72	4.52591e-24
73	4.52591e-24
74	4.52591e-24
75	4.52591e-24
76	4.52591e-24
77	4.52591e-24
78	4.52591e-24
79	4.52591e-24
80	4.52591e-24
81	4.52591e-24
82	4.52591e-24
83	4.52591e-24
84	4.52591e-24
85	4.52591e-24
86	4.52591e-24
87	4.52591e-24
88	4.52591e-24
89	4.52591e-24
90	4.52591e-24
91	4.52591e-24
92	4.52591e-24
93	4.52591e-24
94	4.52591e-24
95	4.52591e-24
96	4.52591e-24
97	4.52591e-24
98	4.52591e-24
99	4.52591e-24
100	4.52591e-24
101	4.52591e-24
102	4.52591e-24
103	4.52591e-24
104	4.52591e-24
105	4.52591e-24
106	4.52591e-24
107	4.52591e-24
108	4.52591e-24
109	4.52591e-24
110	4.52591e-24
111	4.52591e-24
112	4.52591e-24
113	4.52591e-24
114	4.52591e-24
115	4.52591e-24
116	4.52591e-24
117	4.52591e-24
118	4.52591e-24
119	4.52591e-24
120	4.52591e-24
121	4.52591e-24
122	4.52591e-24
123	4.52591e-24
124	4.52591e-24
125	4.52591e-24
126	4.52591e-24
127	4.52591e-24
128	4.52591e-24
129	4.52591e-24
130	4.52591e-24
131	4.52591e-24
132	4.52591e-24
133	4.52591e-24
134	4.52591e-24
135	4.52591e-24
136	4.52591e-24
137	4.52591e-24
138	4.52591e-24
139	4.52591e-24
140	4.52591e-24
141	4.52591e-24
142	4.52591e-24
143	4.52591e-24
144	4.52591e-24
145	4.52591e-24
146	4.52591e-24
147	4.52591e-24
148	4.52591e-24
149	4.52591e-24
150	4.52591e-24
151	4.52591e-24
152	4.52591e-24
153	4.52591e-24
154	4.52591e-24
155	4.52591e-24
156	4.52591e-24
157	4.52591e-24
158	4.52591e-24
159	4.52591e-24
160	4.52591e-24
161	4.52591e-24
162	4.52591e-24
163	4.52591e-24
164	4.52591e-24
165	4.52591e-24
166	4.52591e-24
167	4.52591e-24
168	4.52591e-24
169	4.52591e-24
170	4.52591e-24
171	4.52591e-24
172	4.52591e-24
173	4.52591e-24
174	4.52591e-24
175	4.52591e-24
176	4.52591e-24
177	4.52591e-24
178	4.52591e-24
179	4.52591e-24
180	4.52591e-24
181	4.52591e-24
182	4.52591e-24
183	4.52591e-24
184	4.52591e-24
185	4.52591e-24
186	4.52591e-24
187	4.52591e-24
188	4.52591e-24
189	4.52591e-24
190	4.52591e-24
191	4.52591e-24
192	4.52591e-24
193	4.52591e-24
194	4.52591e-24
195	4.52591e-24
196	4.52591e-24
197	4.52591e-24
198	4.52591e-24
199	4.52591e-24
200	4.52591e-24
201	4.52591e-24
202	4.52591e-24
203	4.52591e-24
204	4.52591e-24
205	4.52591e-24
206	4.52591e-24
207	4.52591e-24
208	4.52591e-24
209	4.52591e-24
210	4.52591e-24
211	4.52591e-24
212	4.52591e-24
213	4.52591e-24
214	4.52591e-24
215	4.52591e-24
216	4.52591e-24
217	4.52591e-24
218	4.52591e-24
219	4.52591e-24
220	4.52591e-24
221	4.52591e-24
222	4.52591e-24
223	4.52591e-24
224	4.52591e-24
225	4.52591e-24
226	4.52591e-24
227	4.52591e-24
228	4.52591e-24
229	4.52591e-24
230	4.52591e-24
231	4.52591e-24
232	4.52591e-24
233	4.52591e-24
234	4.52591e-24
235	4.52591e-24
236	4.52591e-24
237	4.52591e-24
238	4.52591e-24
239	4.52591e-24
240	4.52591e-24
241	4.52591e-24
242	4.52591e-24
243	4.52591e-24
244	4.52591e-24
245	4.52591e-24
246	4.52591e-24
247	4.52591e-24
248	4.52591e-24
249	4.52591e-24
250	4.52591e-24
251	4.52591e-24
252	4.52591e-24
253	4.52591e-24
254	4.52591e-24
255	4.52591e-24
256	4.52591e-24
257	4.52591e-24
258	4.52591e-24
259	4.52591e-24
260	4.52591e-24
261	4.52591e-24
262	4.52591e-24
263	4.52591e-24
264	4.52591e-24
265	4.52591e-24
266	4.52591e-24
267	4.52591e-24
268	4.52591e-24
269	4.52591e-24
270	4.52591e-24
271	4.52591e-24
272	4.52591e-24
273	4.52591e-24
274	4.52591e-24
275	4.52591e-24
276	4.52591e-24
277	4.52591e-24
278	4.52591e-24
279	4.52591e-24
280	4.52591e-24
281	4.52591e-24
282	4.52591e-24
283	4.52591e-24
284	4.52591e-24
285	4.52591e-24
286	4.52591e-24
287	4.52591e-24
288	4.52591e-24
289	4.52591e-24
290	4.52591e-24
291	4.52591e-24
292	4.52591e-24
293	4.52591e-24
294	4.52591e-24
295	4.52591e-24
296	4.52591e-24
297	4.52591e-24
298	4.52591e-24
299	4.52591e-24
300	4.52591e-24
301	4.52591e-24
302	4.52591e-24
303	4.52591e-24
304	4.52591e-24
305	4.52591e-24
306	4.52591e-24
307	4.52591e-24
308	4.52591e-24
309	4.52591e-24
310	4.52591e-24
311	4.52591e-24
312	4.52591e-24
313	4.52591e-24
314	4.52591e-24
315	4.52591e-24
316	4.52591e-24
317	4.52591e-24
318	4.52591e-24
319	4.52591e-24
320	4.52591e-24
321	4.52591e-24
322	4.52591e-24
323	4.52591e-24
324	4.52591e-24
325	4.52591e-24
326	4.52591e-24
327	4.52591e-24
328	4.52591e-24
329	4.52591e-24
330	4.52591e-24
331	4.52591e-24
332	4.52591e-24
333	4.52591e-24
334	4.52591e-24
335	4.52591e-24
336	4.52591e-24
337	4.52591e-24
338	4.52591e-24
339	4.52591e-24
340	4.52591e-24
341	4.52591e-24
342	4.52591e-24
343	4.52591e-24
344	4.52591e-24
345	4.52591e-24
346	4.52591e-24
347	4.52591e-24
348	4.52591e-24
349	4.52591e-24
350	4.52591e-24
351	4.52591e-24
352	4.52591e-24
353	4.52591e-24
354	4.52591e-24
355	4.52591e-24
356	4.52591e-24
357	4.52591e-24
358	4.52591e-24
359	4.52591e-24
360	4.52591e-24
361	4.52591e-24
362	4.52591e-24
363	4.52591e-24
364	4.52591e-24
365	4.52591e-24
366	4.52591e-24
367	4.52591e-24
368	4.52591e-24
369	4.52591e-24
370	4.52591e-24
371	4.52591e-24
372	4.52591e-24
373	4.52591e-24
374	4.52591e-24
375	4.52591e-24
376	4.52591e-24
377	4.52591e-24
378	4.52591e-24
379	4.52591e-24
380	4.52591e-24
381	4.52591e-24
382	4.52591e-24
383	4.52591e-24
384	4.52591e-24
385	4.52591e-24
386	4.52591e-24
387	4.52591e-24
388	4.52591e-24
389	4.52591e-24
390	4.52591e-24
391	4.52591e-24
392	4.52591e-24
393	4.52591e-24
394	4.52591e-24
395	4.52591e-24
396	4.52591e-24
397	4.52591e-24
398	4.52591e-24
399	4.52591e-24
400	4.52591e-24
401	4.52591e-24
402	4.52591e-24
403	4.52591e-24
404	4.52591e-24
405	4.52591e-24
406	4.52591e-24
407	4.52591e-24
408	4.52591e-24
409	4.52591e-24
410	4.52591e-24
411	4.52591e-24
412	4.52591e-24
413	4.52591e-24
414	4.52591e-24
415	4.52591e-24
416	4.52591e-24
417	4.52591e-24
418	4.52591e-24
419	4.52591e-24
420	4.52591e-24
421	4.52591e-24
422	4.52591e-24
423	4.52591e-24
424	4.52591e-24
425	4.52591e-24
426	4.52591e-24
427	4.52591e-24
428	4.52591e-24
429	4.52591e-24
430	4.52591e-24
431	4.52591e-24
432	4.52591e-24
433	4.52591e-24
434	4.52591e-24
435	4.52591e-24
436	4.52591e-24
437	4.52591e-24
438	4.52591e-24
439	4.52591e-24
440	4.52591e-24
441	4.52591e-24
442	4.52591e-24
443	4.52591e-24
444	4.52591e-24
445	4.52591e-24
446	4.52591e-24
447	4.52591e-24
448	4.52591e-24
449	4.52591e-24
450	4.52591e-24
451	4.52591e-24
452	4.52591e-24
453	4.52591e-24
454	4.52591e-24
455	4.52591e-24
456	4.52591e-24
457	4.52591e-24
458	4.52591e-24
459	4.52591e-24
460	4.52591e-24
461	4.52591e-24
462	4.52591e-24
463	4.52591e-24
464	4.52591e-24
465	4.52591e-24
466	4.52591e-24
467	4.52591e-24
468	4.52591e-24
469	4.52591e-24
470	4.52591e-24
471	4.52591e-24
472	4.52591e-24
473	4.52591e-24
474	4.52591e-24
475	4.52591e-24
476	4.52591e-24
477	4.52591e-24
478	4.52591e-24
479	4.52591e-24
480	4.52591e-24
481	4.52591e-24
482	4.52591e-24
483	4.52591e-24
484	4.52591e-24
485	4.52591e-24
486	4.52591e-24
487	4.52591e-24
488	4.52591e-24
489	4.52591e-24
490	4.52591e-24
491	4.52591e-24
492	4.52591e-24
493	4.52591e-24
494	4.52591e-24
495	4.52591e-24
496	4.52591e-24
497	4.52591e-24
498	4.52591e-24
499	4.52591e-24
500	4.52591e-24
501	4.52591e-24
502	4.52591e-24
503	4.52591e-24
504	4.52591e-24
505	4.52591e-24
506	4.52591e-24
507	4.52591e-24
508	4.52591e-24
509	4.52591e-24
510	4.52591e-24
511	4.52591e-24
512	4.52591e-24
513	4.52591e-24
514	4.52591e-24
515	4.52591e-24
516	4.52591e-24
517	4.52591e-24
518	4.52591e-24
519	4.52591e-24
520	4.52591e-24
521	4.52591e-24
522	4.52591e-24
523	4.52591e-24
524	4.52591e-24
525	4.52591e-24
526	4.52591e-24
527	4.52591e-24
528	4.52591e-24
529	4.52591e-24
530	4.52591e-24
531	4.52591e-24
532	4.52591e-24
533	4.52591e-24
534	4.52591e-24
535	4.52591e-24
536	4.52591e-24
537	4.52591e-24
538	4.52591e-24
539	4.52591e-24
540	4.52591e-24
541	4.52591e-24
542	4.52591e-24
543	4.52591e-24
544	4.52591e-24
545	4.52591e-24
546	4.52591e-24
547	4.52591e-24
548	4.52591e-24
549	4.52591e-24
550	4.52591e-24
551	4.52591e-24
552	4.52591e-24
553	4.52591e-24
554	4.52591e-24
555	4.52591e-24
556	4.52591e-24
557	4.52591e-24
558	4.52591e-24
559	4.52591e-24
560	4.52591e-24
561	4.52591e-24
562	4.52591e-24
563	4.52591e-24
564	4.52591e-24
565	4.52591e-24
566	4.52591e-24
567	4.52591e-24
568	4.52591e-24
569	4.52591e-24
570	4.52591e-24
571	4.52591e-24
572	4.52591e-24
573	4.52591e-24
574	4.52591e-24
575	4.52591e-24
576	4.52591e-24
577	4.52591e-24
578	4.52591e-24
579	4.52591e-24
580	4.52591e-24
581	4.52591e-24
582	4.52591e-24
583	4.52591e-24
584	4.52591e-24
585	4.52591e-24
586	4.52591e-24
587	4.52591e-24
588	4.52591e-24
589	4.52591e-24
590	4.52591e-24
591	4.52591e-24
592	4.52591e-24
593	4.52591e-24
594	4.52591e-24
595	4.52591e-24
596	4.52591e-24
597	4.52591e-24
598	4.52591e-24
599	4.52591e-24
600	4.52591e-24
601	4.52591e-24
602	4.52591e-24
603	4.52591e-24
604	4.52591e-24
605	4.52591e-24
606	4.52591e-24
607	4.52591e-24
608	4.52591e-24
609	4.52591e-24
610	4.52591e-24
611	4.52591e-24
612	4.52591e-24
613	4.52591e-24
614	4.52591e-24
615	4.52591e-24
616	4.52591e-24
617	4.52591e-24
618	4.52591e-24
619	4.52591e-24
620	4.52591e-24
621	4.52591e-24
622	4.52591e-24
623	4.52591e-24
624	4.52591e-24
625	4.52591e-24
626	4.52591e-24
627	4.52591e-24
628	4.52591e-24
629	4.52591e-24
630	4.52591e-24
631	4.52591e-24
632	4.52591e-24
633	4.52591e-24
634	4.52591e-24
635	4.52591e-24
636	4.52591e-24
637	4.52591e-24
638	4.52591e-24
639	4.52591e-24
640	4.52591e-24
641	4.52591e-24
642	4.52591e-24
643	4.52591e-24
644	4.52591e-24
645	4.52591e-24
646	4.52591e-24
647	4.52591e-24
648	4.52591e-24
649	4.52591e-24
650	4.52591e-24
651	4.52591e-24
652	4.52591e-24
653	4.52591e-24
654	4.52591e-24
655	4.52591e-24
656	4.52591e-24
657	4.52591e-24
658	4.52591e-24
659	4.52591e-24
660	4.52591e-24
661	4.52591e-24
662	4.52591e-24
663	4.52591e-24
664	4.52591e-24
665	4.52591e-24
666	4.52591e-24
667	4.52591e-24
668	4.52591e-24
669	4.52591e-24
670	4.52591e-24
671	4.52591e-24
672	4.52591e-24
673	4.52591e-24
674	4.52591e-24
675	4.52591e-24
676	4.52591e-24
677	4.52591e-24
678	4.52591e-24
679	4.52591e-24
680	4.52591e-24
681	4.52591e-24
682	4.52591e-24
683	4.52591e-24
684	4.52591e-24
685	4.52591e-24
686	4.52591e-24
687	4.52591e-24
688	4.52591e-24
689	4.52591e-24
690	4.52591e-24
691	4.52591e-24
692	4.52591e-24
693	4.52591e-24
694	4.52591e-24
695	4.52591e-24
696	4.52591e-24
697	4.52591e-24
698	4.52591e-24
699	4.52591e-24
700	4.52591e-24
701	4.52591e-24
702	4.52591e-24
703	4.52591e-24
704	4.52591e-24
705	4.52591e-24
706	4.52591e-24
707	4.52591e-24
708	4.52591e-24
709	4.52591e-24
710	4.52591e-24
711	4.52591e-24
712	4.52591e-24
713	4.52591e-24
714	4.52591e-24
715	4.52591e-24
716	4.52591e-24
717	4.52591e-24
718	4.52591e-24
719	4.52591e-24
720	4.52591e-24
721	4.52591e-24
722	4.52591e-24
723	4.52591e-24
724	4.52591e-24
725	4.52591e-24
726	4.52591e-24
727	4.52591e-24
728	4.52591e-24
729	4.52591e-24
730	4.52591e-24
731	4.52591e-24
732	4.52591e-24
733	4.52591e-24
734	4.52591e-24
735	4.52591e-24
736	4.52591e-24
737	4.52591e-24
738	4.52591e-24
739	4.52591e-24
740	4.52591e-24
741	4.52591e-24
742	4.52591e-24
743	4.52591e-24
744	4.52591e-24
745	4.52591e-24
746	4.52591e-24
747	4.52591e-24
748	4.52591e-24
749	4.52591e-24
750	4.52591e-24
751	4.52591e-24
752	4.52591e-24
753	4.52591e-24
754	4.52591e-24
755	4.52591e-24
756	4.52591e-24
757	4.52591e-24
758	4.52591e-24
759	4.52591e-24
760	4.52591e-24
761	4.52591e-24
762	4.52591e-24
763	4.52591e-24
764	4.52591e-24
765	4.52591e-24
766	4.52591e-24
767	4.52591e-24
768	4.52591e-24
769	4.52591e-24
770	4.52591e-24
771	4.52591e-24
772	4.52591e-24
773	4.52591e-24
774	4.52591e-24
775	4.52591e-24
776	4.52591e-24
777	4.52591e-24
778	4.52591e-24
779	4.52591e-24
780	4.52591e-24
781	4.52591e-24
782	4.52591e-24
783	4.52591e-24
784	4.52591e-24
785	4.52591e-24
786	4.52591e-24
787	4.52591e-24
788	4.52591e-24
789	4.52591e-24
790	4.52591e-24
791	4.52591e-24
792	4.52591e-24
793	4.52591e-24
794	4.52591e-24
795	4.52591e-24
796	4.52591e-24
797	4.52591e-24
798	4.52591e-24
799	4.52591e-24
800	4.52591e-24
801	4.52591e-24
802	4.52591e-24
803	4.52591e-24
804	4.52591e-24
805	4.52591e-24
806	4.52591e-24
807	4.52591e-24
808	4.52591e-24
809	4.52591e-24
810	4.52591e-24
811	4.52591e-24
812	4.52591e-24
813	4.52591e-24
814	4.52591e-24
815	4.52591e-24
816	4.52591e-24
817	4.52591e-24
818	4.52591e-24
819	4.52591e-24
820	4.52591e-24
821	4.52591e-24
822	4.52591e-24
823	4.52591e-24
824	4.52591e-24
825	4.52591e-24
826	4.52591e-24
827	4.52591e-24
828	4.52591e-24
829	4.52591e-24
830	4.52591e-24
831	4.52591e-24
832	4.52591e-24
833	4.52591e-24
834	4.52591e-24
835	4.52591e-24
836	4.52591e-24
837	4.52591e-24
838	4.52591e-24
839	4.52591e-24
840	4.52591e-24
841	4.52591e-24
842	4.52591e-24
843	4.52591e-24
844	4.52591e-24
845	4.52591e-24
846	4.52591e-24
847	4.52591e-24
848	4.52591e-24
849	4.52591e-24
850	4.52591e-24
851	4.52591e-24
852	4.52591e-24
853	4.52591e-24
854	4.52591e-24
855	4.52591e-24
856	4.52591e-24
857	4.52591e-24
858	4.52591e-24
859	4.52591e-24
860	4.52591e-24
861	4.52591e-24
862	4.52591e-24
863	4.52591e-24
864	4.52591e-24
865	4.52591e-24
866	4.52591e-24
867	4.52591e-24
868	4.52591e-24
869	4.52591e-24
870	4.52591e-24
871	4.52591e-24
872	4.52591e-24
873	4.52591e-24
874	4.52591e-24
875	4.52591e-24
876	4.52591e-24
877	4.52591e-24
878	4.52591e-24
879	4.52591e-24
880	4.52591e-24
881	4.52591e-24
882	4.52591e-24
883	4.52591e-24
884	4.52591e-24
885	4.52591e-24
886	4.52591e-24
887	4.52591e-24
888	4.52591e-24
889	4.52591e-24
890	4.52591e-24
891	4.52591e-24
892	4.52591e-24
893	4.52591e-24
894	4.52591e-24
895	4.52591e-24
896	4.52591e-24
897	4.52591e-24
898	4.52591e-24
899	4.52591e-24
900	4.52591e-24
901	4.52591e-24
902	4.52591e-24
903	4.52591e-24
904	4.52591e-24
905	4.52591e-24
906	4.52591e-24
907	4.52591e-24
908	4.52591e-24
909	4.52591e-24
910	4.52591e-24
911	4.52591e-24
912	4.52591e-24
913	4.52591e-24
914	4.52591e-24
915	4.52591e-24
916	4.52591e-24
917	4.52591e-24
918	4.52591e-24
919	4.52591e-24
920	4.52591e-24
921	4.52591e-24
922	4.52591e-24
923	4.52591e-24
924	4.52591e-24
925	4.52591e-24
926	4.52591e-24
927	4.52591e-24
928	4.52591e-24
929	4.52591e-24
930	4.52591e-24
931	4.52591e-24
932	4.52591e-24
933	4.52591e-24
934	4.52591e-24
935	4.52591e-24
936	4.52591e-24
937	4.52591e-24
938	4.52591e-24
939	4.52591e-24
940	4.52591e-24
941	4.52591e-24
942	4.52591e-24
943	4.52591e-24
944	4.52591e-24
945	4.52591e-24
946	4.52591e-24
947	4.52591e-24
948	4.52591e-24
949	4.52591e-24
950	4.52591e-24
951	4.52591e-24
952	4.52591e-24
953	4.52591e-24
954	4.52591e-24
955	4.52591e-24
956	4.52591e-24
957	4.52591e-24
958	4.52591e-24
959	4.52591e-24
960	4.52591e-24
961	4.52591e-24
962	4.52591e-24
963	4.52591e-24
964	4.52591e-24
965	4.52591e-24
966	4.52591e-24
967	4.52591e-24
968	4.52591e-24
969	4.52591e-24
970	4.52591e-24
971	4.52591e-24
972	4.52591e-24
973	4.52591e-24
974	4.52591e-24
975	4.52591e-24
976	4.52591e-24
977	4.52591e-24
978	4.52591e-24
979	4.52591e-24
980	4.52591e-24
981	4.52591e-24
982	4.52591e-24
983	4.52591e-24
984	4.52591e-24
985	4.52591e-24
986	4.52591e-24
987	4.52591e-24
988	4.52591e-24
989	4.52591e-24
990	4.52591e-24
991	4.52591e-24
992	4.52591e-24
993	4.52591e-24
994	4.52591e-24
995	4.52591e-24
996	4.52591e-24
997	4.52591e-24
998	4.52591e-24
999	4.52591e-24
1000	4.52591e-24
1001	4.52591e-24
1002	4.52591e-24
1003	4.52591e-24
1004	4.52591e-24
1005	4.52591e-24
1006	4.52591e-24
1007	4.52591e-24
1008	4.52591e-24
1009	4.52591e-24
1010	4.52591e-24
1011	4.52591e-24
1012	4.52591e-24
1013	4.52591e-24
1014	4.52591e-24
1015	4.52591e-24
1016	4.52591e-24
1017	4.52591e-24
1018	4.52591e-24
1019	4.52591e-24
1020	4.52591e-24
1021	4.52591e-24
1022	4.52591e-24
1023	4.52591e-24
1024	4.52591e-24
1025	4.52591e-24
1026	4.52591e-24
1027	4.52591e-24
1028	4.52591e-24
1029	4.52591e-24
1030	4.52591e-24
1031	4.52591e-24
1032	4.52591e-24
1033	4.52591e-24
1034	4.52591e-24
1035	4.52591e-24
1036	4.52591e-24
1037	4.52591e-24
1038	4.52591e-24
1039	4.52591e-24
1040	4.52591e-24
1041	4.52591e-24
1042	4.52591e-24
1043	4.52591e-24
1044	4.52591e-24
1045	4.52591e-24
1046	4.52591e-24
1047	4.52591e-24
1048	4.52591e-24
1049	4.52591e-24
1050	4.52591e-24
1051	4.52591e-24
1052	4.52591e-24
1053	4.52591e-24
1054	4.52591e-24
1055	4.52591e-24
1056	4.52591e-24
1057	4.52591e-24
1058	4.52591e-24
1059	4.52591e-24
1060	4.52591e-24
1061	4.52591e-24
1062	4.52591e-24
1063	4.52591e-24
1064	4.52591e-24
1065	4.52591e-24
1066	4.52591e-24
1067	4.52591e-24
1068	4.52591e-24
1069	4.52591e-24
1070	4.52591e-24
1071	4.52591e-24
1072	4.52591e-24
1073	4.52591e-24
1074	4.52591e-24
1075	4.52591e-24
1076	4.52591e-24
1077	4.52591e-24
1078	4.52591e-24
1079	4.52591e-24
1080	4.52591e-24
1081	4.52591e-24
1082	4.52591e-24
1083	4.52591e-24
1084	4.52591e-24
1085	4.52591e-24
1086	4.52591e-24
1087	4.52591e-24
1088	4.52591e-24
1089	4.52591e-24
1090	4.52591e-24
1091	4.52591e-24
1092	4.52591e-24
1093	4.52591e-24
1094	4.52591e-24
1095	4.52591e-24
1096	4.52591e-24
1097	4.52591e-24
1098	4.52591e-24
1099	4.52591e-24
1100	4.52591e-24
1101	4.52591e-24
1102	4.52591e-24
1103	4.52591e-24
1104	4.52591e-24
1105	4.52591e-24
1106	4.52591e-24
1107	4.52591e-24
1108	4.52591e-24
1109	4.52591e-24
1110	4.52591e-24
1111	4.52591e-24
1112	4.52591e-24
1113	4.52591e-24
1114	4.52591e-24
1115	4.52591e-24
1116	4.52591e-24
1117	4.52591e-24
1118	4.52591e-24
1119	4.52591e-24
1120	4.52591e-24
1121	4.52591e-24
1122	4.52591e-24
1123	4.52591e-24
1124	4.52591e-24
1125	4.52591e-24
1126	4.52591e-24
1127	4.52591e-24
1128	4.52591e-24
1129	4.52591e-24
1130	4.52591e-24
1131	4.52591e-24
1132	4.52591e-24
1133	4.52591e-24
1134	4.52591e-24
1135	4.52591e-24
1136	4.52591e-24
1137	4.52591e-24
1138	4.52591e-24
1139	4.52591e-24
1140	4.52591e-24
1141	4.52591e-24
1142	4.52591e-24
1143	4.52591e-24
1144	4.52591e-24
1145	4.52591e-24
1146	4.52591e-24
1147	4.52591e-24
1148	4.52591e-24
1149	4.52591e-24
1150	4.52591e-24
1151	4.52591e-24
1152	4.52591e-24
1153	4.52591e-24
1154	4.52591e-24
1155	4.52591e-24
1156	4.52591e-24
1157	4.52591e-24
1158	4.52591e-24
1159	4.52591e-24
1160	4.52591e-24
1161	4.52591e-24
1162	4.52591e-24
1163	4.52591e-24
1164	4.52591e-24
1165	4.52591e-24
1166	4.52591e-24
1167	4.52591e-24
1168	4.52591e-24
1169	4.52591e-24
1170	4.52591e-24
1171	4.52591e-24
1172	4.52591e-24
1173	4.52591e-24
1174	4.52591e-24
1175	4.52591e-24
1176	4.52591e-24
1177	4.52591e-24
1178	4.52591e-24
1179	4.52591e-24
1180	4.52591e-24
1181	4.52591e-24
1182	4.52591e-24
1183	4.52591e-24
1184	4.52591e-24
1185	4.52591e-24
1186	4.52591e-24
1187	4.52591e-24
1188	4.52591e-24
1189	4.52591e-24
1190	4.52591e-24
1191	4.52591e-24
1192	4.52591e-24
1193	4.52591e-24
1194	4.52591e-24
1195	4.52591e-24
1196	4.52591e-24
1197	4.52591e-24
1198	4.52591e-24
1199	4.52591e-24
1200	4.52591e-24
1201	4.52591e-24
1202	4.52591e-24
1203	4.52591e-24
1204	4.52591e-24
1205	4.52591e-24
1206	4.52591e-24
1207	4.52591e-24
1208	4.52591e-24
1209	4.52591e-24
1210	4.52591e-24
1211	4.52591e-24
1212	4.52591e-24
1213	4.52591e-24
1214	4.52591e-24
1215	4.52591e-24
1216	4.52591e-24
1217	4.52591e-24
1218	4.52591e-24
1219	4.52591e-24
1220	4.52591e-24
1221	4.52591e-24
1222	4.52591e-24
1223	4.52591e-24
1224	4.52591e-24
1225	4.52591e-24
1226	4.52591e-24
1227	4.52591e-24
1228	4.52591e-24
1229	4.52591e-24
1230	4.52591e-24
1231	4.52591e-24
1232	4.52591e-24
1233	4.52591e-24
1234	4.52591e-24
1235	4.52591e-24
1236	4.52591e-24
1237	4.52591e-24
1238	4.52591e-24
1239	4.52591e-24
1240	4.52591e-24
1241	4.52591e-24
1242	4.52591e-24
1243	4.52591e-24
1244	4.52591e-24
1245	4.52591e-24
1246	4.52591e-24
1247	4.52591e-24
1248	4.52591e-24
1249	4.52591e-24
1250	4.52591e-24
1251	4.52591e-24
1252	4.52591e-24
1253	4.52591e-24
1254	4.52591e-24
1255	4.52591e-24
1256	4.52591e-24
1257	4.52591e-24
1258	4.52591e-24
1259	4.52591e-24
1260	4.52591e-24
1261	4.52591e-24
1262	4.52591e-24
1263	4.52591e-24
1264	4.52591e-24
1265	4.52591e-24
1266	4.52591e-24
1267	4.52591e-24
1268	4.52591e-24
1269	4.52591e-24
1270	4.52591e-24
1271	4.52591e-24
1272	4.52591e-24
1273	4.52591e-24
1274	4.52591e-24
1275	4.52591e-24
1276	4.52591e-24
1277	4.52591e-24
1278	4.52591e-24
1279	4.52591e-24
1280	4.52591e-24
1281	4.52591e-24
1282	4.52591e-24
1283	4.52591e-24
1284	4.52591e-24
1285	4.52591e-24
1286	4.52591e-24
1287	4.52591e-24
1288	4.52591e-24
1289	4.52591e-24
1290	4.52591e-24
1291	4.52591e-24
1292	4.52591e-24
1293	4.52591e-24
1294	4.52591e-24
1295	4.52591e-24
1296	4.52591e-24
1297	4.52591e-24
1298	4.52591e-24
1299	4.52591e-24
1300	4.52591e-24
1301	4.52591e-24
1302	4.52591e-24
1303	4.52591e-24
1304	4.52591e-24
1305	4.52591e-24
1306	4.52591e-24
1307	4.52591e-24
1308	4.52591e-24
1309	4.52591e-24
1310	4.52591e-24
1311	4.52591e-24
1312	4.52591e-24
1313	4.52591e-24
1314	4.52591e-24
1315	4.52591e-24
1316	4.52591e-24
1317	4.52591e-24
1318	4.52591e-24
1319	4.52591e-24
1320	4.52591e-24
1321	4.52591e-24
1322	4.52591e-24
1323	4.52591e-24
1324	4.52591e-24
1325	4.52591e-24
1326	4.52591e-24
1327	4.52591e-24
1328	4.52591e-24
1329	4.52591e-24
1330	4.52591e-24
1331	4.52591e-24
1332	4.52591e-24
1333	4.52591e-24
1334	4.52591e-24
1335	4.52591e-24
1336	4.52591e-24
1337	4.52591e-24
1338	4.52591e-24
1339	4.52591e-24
1340	4.52591e-24
1341	4.52591e-24
1342	4.52591e-24
1343	4.52591e-24
1344	4.52591e-24
1345	4.52591e-24
1346	4.52591e-24
1347	4.52591e-24
1348	4.52591e-24
1349	4.52591e-24
1350	4.52591e-24
1351	4.52591e-24
1352	4.52591e-24
1353	4.52591e-24
1354	4.52591e-24
1355	4.52591e-24
1356	4.52591e-24
1357	4.52591e-24
1358	4.52591e-24
1359	4.52591e-24
1360	4.52591e-24
1361	4.52591e-24
1362	4.52591e-24
1363	4.52591e-24
1364	4.52591e-24
1365	4.52591e-24
1366	4.52591e-24
1367	4.52591e-24
1368	4.52591e-24
1369	4.52591e-24
1370	4.52591e-24
1371	4.52591e-24
1372	4.52591e-24
1373	4.52591e-24
1374	4.52591e-24
1375	4.52591e-24
1376	4.52591e-24
1377	4.52591e-24
1378	4.52591e-24
1379	4.52591e-24
1380	4.52591e-24
1381	4.52591e-24
1382	4.52591e-24
1383	4.52591e-24
1384	4.52591e-24
1385	4.52591e-24
1386	4.52591e-24
1387	4.52591e-24
1388	4.52591e-24
1389	4.52591e-24
1390	4.52591e-24
1391	4.52591e-24
1392	4.52591e-24
1393	4.52591e-24
1394	4.52591e-24
1395	4.52591e-24
1396	4.52591e-24
1397	4.52591e-24
1398	4.52591e-24
1399	4.52591e-24
1400	4.52591e-24
1401	4.52591e-24
1402	4.52591e-24
1403	4.52591e-24
1404	4.52591e-24
1405	4.52591e-24
1406	4.52591e-24
1407	4.52591e-24
1408	4.52591e-24
1409	4.52591e-24
1410	4.52591e-24
1411	4.52591e-24
1412	4.52591e-24
1413	4.52591e-24
1414	4.52591e-24
1415	4.52591e-24
1416	4.52591e-24
1417	4.52591e-24
1418	4.52591e-24
1419	4.52591e-24
1420	4.52591e-24
1421	4.52591e-24
1422	4.52591e-24
1423	4.52591e-24
1424	4.52591e-24
1425	4.52591e-24
1426	4.52591e-24
1427	4.52591e-24
1428	4.52591e-24
1429	4.52591e-24
1430	4.52591e-24
1431	4.52591e-24
1432	4.52591e-24
1433	4.52591e-24
1434	4.52591e-24
1435	4.52591e-24
1436	4.52591e-24
1437	4.52591e-24
1438	4.52591e-24
1439	4.52591e-24
1440	4.52591e-24
1441	4.52591e-24
1442	4.52591e-24
1443	4.52591e-24
1444	4.52591e-24
1445	4.52591e-24
1446	4.52591e-24
1447	4.52591e-24
1448	4.52591e-24
1449	4.52591e-24
1450	4.52591e-24
1451	4.52591e-24
1452	4.52591e-24
1453	4.52591e-24
1454	4.52591e-24
1455	4.52591e-24
1456	4.52591e-24
1457	4.52591e-24
1458	4.52591e-24
1459	4.52591e-24
1460	4.52591e-24
1461	4.52591e-24
1462	4.52591e-24
1463	4.52591e-24
1464	4.52591e-24
1465	4.52591e-24
1466	4.52591e-24
1467	4.52591e-24
1468	4.52591e-24
1469	4.52591e-24
1470	4.52591e-24
1471	4.52591e-24
1472	4.52591e-24
1473	4.52591e-24
1474	4.52591e-24
1475	4.52591e-24
1476	4.52591e-24
1477	4.52591e-24
1478	4.52591e-24
1479	4.52591e-24
1480	4.52591e-24
1481	4.52591e-24
1482	4.52591e-24
1483	4.52591e-24
1484	4.52591e-24
1485	4.52591e-24
1486	4.52591e-24
1487	4.52591e-24
1488	4.52591e-24
1489	4.52591e-24
1490	4.52591e-24
1491	4.52591e-24
1492	4.52591e-24
1493	4.52591e-24
1494	4.52591e-24
1495	4.52591e-24
1496	4.52591e-24
1497	4.52591e-24
1498	4.52591e-24
1499	4.52591e-24
1500	4.52591e-24
1501	4.52591e-24
1502	4.52591e-24
1503	4.52591e-24
1504	4.52591e-24
1505	4.52591e-24
1506	4.52591e-24
1507	4.52591e-24
1508	4.52591e-24
1509	4.52591e-24
1510	4.52591e-24
1511	4.52591e-24
1512	4.52591e-24
1513	4.52591e-24
1514	4.52591e-24
1515	4.52591e-24
1516	4.52591e-24
1517	4.52591e-24
1518	4.52591e-24
1519	4.52591e-24
1520	4.52591e-24
1521	4.52591e-24
1522	4.52591e-24
1523	4.52591e-24
1524	4.52591e-24
1525	4.52591e-24
1526	4.52591e-24
1527	4.52591e-24
1528	4.52591e-24
1529	4.52591e-24
1530	4.52591e-24
1531	4.52591e-24
1532	4.52591e-24
1533	4.52591e-24
1534	4.52591e-24
1535	4.52591e-24
1536	4.52591e-24
1537	4.52591e-24
1538	4.52591e-24
1539	4.52591e-24
1540	4.52591e-24
1541	4.52591e-24
1542	4.52591e-24
1543	4.52591e-24
1544	4.52591e-24
1545	4.52591e-24
1546	4.52591e-24
1547	4.52591e-24
1548	4.52591e-24
1549	4.52591e-24
1550	4.52591e-24
1551	4.52591e-24
1552	4.52591e-24
1553	4.52591e-24
1554	4.52591e-24
1555	4.52591e-24
1556	4.52591e-24
1557	4.52591e-24
1558	4.52591e-24
1559	4.52591e-24
1560	4.52591e-24
1561	4.52591e-24
1562	4.52591e-24
1563	4.52591e-24
1564	4.52591e-24
1565	4.52591e-24
1566	4.52591e-24
1567	4.52591e-24
1568	4.52591e-24
1569	4.52591e-24
1570	4.52591e-24
1571	4.52591e-24
1572	4.52591e-24
1573	4.52591e-24
1574	4.52591e-24
1575	4.52591e-24
1576	4.52591e-24
1577	4.52591e-24
1578	4.52591e-24
1579	4.52591e-24
1580	4.52591e-24
1581	4.52591e-24
1582	4.52591e-24
1583	4.52591e-24
1584	4.52591e-24
1585	4.52591e-24
1586	4.52591e-24
1587	4.52591e-24
1588	4.52591e-24
1589	4.52591e-24
1590	4.52591e-24
1591	4.52591e-24
1592	4.52591e-24
1593	4.52591e-24
1594	4.52591e-24
1595	4.52591e-24
1596	4.52591e-24
1597	4.52591e-24
1598	4.52591e-24
1599	4.52591e-24
1600	4.52591e-24
1601	4.52591e-24
1602	4.52591e-24
1603	4.52591e-24
1604	4.52591e-24
1605	4.52591e-24
1606	4.52591e-24
1607	4.52591e-24
1608	4.52591e-24
1609	4.52591e-24
1610	4.52591e-24
1611	4.52591e-24
1612	4.52591e-24
1613	4.52591e-24
1614	4.52591e-24
1615	4.52591e-24
1616	4.52591e-24
1617	4.52591e-24
1618	4.52591e-24
1619	4.52591e-24
1620	4.52591e-24
1621	4.52591e-24
1622	4.52591e-24
1623	4.52591e-24
1624	4.52591e-24
1625	4.52591e-24
1626	4.52591e-24
1627	4.52591e-24
1628	4.52591e-24
1629	4.52591e-24
1630	4.52591e-24
1631	4.52591e-24
1632	4.52591e-24
1633	4.52591e-24
1634	4.52591e-24
1635	4.52591e-24
1636	4.52591e-24
1637	4.52591e-24
1638	4.52591e-24
1639	4.52591e-24
1640	4.52591e-24
1641	4.52591e-24
1642	4.52591e-24
1643	4.52591e-24
1644	4.52591e-24
1645	4.52591e-24
1646	4.52591e-24
1647	4.52591e-24
1648	4.52591e-24
1649	4.52591e-24
1650	4.52591e-24
1651	4.52591e-24
1652	4.52591e-24
1653	4.52591e-24
1654	4.52591e-24
1655	4.52591e-24
1656	4.52591e-24
1657	4.52591e-24
1658	4.52591e-24
1659	4.52591e-24
1660	4.52591e-24
1661	4.52591e-24
1662	4.52591e-24
1663	4.52591e-24
1664	4.52591e-24
1665	4.52591e-24
1666	4.52591e-24
1667	4.52591e-24
1668	4.52591e-24
1669	4.52591e-24
1670	4.52591e-24
1671	4.52591e-24
1672	4.52591e-24
1673	4.52591e-24
1674	4.52591e-24
1675	4.52591e-24
1676	4.52591e-24
1677	4.52591e-24
1678	4.52591e-24
1679	4.52591e-24
1680	4.52591e-24
1681	4.52591e-24
1682	4.52591e-24
1683	4.52591e-24
1684	4.52591e-24
1685	4.52591e-24
1686	4.52591e-24
1687	4.52591e-24
1688	4.52591e-24
1689	4.52591e-24
1690	4.52591e-24
1691	4.52591e-24
1692	4.52591e-24
1693	4.52591e-24
1694	4.52591e-24
1695	4.52591e-24
1696	4.52591e-24
1697	4.52591e-24
1698	4.52591e-24
1699	4.52591e-24
1700	4.52591e-24
1701	4.52591e-24
1702	4.52591e-24
1703	4.52591e-24
1704	4.52591e-24
1705	4.52591e-24
1706	4.52591e-24
1707	4.52591e-24
1708	4.52591e-24
1709	4.52591e-24
1710	4.52591e-24
1711	4.52591e-24
1712	4.52591e-24
1713	4.52591e-24
1714	4.52591e-24
1715	4.52591e-24
1716	4.52591e-24
1717	4.52591e-24
1718	4.52591e-24
1719	4.52591e-24
1720	4.52591e-24
1721	4.52591e-24
1722	4.52591e-24
1723	4.52591e-24
1724	4.52591e-24
1725	4.52591e-24
1726	4.52591e-24
1727	4.52591e-24
1728	4.52591e-24
1729	4.52591e-24
1730	4.52591e-24
1731	4.52591e-24
1732	4.52591e-24
1733	4.52591e-24
1734	4.52591e-24
1735	4.52591e-24
1736	4.52591e-24
1737	4.52591e-24
1738	4.52591e-24
1739	4.52591e-24
1740	4.52591e-24
1741	4.52591e-24
1742	4.52591e-24
1743	4.52591e-24
1744	4.52591e-24
1745	4.52591e-24
1746	4.52591e-24
1747	4.52591e-24
1748	4.52591e-24
1749	4.52591e-24
1750	4.52591e-24
1751	4.52591e-24
1752	4.52591e-24
1753	4.52591e-24
1754	4.52591e-24
1755	4.52591e-24
1756	4.52591e-24
1757	4.52591e-24
1758	4.52591e-24
1759	4.52591e-24
1760	4.52591e-24
1761	4.52591e-24
1762	4.52591e-24
1763	4.52591e-24
1764	4.52591e-24
1765	4.52591e-24
1766	4.52591e-24
1767	4.52591e-24
1768	4.52591e-24
1769	4.52591e-24
1770	4.52591e-24
1771	4.52591e-24
1772	4.52591e-24
1773	4.52591e-24
1774	4.52591e-24
1775	4.52591e-24
1776	4.52591e-24
1777	4.52591e-24
1778	4.52591e-24
1779	4.52591e-24
1780	4.52591e-24
1781	4.52591e-24
1782	4.52591e-24
1783	4.52591e-24
1784	4.52591e-24
1785	4.52591e-24
1786	4.52591e-24
1787	4.52591e-24
1788	4.52591e-24
1789	4.52591e-24
1790	4.52591e-24
1791	4.52591e-24
1792	4.52591e-24
1793	4.52591e-24
1794	4.52591e-24
1795	4.52591e-24
1796	4.52591e-24
1797	4.52591e-24
1798	4.52591e-24
1799	4.52591e-24
1800	4.52591e-24
1801	4.52591e-24
1802	4.52591e-24
1803	4.52591e-24
1804	4.52591e-24
1805	4.52591e-24
1806	4.52591e-24
1807	4.52591e-24
1808	4.52591e-24
1809	4.52591e-24
1810	4.52591e-24
1811	4.52591e-24
1812	4.52591e-24
1813	4.52591e-24
1814	4.52591e-24
1815	4.52591e-24
1816	4.52591e-24
1817	4.52591e-24
1818	4.52591e-24
1819	4.52591e-24
1820	4.52591e-24
1821	4.52591e-24
1822	4.52591e-24
1823	4.52591e-24
1824	4.52591e-24
1825	4.52591e-24
1826	4.52591e-24
1827	4.52591e-24
1828	4.52591e-24
1829	4.52591e-24
1830	4.52591e-24
1831	4.52591e-24
1832	4.52591e-24
1833	4.52591e-24
1834	4.52591e-24
1835	4.52591e-24
1836	4.52591e-24
1837	4.52591e-24
1838	4.52591e-24
1839	4.52591e-24
1840	4.52591e-24
1841	4.52591e-24
1842	4.52591e-24
1843	4.52591e-24
1844	4.52591e-24
1845	4.52591e-24
1846	4.52591e-24
1847	4.52591e-24
1848	4.52591e-24
1849	4.52591e-24
1850	4.52591e-24
1851	4.52591e-24
1852	4.52591e-24
1853	4.52591e-24
1854	4.52591e-24
1855	4.52591e-24
1856	4.52591e-24
1857	4.52591e-24
1858	4.52591e-24
1859	4.52591e-24
1860	4.52591e-24
1861	4.52591e-24
1862	4.52591e-24
1863	4.52591e-24
1864	4.52591e-24
1865	4.52591e-24
1866	4.52591e-24
1867	4.52591e-24
1868	4.52591e-24
1869	4.52591e-24
1870	4.52591e-24
1871	4.52591e-24
1872	4.52591e-24
1873	4.52591e-24
1874	4.52591e-24
1875	4.52591e-24
1876	4.52591e-24
1877	4.52591e-24
1878	4.52591e-24
1879	4.52591e-24
1880	4.52591e-24
1881	4.52591e-24
1882	4.52591e-24
1883	4.52591e-24
1884	4.52591e-24
1885	4.52591e-24
1886	4.52591e-24
1887	4.52591e-24
1888	4.52591e-24
1889	4.52591e-24
1890	4.52591e-24
1891	4.52591e-24
1892	4.52591e-24
1893	4.52591e-24
1894	4.52591e-24
1895	4.52591e-24
1896	4.52591e-24
1897	4.52591e-24
1898	4.52591e-24
1899	4.52591e-24
1900	4.52591e-24
1901	4.52591e-24
1902	4.52591e-24
1903	4.52591e-24
1904	4.52591e-24
1905	4.52591e-24
1906	4.52591e-24
1907	4.52591e-24
1908	4.52591e-24
1909	4.52591e-24
1910	4.52591e-24
1911	4.52591e-24
1912	4.52591e-24
1913	4.52591e-24
1914	4.52591e-24
1915	4.52591e-24
1916	4.52591e-24
1917	4.52591e-24
1918	4.52591e-24
1919	4.52591e-24
1920	4.52591e-24
1921	4.52591e-24
1922	4.52591e-24
1923	4.52591e-24
1924	4.52591e-24
1925	4.52591e-24
1926	4.52591e-24
1927	4.52591e-24
1928	4.52591e-24
1929	4.52591e-24
1930	4.52591e-24
1931	4.52591e-24
1932	4.52591e-24
1933	4.52591e-24
1934	4.52591e-24
1935	4.52591e-24
1936	4.52591e-24
1937	4.52591e-24
1938	4.52591e-24
1939	4.52591e-24
1940	4.52591e-24
1941	4.52591e-24
1942	4.52591e-24
1943	4.52591e-24
1944	4.52591e-24
1945	4.52591e-24
1946	4.52591e-24
1947	4.52591e-24
1948	4.52591e-24
1949	4.52591e-24
1950	4.52591e-24
1951	4.52591e-24
1952	4.52591e-24
1953	4.52591e-24
1954	4.52591e-24
1955	4.52591e-24
1956	4.52591e-24
1957	4.52591e-24
1958	4.52591e-24
1959	4.52591e-24
1960	4.52591e-24
1961	4.52591e-24
1962	4.52591e-24
1963	4.52591e-24
1964	4.52591e-24
1965	4.52591e-24
1966	4.52591e-24
1967	4.52591e-24
1968	4.52591e-24
1969	4.52591e-24
1970	4.52591e-24
1971	4.52591e-24
1972	4.52591e-24
1973	4.52591e-24
1974	4.52591e-24
1975	4.52591e-24
1976	4.52591e-24
1977	4.52591e-24
1978	4.52591e-24
1979	4.52591e-24
1980	4.52591e-24
1981	4.52591e-24
1982	4.52591e-24
1983	4.52591e-24
1984	4.52591e-24
1985	4.52591e-24
1986	4.52591e-24
1987	4.52591e-24
1988	4.52591e-24
1989	4.52591e-24
1990	4.52591e-24
1991	4.52591e-24
1992	4.52591e-24
1993	4.52591e-24
1994	4.52591e-24
1995	4.52591e-24
1996	4.52591e-24
1997	4.52591e-24
1998	4.52591e-24
1999	4.52591e-24
2000	4.52591e-24
2001	4.52591e-24
2002	4.52591e-24
2003	4.52591e-24
2004	4.52591e-24
2005	4.52591e-24
2006	4.52591e-24
2007	4.52591e-24
2008	4.52591e-24
2009	4.52591e-24
2010	4.52591e-24
2011	4.52591e-24
2012	4.52591e-24
2013	4.52591e-24
2014	4.52591e-24
2015	4.52591e-24
2016	4.52591e-24
2017	4.52591e-24
2018	4.52591e-24
2019	4.52591e-24
2020	4.52591e-24
2021	4.52591e-24
2022	4.52591e-24
2023	4.52591e-24
2024	4.52591e-24
2025	4.52591e-24
2026	4.52591e-24
2027	4.52591e-24
2028	4.52591e-24
2029	4.52591e-24
2030	4.52591e-24
2031	4.52591e-24
2032	4.52591e-24
2033	4.52591e-24
2034	4.52591e-24
2035	4.52591e-24
2036	4.52591e-24
2037	4.52591e-24
2038	4.52591e-24
2039	4.52591e-24
2040	4.52591e-24
2041	4.52591e-24
2042	4.52591e-24
2043	4.52591e-24
2044	4.52591e-24
2045	4.52591e-24
2046	4.52591e-24
2047	4.52591e-24
2048	4.52591e-24
2049	4.52591e-24
2050	4.52591e-24
2051	4.52591e-24
2052	4.52591e-24
2053	4.52591e-24
2054	4.52591e-24
2055	4.52591e-24
2056	4.52591e-24
2057	4.52591e-24
2058	4.52591e-24
2059	4.52591e-24
2060	4.52591e-24
2061	4.52591e-24
2062	4.52591e-24
2063	4.52591e-24
2064	4.52591e-24
2065	4.52591e-24
2066	4.52591e-24
2067	4.52591e-24
2068	4.52591e-24
2069	4.52591e-24
2070	4.52591e-24
2071	4.52591e-24
2072	4.52591e-24
2073	4.52591e-24
2074	4.52591e-24
2075	4.52591e-24
2076	4.52591e-24
2077	4.52591e-24
2078	4.52591e-24
2079	4.52591e-24
2080	4.52591e-24
2081	4.52591e-24
2082	4.52591e-24
2083	4.52591e-24
2084	4.52591e-24
2085	4.52591e-24
2086	4.52591e-24
2087	4.52591e-24
2088	4.52591e-24
2089	4.52591e-24
2090	4.52591e-24
2091	4.52591e-24
2092	4.52591e-24
2093	4.52591e-24
2094	4.52591e-24
2095	4.52591e-24
2096	4.52591e-24
2097	4.52591e-24
2098	4.52591e-24
2099	4.52591e-24
2100	4.52591e-24
2101	4.52591e-24
2102	4.52591e-24
2103	4.52591e-24
2104	4.52591e-24
2105	4.52591e-24
2106	4.52591e-24
2107	4.52591e-24
2108	4.52591e-24
2109	4.52591e-24
2110	4.52591e-24
2111	4.52591e-24
2112	4.52591e-24
2113	4.52591e-24
2114	4.52591e-24
2115	4.52591e-24
2116	4.52591e-24
2117	4.52591e-24
2118	4.52591e-24
2119	4.52591e-24
2120	4.52591e-24
2121	4.52591e-24
2122	4.52591e-24
2123	4.52591e-24
2124	4.52591e-24
2125	4.52591e-24
2126	4.52591e-24
2127	4.52591e-24
2128	4.52591e-24
2129	4.52591e-24
2130	4.52591e-24
2131	4.52591e-24
2132	4.52591e-24
2133	4.52591e-24
2134	4.52591e-24
2135	4.52591e-24
2136	4.52591e-24
2137	4.52591e-24
2138	4.52591e-24
2139	4.52591e-24
2140	4.52591e-24
2141	4.52591e-24
2142	4.52591e-24
2143	4.52591e-24
2144	4.52591e-24
2145	4.52591e-24
2146	4.52591e-24
2147	4.52591e-24
2148	4.52591e-24
2149	4.52591e-24
2150	4.52591e-24
2151	4.52591e-24
2152	4.52591e-24
2153	4.52591e-24
2154	4.52591e-24
2155	4.52591e-24
2156	4.52591e-24
2157	4.52591e-24
2158	4.52591e-24
2159	4.52591e-24
2160	4.52591e-24
2161	4.52591e-24
2162	4.52591e-24
2163	4.52591e-24
2164	4.52591e-24
2165	4.52591e-24
2166	4.52591e-24
2167	4.52591e-24
2168	4.52591e-24
2169	4.52591e-24
2170	4.52591e-24
2171	4.52591e-24
2172	4.52591e-24
2173	4.52591e-24
2174	4.52591e-24
2175	4.52591e-24
2176	4.52591e-24
2177	4.52591e-24
2178	4.52591e-24
2179	4.52591e-24
2180	4.52591e-24
2181	4.52591e-24
2182	4.52591e-24
2183	4.52591e-24
2184	4.52591e-24
2185	4.52591e-24
2186	4.52591e-24
2187	4.52591e-24
2188	4.52591e-24
2189	4.52591e-24
2190	4.52591e-24
2191	4.52591e-24
2192	4.52591e-24
2193	4.52591e-24
2194	4.52591e-24
2195	4.52591e-24
2196	4.52591e-24
2197	4.52591e-24
2198	4.52591e-24
2199	4.52591e-24
2200	4.52591e-24
2201	4.52591e-24
2202	4.52591e-24
2203	4.52591e-24
2204	4.52591e-24
2205	4.52591e-24
2206	4.52591e-24
2207	4.52591e-24
2208	4.52591e-24
2209	4.52591e-24
2210	4.52591e-24
2211	4.52591e-24
2212	4.52591e-24
2213	4.52591e-24
2214	4.52591e-24
2215	4.52591e-24
2216	4.52591e-24
2217	4.52591e-24
2218	4.52591e-24
2219	4.52591e-24
2220	4.52591e-24
2221	4.52591e-24
2222	4.52591e-24
2223	4.52591e-24
2224	4.52591e-24
2225	4.52591e-24
2226	4.52591e-24
2227	4.52591e-24
2228	4.52591e-24
2229	4.52591e-24
2230	4.52591e-24
2231	4.52591e-24
2232	4.52591e-24
2233	4.52591e-24
2234	4.52591e-24
2235	4.52591e-24
2236	4.52591e-24
2237	4.52591e-24
2238	4.52591e-24
2239	4.52591e-24
2240	4.52591e-24
2241	4.52591e-24
2242	4.52591e-24
2243	4.52591e-24
2244	4.52591e-24
2245	4.52591e-24
2246	4.52591e-24
2247	4.52591e-24
2248	4.52591e-24
2249	4.52591e-24
2250	4.52591e-24
2251	4.52591e-24
2252	4.52591e-24
2253	4.52591e-24
2254	4.52591e-24
2255	4.52591e-24
2256	4.52591e-24
2257	4.52591e-24
2258	4.52591e-24
2259	4.52591e-24
2260	4.52591e-24
2261	4.52591e-24
2262	4.52591e-24
2263	4.52591e-24
2264	4.52591e-24
2265	4.52591e-24
2266	4.52591e-24
2267	4.52591e-24
2268	4.52591e-24
2269	4.52591e-24
2270	4.52591e-24
2271	4.52591e-24
2272	4.52591e-24
2273	4.52591e-24
2274	4.52591e-24
2275	4.52591e-24
2276	4.52591e-24
2277	4.52591e-24
2278	4.52591e-24
2279	4.52591e-24
2280	4.52591e-24
2281	4.52591e-24
2282	4.52591e-24
2283	4.52591e-24
2284	4.52591e-24
2285	4.52591e-24
2286	4.52591e-24
2287	4.52591e-24
2288	4.52591e-24
2289	4.52591e-24
2290	4.52591e-24
2291	4.52591e-24
2292	4.52591e-24
2293	4.52591e-24
2294	4.52591e-24
2295	4.52591e-24
2296	4.52591e-24
2297	4.52591e-24
2298	4.52591e-24
2299	4.52591e-24
2300	4.52591e-24
2301	4.52591e-24
2302	4.52591e-24
2303	4.52591e-24
2304	4.52591e-24
2305	4.52591e-24
2306	4.52591e-24
2307	4.52591e-24
2308	4.52591e-24
2309	4.52591e-24
2310	4.52591e-24
2311	4.52591e-24
2312	4.52591e-24
2313	4.52591e-24
2314	4.52591e-24
2315	4.52591e-24
2316	4.52591e-24
2317	4.52591e-24
2318	4.52591e-24
2319	4.52591e-24
2320	4.52591e-24
2321	4.52591e-24
2322	4.52591e-24
2323	4.52591e-24
2324	4.52591e-24
2325	4.52591e-24
2326	4.52591e-24
2327	4.52591e-24
2328	4.52591e-24
2329	4.52591e-24
2330	4.52591e-24
2331	4.52591e-24
2332	4.52591e-24
2333	4.52591e-24
2334	4.52591e-24
2335	4.52591e-24
2336	4.52591e-24
2337	4.52591e-24
2338	4.52591e-24
2339	4.52591e-24
2340	4.52591e-24
2341	4.52591e-24
2342	4.52591e-24
2343	4.52591e-24
2344	4.52591e-24
2345	4.52591e-24
2346	4.52591e-24
2347	4.52591e-24
2348	4.52591e-24
2349	4.52591e-24
2350	4.52591e-24
2351	4.52591e-24
2352	4.52591e-24
2353	4.52591e-24
2354	4.52591e-24
2355	4.52591e-24
2356	4.52591e-24
2357	4.52591e-24
2358	4.52591e-24
2359	4.52591e-24
2360	4.52591e-24
2361	4.52591e-24
2362	4.52591e-24
2363	4.52591e-24
2364	4.52591e-24
2365	4.52591e-24
2366	4.52591e-24
2367	4.52591e-24
2368	4.52591e-24
2369	4.52591e-24
2370	4.52591e-24
2371	4.52591e-24
2372	4.52591e-24
2373	4.52591e-24
2374	4.52591e-24
2375	4.52591e-24
2376	4.52591e-24
2377	4.52591e-24
2378	4.52591e-24
2379	4.52591e-24
2380	4.52591e-24
2381	4.52591e-24
2382	4.52591e-24
2383	4.52591e-24
2384	4.52591e-24
2385	4.52591e-24
2386	4.52591e-24
2387	4.52591e-24
2388	4.52591e-24
2389	4.52591e-24
2390	4.52591e-24
2391	4.52591e-24
2392	4.52591e-24
2393	4.52591e-24
2394	4.52591e-24
2395	4.52591e-24
2396	4.52591e-24
2397	4.52591e-24
2398	4.52591e-24
2399	4.52591e-24
2400	4.52591e-24
2401	4.52591e-24
2402	4.52591e-24
2403	4.52591e-24
2404	4.52591e-24
2405	4.52591e-24
2406	4.52591e-24
2407	4.52591e-24
2408	4.52591e-24
2409	4.52591e-24
2410	4.52591e-24
2411	4.52591e-24
2412	4.52591e-24
2413	4.52591e-24
2414	4.52591e-24
2415	4.52591e-24
2416	4.52591e-24
2417	4.52591e-24
2418	4.52591e-24
2419	4.52591e-24
2420	4.52591e-24
2421	4.52591e-24
2422	4.52591e-24
2423	4.52591e-24
2424	4.52591e-24
2425	4.52591e-24
2426	4.52591e-24
2427	4.52591e-24
2428	4.52591e-24
2429	4.52591e-24
2430	4.52591e-24
2431	4.52591e-24
2432	4.52591e-24
2433	4.52591e-24
2434	4.52591e-24
2435	4.52591e-24
2436	4.52591e-24
2437	4.52591e-24
2438	4.52591e-24
2439	4.52591e-24
2440	4.52591e-24
2441	4.52591e-24
2442	4.52591e-24
2443	4.52591e-24
2444	4.52591e-24
2445	4.52591e-24
2446	4.52591e-24
2447	4.52591e-24
2448	4.52591e-24
2449	4.52591e-24
2450	4.52591e-24
2451	4.52591e-24
2452	4.52591e-24
2453	4.52591e-24
2454	4.52591e-24
2455	4.52591e-24
2456	4.52591e-24
2457	4.52591e-24
2458	4.52591e-24
2459	4.52591e-24
2460	4.52591e-24
2461	4.52591e-24
2462	4.52591e-24
2463	4.52591e-24
2464	4.52591e-24
2465	4.52591e-24
2466	4.52591e-24
2467	4.52591e-24
2468	4.52591e-24
2469	4.52591e-24
2470	4.52591e-24
2471	4.52591e-24
2472	4.52591e-24
2473	4.52591e-24
2474	4.52591e-24
2475	4.52591e-24
2476	4.52591e-24
2477	4.52591e-24
2478	4.52591e-24
2479	4.52591e-24
2480	4.52591e-24
2481	4.52591e-24
2482	4.52591e-24
2483	4.52591e-24
2484	4.52591e-24
2485	4.52591e-24
2486	4.52591e-24
2487	4.52591e-24
2488	4.52591e-24
2489	4.52591e-24
2490	4.52591e-24
2491	4.52591e-24
2492	4.52591e-24
2493	4.52591e-24
2494	4.52591e-24
2495	4.52591e-24
2496	4.52591e-24
2497	4.52591e-24
2498	4.52591e-24
2499	4.52591e-24
2500	4.52591e-24
