k	pvalue
0	1
1	1
2	1
3	1
4	1
5	1
6	1
7	1
8	1
9	1
10	1
11	1
12	1
13	1
14	1
15	1
16	1
17	1
18	1
19	1
20	1
21	1
22	1
23	1
24	1
25	1
26	1
27	1
28	1
29	1
30	1
31	1
32	1
33	1
34	1
35	1
36	1
37	1
38	1
39	1
40	1
41	1
42	1
43	1
44	1
45	1
46	1
47	1
48	1
49	1
50	1
51	1
52	1
53	1
54	1
55	1
56	1
57	1
58	1
59	1
60	1
61	1
62	1
63	1
64	1
65	1
66	1
67	1
68	1
69	1
70	1
71	1
72	1
73	1
74	1
75	1
76	1
77	1
78	1
79	1
80	1
81	1
82	1
83	1
84	1
85	1
86	1
87	1
88	1
89	1
90	1
91	1
92	1
93	1
94	0.999999
95	0.999999
96	0.999998
97	0.999996
98	0.999993
99	0.999988
100	0.99998
101	0.999968
102	0.999948
103	0.999918
104	0.999871
105	0.9998
106	0.999694
107	0.999539
108	0.999313
109	0.998989
110	0.99853
111	0.99789
112	0.997009
113	0.995809
114	0.994199
115	0.992065
116	0.989274
117	0.985667
118	0.981068
119	0.975276
120	0.968075
121	0.959234
122	0.948514
123	0.935679
124	0.920501
125	0.902776
126	0.88233
127	0.859035
128	0.832822
129	0.803683
130	0.771688
131	0.736983
132	0.699795
133	0.66043
134	0.619261
135	0.576726
136	0.533305
137	0.489514
138	0.445876
139	0.40291
140	0.361111
141	0.320932
142	0.282767
143	0.246946
144	0.213724
145	0.183277
146	0.155702
147	0.131023
148	0.109197
149	0.0901215
150	0.0736456
151	0.0595826
152	0.0477201
153	0.0378313
154	0.0296845
155	0.0230517
156	0.0177147
157	0.0134708
158	0.0101356
159	0.00754532
160	0.00555709
161	0.00404888
162	0.0029182
163	0.00208049
164	0.00146712
165	0.00102327
166	0.000705869
167	0.000481552
168	0.000324885
169	0.000216752
170	0.000142998
171	9.32835e-05
172	6.01693e-05
173	3.83725e-05
174	2.4195e-05
175	1.50824e-05
176	9.29476e-06
177	5.66255e-06
178	3.41016e-06
179	2.03005e-06
180	1.19452e-06
181	6.94722e-07
182	3.99344e-07
183	2.26871e-07
184	1.27377e-07
185	7.06745e-08
186	3.87502e-08
187	2.09945e-08
188	1.12392e-08
189	5.9449e-09
190	3.10678e-09
191	1.60403e-09
192	8.1814e-10
193	4.12223e-10
194	2.05165e-10
195	1.0086e-10
196	4.8972e-11
197	2.34839e-11
198	1.11214e-11
199	5.20099e-12
200	2.40172e-12
201	1.09507e-12
202	4.92963e-13
203	2.19083e-13
204	9.61158e-14
205	4.16236e-14
206	1.77914e-14
207	7.50537e-15
208	3.12458e-15
209	1.2836e-15
210	5.203e-16
211	2.08076e-16
212	8.20908e-17
213	3.19472e-17
214	1.22629e-17
215	4.64228e-18
216	1.73303e-18
217	6.37922e-19
218	2.3151e-19
219	8.28257e-20
220	2.9208e-20
221	1.01514e-20
222	3.47688e-21
223	1.17336e-21
224	3.90119e-22
225	1.27769e-22
226	4.12155e-23
227	1.30929e-23
228	4.09531e-24
229	1.26109e-24
230	3.82252e-25
231	1.14031e-25
232	3.34727e-26
233	9.66676e-27
234	2.74609e-27
235	7.67202e-28
236	2.10758e-28
237	5.69185e-29
238	1.51087e-29
239	3.94107e-30
240	1.00999e-30
241	2.54241e-31
242	6.28479e-32
243	1.52529e-32
244	3.63347e-33
245	8.49348e-34
246	1.94774e-34
247	4.38064e-35
248	9.66011e-36
249	2.08803e-36
250	4.42251e-37
251	9.17578e-38
252	1.8643e-38
253	3.70803e-39
254	7.21722e-40
255	1.37417e-40
256	2.55854e-41
257	4.65643e-42
258	8.28038e-43
259	1.43814e-43
260	2.43846e-44
261	4.03458e-45
262	6.51095e-46
263	1.02434e-46
264	1.57026e-47
265	2.34426e-48
266	3.40646e-49
267	4.81522e-50
268	6.6174e-51
269	8.83582e-52
270	1.14555e-52
271	1.4411e-53
272	1.75787e-54
273	2.07761e-55
274	2.37738e-56
275	2.63171e-57
276	2.81589e-58
277	2.90971e-59
278	2.90093e-60
279	2.78775e-61
280	2.57964e-62
281	2.29605e-63
282	1.96351e-64
283	1.61136e-65
284	1.26739e-66
285	9.54133e-68
286	6.86552e-69
287	4.71468e-70
288	3.08498e-71
289	1.92016e-72
290	1.1348e-73
291	6.35569e-75
292	3.36638e-76
293	1.68251e-77
294	7.91597e-79
295	3.4969e-80
296	1.44638e-81
297	5.58453e-83
298	2.00615e-84
299	6.68117e-86
300	2.05465e-87
301	5.80945e-89
302	1.50301e-90
303	3.53913e-92
304	7.53965e-94
305	1.44346e-95
306	2.46455e-97
307	3.71997e-99
308	4.91336e-101
309	5.61071e-103
310	5.45941e-105
311	4.44594e-107
312	2.96147e-109
313	1.56491e-111
314	6.28155e-114
315	1.79075e-116
316	3.21355e-119
317	2.71408e-122
318	1.43474e-185
319	1.43474e-185
320	1.43474e-185
321	1.43474e-185
322	1.43474e-185
323	1.43474e-185
324	1.43474e-185
325	1.43474e-185
326	1.43474e-185
327	1.43474e-185
328	1.43474e-185
329	1.43474e-185
330	1.43474e-185
331	1.43474e-185
332	1.43474e-185
333	1.43474e-185
334	1.43474e-185
335	1.43474e-185
336	1.43474e-185
337	1.43474e-185
338	1.43474e-185
339	1.43474e-185
340	1.43474e-185
341	1.43474e-185
342	1.43474e-185
343	1.43474e-185
344	1.43474e-185
345	1.43474e-185
346	1.43474e-185
347	1.43474e-185
348	1.43474e-185
349	1.43474e-185
350	1.43474e-185
351	1.43474e-185
352	1.43474e-185
353	1.43474e-185
354	1.43474e-185
355	1.43474e-185
356	1.43474e-185
357	1.43474e-185
358	1.43474e-185
359	1.43474e-185
360	1.43474e-185
361	1.43474e-185
362	1.43474e-185
363	1.43474e-185
364	1.43474e-185
365	1.43474e-185
366	1.43474e-185
367	1.43474e-185
368	1.43474e-185
369	1.43474e-185
370	1.43474e-185
371	1.43474e-185
372	1.43474e-185
373	1.43474e-185
374	1.43474e-185
375	1.43474e-185
376	1.43474e-185
377	1.43474e-185
378	1.43474e-185
379	1.43474e-185
380	1.43474e-185
381	1.43474e-185
382	1.43474e-185
383	1.43474e-185
384	1.43474e-185
385	1.43474e-185
386	1.43474e-185
387	1.43474e-185
388	1.43474e-185
389	1.43474e-185
390	1.43474e-185
391	1.43474e-185
392	1.43474e-185
393	1.43474e-185
394	1.43474e-185
395	1.43474e-185
396	1.43474e-185
397	1.43474e-185
398	1.43474e-185
399	1.43474e-185
400	1.43474e-185
401	1.43474e-185
402	1.43474e-185
403	1.43474e-185
404	1.43474e-185
405	1.43474e-185
406	1.43474e-185
407	1.43474e-185
408	1.43474e-185
409	1.43474e-185
410	1.43474e-185
411	1.43474e-185
412	1.43474e-185
413	1.43474e-185
414	1.43474e-185
415	1.43474e-185
416	1.43474e-185
417	1.43474e-185
418	1.43474e-185
419	1.43474e-185
420	1.43474e-185
421	1.43474e-185
422	1.43474e-185
423	1.43474e-185
424	1.43474e-185
425	1.43474e-185
426	1.43474e-185
427	1.43474e-185
428	1.43474e-185
429	1.43474e-185
430	1.43474e-185
431	1.43474e-185
432	1.43474e-185
433	1.43474e-185
434	1.43474e-185
435	1.43474e-185
436	1.43474e-185
437	1.43474e-185
438	1.43474e-185
439	1.43474e-185
440	1.43474e-185
441	1.43474e-185
442	1.43474e-185
443	1.43474e-185
444	1.43474e-185
445	1.43474e-185
446	1.43474e-185
447	1.43474e-185
448	1.43474e-185
449	1.43474e-185
450	1.43474e-185
451	1.43474e-185
452	1.43474e-185
453	1.43474e-185
454	1.43474e-185
455	1.43474e-185
456	1.43474e-185
457	1.43474e-185
458	1.43474e-185
459	1.43474e-185
460	1.43474e-185
461	1.43474e-185
462	1.43474e-185
463	1.43474e-185
464	1.43474e-185
465	1.43474e-185
466	1.43474e-185
467	1.43474e-185
468	1.43474e-185
469	1.43474e-185
470	1.43474e-185
471	1.43474e-185
472	1.43474e-185
473	1.43474e-185
474	1.43474e-185
475	1.43474e-185
476	1.43474e-185
477	1.43474e-185
478	1.43474e-185
479	1.43474e-185
480	1.43474e-185
481	1.43474e-185
482	1.43474e-185
483	1.43474e-185
484	1.43474e-185
485	1.43474e-185
486	1.43474e-185
487	1.43474e-185
488	1.43474e-185
489	1.43474e-185
490	1.43474e-185
491	1.43474e-185
492	1.43474e-185
493	1.43474e-185
494	1.43474e-185
495	1.43474e-185
496	1.43474e-185
497	1.43474e-185
498	1.43474e-185
499	1.43474e-185
500	1.43474e-185
501	1.43474e-185
502	1.43474e-185
503	1.43474e-185
504	1.43474e-185
505	1.43474e-185
506	1.43474e-185
507	1.43474e-185
508	1.43474e-185
509	1.43474e-185
510	1.43474e-185
511	1.43474e-185
512	1.43474e-185
513	1.43474e-185
514	1.43474e-185
515	1.43474e-185
516	1.43474e-185
517	1.43474e-185
518	1.43474e-185
519	1.43474e-185
520	1.43474e-185
521	1.43474e-185
522	1.43474e-185
523	1.43474e-185
524	1.43474e-185
525	1.43474e-185
526	1.43474e-185
527	1.43474e-185
528	1.43474e-185
529	1.43474e-185
530	1.43474e-185
531	1.43474e-185
532	1.43474e-185
533	1.43474e-185
534	1.43474e-185
535	1.43474e-185
536	1.43474e-185
537	1.43474e-185
538	1.43474e-185
539	1.43474e-185
540	1.43474e-185
541	1.43474e-185
542	1.43474e-185
543	1.43474e-185
544	1.43474e-185
545	1.43474e-185
546	1.43474e-185
547	1.43474e-185
548	1.43474e-185
549	1.43474e-185
550	1.43474e-185
551	1.43474e-185
552	1.43474e-185
553	1.43474e-185
554	1.43474e-185
555	1.43474e-185
556	1.43474e-185
557	1.43474e-185
558	1.43474e-185
559	1.43474e-185
560	1.43474e-185
561	1.43474e-185
562	1.43474e-185
563	1.43474e-185
564	1.43474e-185
565	1.43474e-185
566	1.43474e-185
567	1.43474e-185
568	1.43474e-185
569	1.43474e-185
570	1.43474e-185
571	1.43474e-185
572	1.43474e-185
573	1.43474e-185
574	1.43474e-185
575	1.43474e-185
576	1.43474e-185
577	1.43474e-185
578	1.43474e-185
579	1.43474e-185
580	1.43474e-185
581	1.43474e-185
582	1.43474e-185
583	1.43474e-185
584	1.43474e-185
585	1.43474e-185
586	1.43474e-185
587	1.43474e-185
588	1.43474e-185
589	1.43474e-185
590	1.43474e-185
591	1.43474e-185
592	1.43474e-185
593	1.43474e-185
594	1.43474e-185
595	1.43474e-185
596	1.43474e-185
597	1.43474e-185
598	1.43474e-185
599	1.43474e-185
600	1.43474e-185
601	1.43474e-185
602	1.43474e-185
603	1.43474e-185
604	1.43474e-185
605	1.43474e-185
606	1.43474e-185
607	1.43474e-185
608	1.43474e-185
609	1.43474e-185
610	1.43474e-185
611	1.43474e-185
612	1.43474e-185
613	1.43474e-185
614	1.43474e-185
615	1.43474e-185
616	1.43474e-185
617	1.43474e-185
618	1.43474e-185
619	1.43474e-185
620	1.43474e-185
621	1.43474e-185
622	1.43474e-185
623	1.43474e-185
624	1.43474e-185
625	1.43474e-185
626	1.43474e-185
627	1.43474e-185
628	1.43474e-185
629	1.43474e-185
630	1.43474e-185
631	1.43474e-185
632	1.43474e-185
633	1.43474e-185
634	1.43474e-185
635	1.43474e-185
636	1.43474e-185
637	1.43474e-185
638	1.43474e-185
639	1.43474e-185
640	1.43474e-185
641	1.43474e-185
642	1.43474e-185
643	1.43474e-185
644	1.43474e-185
645	1.43474e-185
646	1.43474e-185
647	1.43474e-185
648	1.43474e-185
649	1.43474e-185
650	1.43474e-185
651	1.43474e-185
652	1.43474e-185
653	1.43474e-185
654	1.43474e-185
655	1.43474e-185
656	1.43474e-185
657	1.43474e-185
658	1.43474e-185
659	1.43474e-185
660	1.43474e-185
661	1.43474e-185
662	1.43474e-185
663	1.43474e-185
664	1.43474e-185
665	1.43474e-185
666	1.43474e-185
667	1.43474e-185
668	1.43474e-185
669	1.43474e-185
670	1.43474e-185
671	1.43474e-185
672	1.43474e-185
673	1.43474e-185
674	1.43474e-185
675	1.43474e-185
676	1.43474e-185
677	1.43474e-185
678	1.43474e-185
679	1.43474e-185
680	1.43474e-185
681	1.43474e-185
682	1.43474e-185
683	1.43474e-185
684	1.43474e-185
685	1.43474e-185
686	1.43474e-185
687	1.43474e-185
688	1.43474e-185
689	1.43474e-185
690	1.43474e-185
691	1.43474e-185
692	1.43474e-185
693	1.43474e-185
694	1.43474e-185
695	1.43474e-185
696	1.43474e-185
697	1.43474e-185
698	1.43474e-185
699	1.43474e-185
700	1.43474e-185
701	1.43474e-185
702	1.43474e-185
703	1.43474e-185
704	1.43474e-185
705	1.43474e-185
706	1.43474e-185
707	1.43474e-185
708	1.43474e-185
709	1.43474e-185
710	1.43474e-185
711	1.43474e-185
712	1.43474e-185
713	1.43474e-185
714	1.43474e-185
715	1.43474e-185
716	1.43474e-185
717	1.43474e-185
718	1.43474e-185
719	1.43474e-185
720	1.43474e-185
721	1.43474e-185
722	1.43474e-185
723	1.43474e-185
724	1.43474e-185
725	1.43474e-185
726	1.43474e-185
727	1.43474e-185
728	1.43474e-185
729	1.43474e-185
730	1.43474e-185
731	1.43474e-185
732	1.43474e-185
733	1.43474e-185
734	1.43474e-185
735	1.43474e-185
736	1.43474e-185
737	1.43474e-185
738	1.43474e-185
739	1.43474e-185
740	1.43474e-185
741	1.43474e-185
742	1.43474e-185
743	1.43474e-185
744	1.43474e-185
745	1.43474e-185
746	1.43474e-185
747	1.43474e-185
748	1.43474e-185
749	1.43474e-185
750	1.43474e-185
751	1.43474e-185
752	1.43474e-185
753	1.43474e-185
754	1.43474e-185
755	1.43474e-185
756	1.43474e-185
757	1.43474e-185
758	1.43474e-185
759	1.43474e-185
760	1.43474e-185
761	1.43474e-185
762	1.43474e-185
763	1.43474e-185
764	1.43474e-185
765	1.43474e-185
766	1.43474e-185
767	1.43474e-185
768	1.43474e-185
769	1.43474e-185
770	1.43474e-185
771	1.43474e-185
772	1.43474e-185
773	1.43474e-185
774	1.43474e-185
775	1.43474e-185
776	1.43474e-185
777	1.43474e-185
778	1.43474e-185
779	1.43474e-185
780	1.43474e-185
781	1.43474e-185
782	1.43474e-185
783	1.43474e-185
784	1.43474e-185
785	1.43474e-185
786	1.43474e-185
787	1.43474e-185
788	1.43474e-185
789	1.43474e-185
790	1.43474e-185
791	1.43474e-185
792	1.43474e-185
793	1.43474e-185
794	1.43474e-185
795	1.43474e-185
796	1.43474e-185
797	1.43474e-185
798	1.43474e-185
799	1.43474e-185
800	1.43474e-185
801	1.43474e-185
802	1.43474e-185
803	1.43474e-185
804	1.43474e-185
805	1.43474e-185
806	1.43474e-185
807	1.43474e-185
808	1.43474e-185
809	1.43474e-185
810	1.43474e-185
811	1.43474e-185
812	1.43474e-185
813	1.43474e-185
814	1.43474e-185
815	1.43474e-185
816	1.43474e-185
817	1.43474e-185
818	1.43474e-185
819	1.43474e-185
820	1.43474e-185
821	1.43474e-185
822	1.43474e-185
823	1.43474e-185
824	1.43474e-185
825	1.43474e-185
826	1.43474e-185
827	1.43474e-185
828	1.43474e-185
829	1.43474e-185
830	1.43474e-185
831	1.43474e-185
832	1.43474e-185
833	1.43474e-185
834	1.43474e-185
835	1.43474e-185
836	1.43474e-185
837	1.43474e-185
838	1.43474e-185
839	1.43474e-185
840	1.43474e-185
841	1.43474e-185
842	1.43474e-185
843	1.43474e-185
844	1.43474e-185
845	1.43474e-185
846	1.43474e-185
847	1.43474e-185
848	1.43474e-185
849	1.43474e-185
850	1.43474e-185
851	1.43474e-185
852	1.43474e-185
853	1.43474e-185
854	1.43474e-185
855	1.43474e-185
856	1.43474e-185
857	1.43474e-185
858	1.43474e-185
859	1.43474e-185
860	1.43474e-185
861	1.43474e-185
862	1.43474e-185
863	1.43474e-185
864	1.43474e-185
865	1.43474e-185
866	1.43474e-185
867	1.43474e-185
868	1.43474e-185
869	1.43474e-185
870	1.43474e-185
871	1.43474e-185
872	1.43474e-185
873	1.43474e-185
874	1.43474e-185
875	1.43474e-185
876	1.43474e-185
877	1.43474e-185
878	1.43474e-185
879	1.43474e-185
880	1.43474e-185
881	1.43474e-185
882	1.43474e-185
883	1.43474e-185
884	1.43474e-185
885	1.43474e-185
886	1.43474e-185
887	1.43474e-185
888	1.43474e-185
889	1.43474e-185
890	1.43474e-185
891	1.43474e-185
892	1.43474e-185
893	1.43474e-185
894	1.43474e-185
895	1.43474e-185
896	1.43474e-185
897	1.43474e-185
898	1.43474e-185
899	1.43474e-185
900	1.43474e-185
901	1.43474e-185
902	1.43474e-185
903	1.43474e-185
904	1.43474e-185
905	1.43474e-185
906	1.43474e-185
907	1.43474e-185
908	1.43474e-185
909	1.43474e-185
910	1.43474e-185
911	1.43474e-185
912	1.43474e-185
913	1.43474e-185
914	1.43474e-185
915	1.43474e-185
916	1.43474e-185
917	1.43474e-185
918	1.43474e-185
919	1.43474e-185
920	1.43474e-185
921	1.43474e-185
922	1.43474e-185
923	1.43474e-185
924	1.43474e-185
925	1.43474e-185
926	1.43474e-185
927	1.43474e-185
928	1.43474e-185
929	1.43474e-185
930	1.43474e-185
931	1.43474e-185
932	1.43474e-185
933	1.43474e-185
934	1.43474e-185
935	1.43474e-185
936	1.43474e-185
937	1.43474e-185
938	1.43474e-185
939	1.43474e-185
940	1.43474e-185
941	1.43474e-185
942	1.43474e-185
943	1.43474e-185
944	1.43474e-185
945	1.43474e-185
946	1.43474e-185
947	1.43474e-185
948	1.43474e-185
949	1.43474e-185
950	1.43474e-185
951	1.43474e-185
952	1.43474e-185
953	1.43474e-185
954	1.43474e-185
955	1.43474e-185
956	1.43474e-185
957	1.43474e-185
958	1.43474e-185
959	1.43474e-185
960	1.43474e-185
961	1.43474e-185
962	1.43474e-185
963	1.43474e-185
964	1.43474e-185
965	1.43474e-185
966	1.43474e-185
967	1.43474e-185
968	1.43474e-185
969	1.43474e-185
970	1.43474e-185
971	1.43474e-185
972	1.43474e-185
973	1.43474e-185
974	1.43474e-185
975	1.43474e-185
976	1.43474e-185
977	1.43474e-185
978	1.43474e-185
979	1.43474e-185
980	1.43474e-185
981	1.43474e-185
982	1.43474e-185
983	1.43474e-185
984	1.43474e-185
985	1.43474e-185
986	1.43474e-185
987	1.43474e-185
988	1.43474e-185
989	1.43474e-185
990	1.43474e-185
991	1.43474e-185
992	1.43474e-185
993	1.43474e-185
994	1.43474e-185
995	1.43474e-185
996	1.43474e-185
997	1.43474e-185
998	1.43474e-185
999	1.43474e-185
1000	1.43474e-185
1001	1.43474e-185
1002	1.43474e-185
1003	1.43474e-185
1004	1.43474e-185
1005	1.43474e-185
1006	1.43474e-185
1007	1.43474e-185
1008	1.43474e-185
1009	1.43474e-185
1010	1.43474e-185
1011	1.43474e-185
1012	1.43474e-185
1013	1.43474e-185
1014	1.43474e-185
1015	1.43474e-185
1016	1.43474e-185
1017	1.43474e-185
1018	1.43474e-185
1019	1.43474e-185
1020	1.43474e-185
1021	1.43474e-185
1022	1.43474e-185
1023	1.43474e-185
1024	1.43474e-185
1025	1.43474e-185
1026	1.43474e-185
1027	1.43474e-185
1028	1.43474e-185
1029	1.43474e-185
1030	1.43474e-185
1031	1.43474e-185
1032	1.43474e-185
1033	1.43474e-185
1034	1.43474e-185
1035	1.43474e-185
1036	1.43474e-185
1037	1.43474e-185
1038	1.43474e-185
1039	1.43474e-185
1040	1.43474e-185
1041	1.43474e-185
1042	1.43474e-185
1043	1.43474e-185
1044	1.43474e-185
1045	1.43474e-185
1046	1.43474e-185
1047	1.43474e-185
1048	1.43474e-185
1049	1.43474e-185
1050	1.43474e-185
1051	1.43474e-185
1052	1.43474e-185
1053	1.43474e-185
1054	1.43474e-185
1055	1.43474e-185
1056	1.43474e-185
1057	1.43474e-185
1058	1.43474e-185
1059	1.43474e-185
1060	1.43474e-185
1061	1.43474e-185
1062	1.43474e-185
1063	1.43474e-185
1064	1.43474e-185
1065	1.43474e-185
1066	1.43474e-185
1067	1.43474e-185
1068	1.43474e-185
1069	1.43474e-185
1070	1.43474e-185
1071	1.43474e-185
1072	1.43474e-185
1073	1.43474e-185
1074	1.43474e-185
1075	1.43474e-185
1076	1.43474e-185
1077	1.43474e-185
1078	1.43474e-185
1079	1.43474e-185
1080	1.43474e-185
1081	1.43474e-185
1082	1.43474e-185
1083	1.43474e-185
1084	1.43474e-185
1085	1.43474e-185
1086	1.43474e-185
1087	1.43474e-185
1088	1.43474e-185
1089	1.43474e-185
1090	1.43474e-185
1091	1.43474e-185
1092	1.43474e-185
1093	1.43474e-185
1094	1.43474e-185
1095	1.43474e-185
1096	1.43474e-185
1097	1.43474e-185
1098	1.43474e-185
1099	1.43474e-185
1100	1.43474e-185
1101	1.43474e-185
1102	1.43474e-185
1103	1.43474e-185
1104	1.43474e-185
1105	1.43474e-185
1106	1.43474e-185
1107	1.43474e-185
1108	1.43474e-185
1109	1.43474e-185
1110	1.43474e-185
1111	1.43474e-185
1112	1.43474e-185
1113	1.43474e-185
1114	1.43474e-185
1115	1.43474e-185
1116	1.43474e-185
1117	1.43474e-185
1118	1.43474e-185
1119	1.43474e-185
1120	1.43474e-185
1121	1.43474e-185
1122	1.43474e-185
1123	1.43474e-185
1124	1.43474e-185
1125	1.43474e-185
1126	1.43474e-185
1127	1.43474e-185
1128	1.43474e-185
1129	1.43474e-185
1130	1.43474e-185
1131	1.43474e-185
1132	1.43474e-185
1133	1.43474e-185
1134	1.43474e-185
1135	1.43474e-185
1136	1.43474e-185
1137	1.43474e-185
1138	1.43474e-185
1139	1.43474e-185
1140	1.43474e-185
1141	1.43474e-185
1142	1.43474e-185
1143	1.43474e-185
1144	1.43474e-185
1145	1.43474e-185
1146	1.43474e-185
1147	1.43474e-185
1148	1.43474e-185
1149	1.43474e-185
1150	1.43474e-185
1151	1.43474e-185
1152	1.43474e-185
1153	1.43474e-185
1154	1.43474e-185
1155	1.43474e-185
1156	1.43474e-185
1157	1.43474e-185
1158	1.43474e-185
1159	1.43474e-185
1160	1.43474e-185
1161	1.43474e-185
1162	1.43474e-185
1163	1.43474e-185
1164	1.43474e-185
1165	1.43474e-185
1166	1.43474e-185
1167	1.43474e-185
1168	1.43474e-185
1169	1.43474e-185
1170	1.43474e-185
1171	1.43474e-185
1172	1.43474e-185
1173	1.43474e-185
1174	1.43474e-185
1175	1.43474e-185
1176	1.43474e-185
1177	1.43474e-185
1178	1.43474e-185
1179	1.43474e-185
1180	1.43474e-185
1181	1.43474e-185
1182	1.43474e-185
1183	1.43474e-185
1184	1.43474e-185
1185	1.43474e-185
1186	1.43474e-185
1187	1.43474e-185
1188	1.43474e-185
1189	1.43474e-185
1190	1.43474e-185
1191	1.43474e-185
1192	1.43474e-185
1193	1.43474e-185
1194	1.43474e-185
1195	1.43474e-185
1196	1.43474e-185
1197	1.43474e-185
1198	1.43474e-185
1199	1.43474e-185
1200	1.43474e-185
1201	1.43474e-185
1202	1.43474e-185
1203	1.43474e-185
1204	1.43474e-185
1205	1.43474e-185
1206	1.43474e-185
1207	1.43474e-185
1208	1.43474e-185
1209	1.43474e-185
1210	1.43474e-185
1211	1.43474e-185
1212	1.43474e-185
1213	1.43474e-185
1214	1.43474e-185
1215	1.43474e-185
1216	1.43474e-185
1217	1.43474e-185
1218	1.43474e-185
1219	1.43474e-185
1220	1.43474e-185
1221	1.43474e-185
1222	1.43474e-185
1223	1.43474e-185
1224	1.43474e-185
1225	1.43474e-185
1226	1.43474e-185
1227	1.43474e-185
1228	1.43474e-185
1229	1.43474e-185
1230	1.43474e-185
1231	1.43474e-185
1232	1.43474e-185
1233	1.43474e-185
1234	1.43474e-185
1235	1.43474e-185
1236	1.43474e-185
1237	1.43474e-185
1238	1.43474e-185
1239	1.43474e-185
1240	1.43474e-185
1241	1.43474e-185
1242	1.43474e-185
1243	1.43474e-185
1244	1.43474e-185
1245	1.43474e-185
1246	1.43474e-185
1247	1.43474e-185
1248	1.43474e-185
1249	1.43474e-185
1250	1.43474e-185
1251	1.43474e-185
1252	1.43474e-185
1253	1.43474e-185
1254	1.43474e-185
1255	1.43474e-185
1256	1.43474e-185
1257	1.43474e-185
1258	1.43474e-185
1259	1.43474e-185
1260	1.43474e-185
1261	1.43474e-185
1262	1.43474e-185
1263	1.43474e-185
1264	1.43474e-185
1265	1.43474e-185
1266	1.43474e-185
1267	1.43474e-185
1268	1.43474e-185
1269	1.43474e-185
1270	1.43474e-185
1271	1.43474e-185
1272	1.43474e-185
1273	1.43474e-185
1274	1.43474e-185
1275	1.43474e-185
1276	1.43474e-185
1277	1.43474e-185
1278	1.43474e-185
1279	1.43474e-185
1280	1.43474e-185
1281	1.43474e-185
1282	1.43474e-185
1283	1.43474e-185
1284	1.43474e-185
1285	1.43474e-185
1286	1.43474e-185
1287	1.43474e-185
1288	1.43474e-185
1289	1.43474e-185
1290	1.43474e-185
1291	1.43474e-185
1292	1.43474e-185
1293	1.43474e-185
1294	1.43474e-185
1295	1.43474e-185
1296	1.43474e-185
1297	1.43474e-185
1298	1.43474e-185
1299	1.43474e-185
1300	1.43474e-185
1301	1.43474e-185
1302	1.43474e-185
1303	1.43474e-185
1304	1.43474e-185
1305	1.43474e-185
1306	1.43474e-185
1307	1.43474e-185
1308	1.43474e-185
1309	1.43474e-185
1310	1.43474e-185
1311	1.43474e-185
1312	1.43474e-185
1313	1.43474e-185
1314	1.43474e-185
1315	1.43474e-185
1316	1.43474e-185
1317	1.43474e-185
1318	1.43474e-185
1319	1.43474e-185
1320	1.43474e-185
1321	1.43474e-185
1322	1.43474e-185
1323	1.43474e-185
1324	1.43474e-185
1325	1.43474e-185
1326	1.43474e-185
1327	1.43474e-185
1328	1.43474e-185
1329	1.43474e-185
1330	1.43474e-185
1331	1.43474e-185
1332	1.43474e-185
1333	1.43474e-185
1334	1.43474e-185
1335	1.43474e-185
1336	1.43474e-185
1337	1.43474e-185
1338	1.43474e-185
1339	1.43474e-185
1340	1.43474e-185
1341	1.43474e-185
1342	1.43474e-185
1343	1.43474e-185
1344	1.43474e-185
1345	1.43474e-185
1346	1.43474e-185
1347	1.43474e-185
1348	1.43474e-185
1349	1.43474e-185
1350	1.43474e-185
1351	1.43474e-185
1352	1.43474e-185
1353	1.43474e-185
1354	1.43474e-185
1355	1.43474e-185
1356	1.43474e-185
1357	1.43474e-185
1358	1.43474e-185
1359	1.43474e-185
1360	1.43474e-185
1361	1.43474e-185
1362	1.43474e-185
1363	1.43474e-185
1364	1.43474e-185
1365	1.43474e-185
1366	1.43474e-185
1367	1.43474e-185
1368	1.43474e-185
1369	1.43474e-185
1370	1.43474e-185
1371	1.43474e-185
1372	1.43474e-185
1373	1.43474e-185
1374	1.43474e-185
1375	1.43474e-185
1376	1.43474e-185
1377	1.43474e-185
1378	1.43474e-185
1379	1.43474e-185
1380	1.43474e-185
1381	1.43474e-185
1382	1.43474e-185
1383	1.43474e-185
1384	1.43474e-185
1385	1.43474e-185
1386	1.43474e-185
1387	1.43474e-185
1388	1.43474e-185
1389	1.43474e-185
1390	1.43474e-185
1391	1.43474e-185
1392	1.43474e-185
1393	1.43474e-185
1394	1.43474e-185
1395	1.43474e-185
1396	1.43474e-185
1397	1.43474e-185
1398	1.43474e-185
1399	1.43474e-185
1400	1.43474e-185
1401	1.43474e-185
1402	1.43474e-185
1403	1.43474e-185
1404	1.43474e-185
1405	1.43474e-185
1406	1.43474e-185
1407	1.43474e-185
1408	1.43474e-185
1409	1.43474e-185
1410	1.43474e-185
1411	1.43474e-185
1412	1.43474e-185
1413	1.43474e-185
1414	1.43474e-185
1415	1.43474e-185
1416	1.43474e-185
1417	1.43474e-185
1418	1.43474e-185
1419	1.43474e-185
1420	1.43474e-185
1421	1.43474e-185
1422	1.43474e-185
1423	1.43474e-185
1424	1.43474e-185
1425	1.43474e-185
1426	1.43474e-185
1427	1.43474e-185
1428	1.43474e-185
1429	1.43474e-185
1430	1.43474e-185
1431	1.43474e-185
1432	1.43474e-185
1433	1.43474e-185
1434	1.43474e-185
1435	1.43474e-185
1436	1.43474e-185
1437	1.43474e-185
1438	1.43474e-185
1439	1.43474e-185
1440	1.43474e-185
1441	1.43474e-185
1442	1.43474e-185
1443	1.43474e-185
1444	1.43474e-185
1445	1.43474e-185
1446	1.43474e-185
1447	1.43474e-185
1448	1.43474e-185
1449	1.43474e-185
1450	1.43474e-185
1451	1.43474e-185
1452	1.43474e-185
1453	1.43474e-185
1454	1.43474e-185
1455	1.43474e-185
1456	1.43474e-185
1457	1.43474e-185
1458	1.43474e-185
1459	1.43474e-185
1460	1.43474e-185
1461	1.43474e-185
1462	1.43474e-185
1463	1.43474e-185
1464	1.43474e-185
1465	1.43474e-185
1466	1.43474e-185
1467	1.43474e-185
1468	1.43474e-185
1469	1.43474e-185
1470	1.43474e-185
1471	1.43474e-185
1472	1.43474e-185
1473	1.43474e-185
1474	1.43474e-185
1475	1.43474e-185
1476	1.43474e-185
1477	1.43474e-185
1478	1.43474e-185
1479	1.43474e-185
1480	1.43474e-185
1481	1.43474e-185
1482	1.43474e-185
1483	1.43474e-185
1484	1.43474e-185
1485	1.43474e-185
1486	1.43474e-185
1487	1.43474e-185
1488	1.43474e-185
1489	1.43474e-185
1490	1.43474e-185
1491	1.43474e-185
1492	1.43474e-185
1493	1.43474e-185
1494	1.43474e-185
1495	1.43474e-185
1496	1.43474e-185
1497	1.43474e-185
1498	1.43474e-185
1499	1.43474e-185
1500	1.43474e-185
1501	1.43474e-185
1502	1.43474e-185
1503	1.43474e-185
1504	1.43474e-185
1505	1.43474e-185
1506	1.43474e-185
1507	1.43474e-185
1508	1.43474e-185
1509	1.43474e-185
1510	1.43474e-185
1511	1.43474e-185
1512	1.43474e-185
1513	1.43474e-185
1514	1.43474e-185
1515	1.43474e-185
1516	1.43474e-185
1517	1.43474e-185
1518	1.43474e-185
1519	1.43474e-185
1520	1.43474e-185
1521	1.43474e-185
1522	1.43474e-185
1523	1.43474e-185
1524	1.43474e-185
1525	1.43474e-185
1526	1.43474e-185
1527	1.43474e-185
1528	1.43474e-185
1529	1.43474e-185
1530	1.43474e-185
1531	1.43474e-185
1532	1.43474e-185
1533	1.43474e-185
1534	1.43474e-185
1535	1.43474e-185
1536	1.43474e-185
1537	1.43474e-185
1538	1.43474e-185
1539	1.43474e-185
1540	1.43474e-185
1541	1.43474e-185
1542	1.43474e-185
1543	1.43474e-185
1544	1.43474e-185
1545	1.43474e-185
1546	1.43474e-185
1547	1.43474e-185
1548	1.43474e-185
1549	1.43474e-185
1550	1.43474e-185
1551	1.43474e-185
1552	1.43474e-185
1553	1.43474e-185
1554	1.43474e-185
1555	1.43474e-185
1556	1.43474e-185
1557	1.43474e-185
1558	1.43474e-185
1559	1.43474e-185
1560	1.43474e-185
1561	1.43474e-185
1562	1.43474e-185
1563	1.43474e-185
1564	1.43474e-185
1565	1.43474e-185
1566	1.43474e-185
1567	1.43474e-185
1568	1.43474e-185
1569	1.43474e-185
1570	1.43474e-185
1571	1.43474e-185
1572	1.43474e-185
1573	1.43474e-185
1574	1.43474e-185
1575	1.43474e-185
1576	1.43474e-185
1577	1.43474e-185
1578	1.43474e-185
1579	1.43474e-185
1580	1.43474e-185
1581	1.43474e-185
1582	1.43474e-185
1583	1.43474e-185
1584	1.43474e-185
1585	1.43474e-185
1586	1.43474e-185
1587	1.43474e-185
1588	1.43474e-185
1589	1.43474e-185
1590	1.43474e-185
1591	1.43474e-185
1592	1.43474e-185
1593	1.43474e-185
1594	1.43474e-185
1595	1.43474e-185
1596	1.43474e-185
1597	1.43474e-185
1598	1.43474e-185
1599	1.43474e-185
1600	1.43474e-185
1601	1.43474e-185
1602	1.43474e-185
1603	1.43474e-185
1604	1.43474e-185
1605	1.43474e-185
1606	1.43474e-185
1607	1.43474e-185
1608	1.43474e-185
1609	1.43474e-185
1610	1.43474e-185
1611	1.43474e-185
1612	1.43474e-185
1613	1.43474e-185
1614	1.43474e-185
1615	1.43474e-185
1616	1.43474e-185
1617	1.43474e-185
1618	1.43474e-185
1619	1.43474e-185
1620	1.43474e-185
1621	1.43474e-185
1622	1.43474e-185
1623	1.43474e-185
1624	1.43474e-185
1625	1.43474e-185
1626	1.43474e-185
1627	1.43474e-185
1628	1.43474e-185
1629	1.43474e-185
1630	1.43474e-185
1631	1.43474e-185
1632	1.43474e-185
1633	1.43474e-185
1634	1.43474e-185
1635	1.43474e-185
1636	1.43474e-185
1637	1.43474e-185
1638	1.43474e-185
1639	1.43474e-185
1640	1.43474e-185
1641	1.43474e-185
1642	1.43474e-185
1643	1.43474e-185
1644	1.43474e-185
1645	1.43474e-185
1646	1.43474e-185
1647	1.43474e-185
1648	1.43474e-185
1649	1.43474e-185
1650	1.43474e-185
1651	1.43474e-185
1652	1.43474e-185
1653	1.43474e-185
1654	1.43474e-185
1655	1.43474e-185
1656	1.43474e-185
1657	1.43474e-185
1658	1.43474e-185
1659	1.43474e-185
1660	1.43474e-185
1661	1.43474e-185
1662	1.43474e-185
1663	1.43474e-185
1664	1.43474e-185
1665	1.43474e-185
1666	1.43474e-185
1667	1.43474e-185
1668	1.43474e-185
1669	1.43474e-185
1670	1.43474e-185
1671	1.43474e-185
1672	1.43474e-185
1673	1.43474e-185
1674	1.43474e-185
1675	1.43474e-185
1676	1.43474e-185
1677	1.43474e-185
1678	1.43474e-185
1679	1.43474e-185
1680	1.43474e-185
1681	1.43474e-185
1682	1.43474e-185
1683	1.43474e-185
1684	1.43474e-185
1685	1.43474e-185
1686	1.43474e-185
1687	1.43474e-185
1688	1.43474e-185
1689	1.43474e-185
1690	1.43474e-185
1691	1.43474e-185
1692	1.43474e-185
1693	1.43474e-185
1694	1.43474e-185
1695	1.43474e-185
1696	1.43474e-185
1697	1.43474e-185
1698	1.43474e-185
1699	1.43474e-185
1700	1.43474e-185
1701	1.43474e-185
1702	1.43474e-185
1703	1.43474e-185
1704	1.43474e-185
1705	1.43474e-185
1706	1.43474e-185
1707	1.43474e-185
1708	1.43474e-185
1709	1.43474e-185
1710	1.43474e-185
1711	1.43474e-185
1712	1.43474e-185
1713	1.43474e-185
1714	1.43474e-185
1715	1.43474e-185
1716	1.43474e-185
1717	1.43474e-185
1718	1.43474e-185
1719	1.43474e-185
1720	1.43474e-185
1721	1.43474e-185
1722	1.43474e-185
1723	1.43474e-185
1724	1.43474e-185
1725	1.43474e-185
1726	1.43474e-185
1727	1.43474e-185
1728	1.43474e-185
1729	1.43474e-185
1730	1.43474e-185
1731	1.43474e-185
1732	1.43474e-185
1733	1.43474e-185
1734	1.43474e-185
1735	1.43474e-185
1736	1.43474e-185
1737	1.43474e-185
1738	1.43474e-185
1739	1.43474e-185
1740	1.43474e-185
1741	1.43474e-185
1742	1.43474e-185
1743	1.43474e-185
1744	1.43474e-185
1745	1.43474e-185
1746	1.43474e-185
1747	1.43474e-185
1748	1.43474e-185
1749	1.43474e-185
1750	1.43474e-185
1751	1.43474e-185
1752	1.43474e-185
1753	1.43474e-185
1754	1.43474e-185
1755	1.43474e-185
1756	1.43474e-185
1757	1.43474e-185
1758	1.43474e-185
1759	1.43474e-185
1760	1.43474e-185
1761	1.43474e-185
1762	1.43474e-185
1763	1.43474e-185
1764	1.43474e-185
1765	1.43474e-185
1766	1.43474e-185
1767	1.43474e-185
1768	1.43474e-185
1769	1.43474e-185
1770	1.43474e-185
1771	1.43474e-185
1772	1.43474e-185
1773	1.43474e-185
1774	1.43474e-185
1775	1.43474e-185
1776	1.43474e-185
1777	1.43474e-185
1778	1.43474e-185
1779	1.43474e-185
1780	1.43474e-185
1781	1.43474e-185
1782	1.43474e-185
1783	1.43474e-185
1784	1.43474e-185
1785	1.43474e-185
1786	1.43474e-185
1787	1.43474e-185
1788	1.43474e-185
1789	1.43474e-185
1790	1.43474e-185
1791	1.43474e-185
1792	1.43474e-185
1793	1.43474e-185
1794	1.43474e-185
1795	1.43474e-185
1796	1.43474e-185
1797	1.43474e-185
1798	1.43474e-185
1799	1.43474e-185
1800	1.43474e-185
1801	1.43474e-185
1802	1.43474e-185
1803	1.43474e-185
1804	1.43474e-185
1805	1.43474e-185
1806	1.43474e-185
1807	1.43474e-185
1808	1.43474e-185
1809	1.43474e-185
1810	1.43474e-185
1811	1.43474e-185
1812	1.43474e-185
1813	1.43474e-185
1814	1.43474e-185
1815	1.43474e-185
1816	1.43474e-185
1817	1.43474e-185
1818	1.43474e-185
1819	1.43474e-185
1820	1.43474e-185
1821	1.43474e-185
1822	1.43474e-185
1823	1.43474e-185
1824	1.43474e-185
1825	1.43474e-185
1826	1.43474e-185
1827	1.43474e-185
1828	1.43474e-185
1829	1.43474e-185
1830	1.43474e-185
1831	1.43474e-185
1832	1.43474e-185
1833	1.43474e-185
1834	1.43474e-185
1835	1.43474e-185
1836	1.43474e-185
1837	1.43474e-185
1838	1.43474e-185
1839	1.43474e-185
1840	1.43474e-185
1841	1.43474e-185
1842	1.43474e-185
1843	1.43474e-185
1844	1.43474e-185
1845	1.43474e-185
1846	1.43474e-185
1847	1.43474e-185
1848	1.43474e-185
1849	1.43474e-185
1850	1.43474e-185
1851	1.43474e-185
1852	1.43474e-185
1853	1.43474e-185
1854	1.43474e-185
1855	1.43474e-185
1856	1.43474e-185
1857	1.43474e-185
1858	1.43474e-185
1859	1.43474e-185
1860	1.43474e-185
1861	1.43474e-185
1862	1.43474e-185
1863	1.43474e-185
1864	1.43474e-185
1865	1.43474e-185
1866	1.43474e-185
1867	1.43474e-185
1868	1.43474e-185
1869	1.43474e-185
1870	1.43474e-185
1871	1.43474e-185
1872	1.43474e-185
1873	1.43474e-185
1874	1.43474e-185
1875	1.43474e-185
1876	1.43474e-185
1877	1.43474e-185
1878	1.43474e-185
1879	1.43474e-185
1880	1.43474e-185
1881	1.43474e-185
1882	1.43474e-185
1883	1.43474e-185
1884	1.43474e-185
1885	1.43474e-185
1886	1.43474e-185
1887	1.43474e-185
1888	1.43474e-185
1889	1.43474e-185
1890	1.43474e-185
1891	1.43474e-185
1892	1.43474e-185
1893	1.43474e-185
1894	1.43474e-185
1895	1.43474e-185
1896	1.43474e-185
1897	1.43474e-185
1898	1.43474e-185
1899	1.43474e-185
1900	1.43474e-185
1901	1.43474e-185
1902	1.43474e-185
1903	1.43474e-185
1904	1.43474e-185
1905	1.43474e-185
1906	1.43474e-185
1907	1.43474e-185
1908	1.43474e-185
1909	1.43474e-185
1910	1.43474e-185
1911	1.43474e-185
1912	1.43474e-185
1913	1.43474e-185
1914	1.43474e-185
1915	1.43474e-185
1916	1.43474e-185
1917	1.43474e-185
1918	1.43474e-185
1919	1.43474e-185
1920	1.43474e-185
1921	1.43474e-185
1922	1.43474e-185
1923	1.43474e-185
1924	1.43474e-185
1925	1.43474e-185
1926	1.43474e-185
1927	1.43474e-185
1928	1.43474e-185
1929	1.43474e-185
1930	1.43474e-185
1931	1.43474e-185
1932	1.43474e-185
1933	1.43474e-185
1934	1.43474e-185
1935	1.43474e-185
1936	1.43474e-185
1937	1.43474e-185
1938	1.43474e-185
1939	1.43474e-185
1940	1.43474e-185
1941	1.43474e-185
1942	1.43474e-185
1943	1.43474e-185
1944	1.43474e-185
1945	1.43474e-185
1946	1.43474e-185
1947	1.43474e-185
1948	1.43474e-185
1949	1.43474e-185
1950	1.43474e-185
1951	1.43474e-185
1952	1.43474e-185
1953	1.43474e-185
1954	1.43474e-185
1955	1.43474e-185
1956	1.43474e-185
1957	1.43474e-185
1958	1.43474e-185
1959	1.43474e-185
1960	1.43474e-185
1961	1.43474e-185
1962	1.43474e-185
1963	1.43474e-185
1964	1.43474e-185
1965	1.43474e-185
1966	1.43474e-185
1967	1.43474e-185
1968	1.43474e-185
1969	1.43474e-185
1970	1.43474e-185
1971	1.43474e-185
1972	1.43474e-185
1973	1.43474e-185
1974	1.43474e-185
1975	1.43474e-185
1976	1.43474e-185
1977	1.43474e-185
1978	1.43474e-185
1979	1.43474e-185
1980	1.43474e-185
1981	1.43474e-185
1982	1.43474e-185
1983	1.43474e-185
1984	1.43474e-185
1985	1.43474e-185
1986	1.43474e-185
1987	1.43474e-185
1988	1.43474e-185
1989	1.43474e-185
1990	1.43474e-185
1991	1.43474e-185
1992	1.43474e-185
1993	1.43474e-185
1994	1.43474e-185
1995	1.43474e-185
1996	1.43474e-185
1997	1.43474e-185
1998	1.43474e-185
1999	1.43474e-185
2000	1.43474e-185
2001	1.43474e-185
2002	1.43474e-185
2003	1.43474e-185
2004	1.43474e-185
2005	1.43474e-185
2006	1.43474e-185
2007	1.43474e-185
2008	1.43474e-185
2009	1.43474e-185
2010	1.43474e-185
2011	1.43474e-185
2012	1.43474e-185
2013	1.43474e-185
2014	1.43474e-185
2015	1.43474e-185
2016	1.43474e-185
2017	1.43474e-185
2018	1.43474e-185
2019	1.43474e-185
2020	1.43474e-185
2021	1.43474e-185
2022	1.43474e-185
2023	1.43474e-185
2024	1.43474e-185
2025	1.43474e-185
2026	1.43474e-185
2027	1.43474e-185
2028	1.43474e-185
2029	1.43474e-185
2030	1.43474e-185
2031	1.43474e-185
2032	1.43474e-185
2033	1.43474e-185
2034	1.43474e-185
2035	1.43474e-185
2036	1.43474e-185
2037	1.43474e-185
2038	1.43474e-185
2039	1.43474e-185
2040	1.43474e-185
2041	1.43474e-185
2042	1.43474e-185
2043	1.43474e-185
2044	1.43474e-185
2045	1.43474e-185
2046	1.43474e-185
2047	1.43474e-185
2048	1.43474e-185
2049	1.43474e-185
2050	1.43474e-185
2051	1.43474e-185
2052	1.43474e-185
2053	1.43474e-185
2054	1.43474e-185
2055	1.43474e-185
2056	1.43474e-185
2057	1.43474e-185
2058	1.43474e-185
2059	1.43474e-185
2060	1.43474e-185
2061	1.43474e-185
2062	1.43474e-185
2063	1.43474e-185
2064	1.43474e-185
2065	1.43474e-185
2066	1.43474e-185
2067	1.43474e-185
2068	1.43474e-185
2069	1.43474e-185
2070	1.43474e-185
2071	1.43474e-185
2072	1.43474e-185
2073	1.43474e-185
2074	1.43474e-185
2075	1.43474e-185
2076	1.43474e-185
2077	1.43474e-185
2078	1.43474e-185
2079	1.43474e-185
2080	1.43474e-185
2081	1.43474e-185
2082	1.43474e-185
2083	1.43474e-185
2084	1.43474e-185
2085	1.43474e-185
2086	1.43474e-185
2087	1.43474e-185
2088	1.43474e-185
2089	1.43474e-185
2090	1.43474e-185
2091	1.43474e-185
2092	1.43474e-185
2093	1.43474e-185
2094	1.43474e-185
2095	1.43474e-185
2096	1.43474e-185
2097	1.43474e-185
2098	1.43474e-185
2099	1.43474e-185
2100	1.43474e-185
2101	1.43474e-185
2102	1.43474e-185
2103	1.43474e-185
2104	1.43474e-185
2105	1.43474e-185
2106	1.43474e-185
2107	1.43474e-185
2108	1.43474e-185
2109	1.43474e-185
2110	1.43474e-185
2111	1.43474e-185
2112	1.43474e-185
2113	1.43474e-185
2114	1.43474e-185
2115	1.43474e-185
2116	1.43474e-185
2117	1.43474e-185
2118	1.43474e-185
2119	1.43474e-185
2120	1.43474e-185
2121	1.43474e-185
2122	1.43474e-185
2123	1.43474e-185
2124	1.43474e-185
2125	1.43474e-185
2126	1.43474e-185
2127	1.43474e-185
2128	1.43474e-185
2129	1.43474e-185
2130	1.43474e-185
2131	1.43474e-185
2132	1.43474e-185
2133	1.43474e-185
2134	1.43474e-185
2135	1.43474e-185
2136	1.43474e-185
2137	1.43474e-185
2138	1.43474e-185
2139	1.43474e-185
2140	1.43474e-185
2141	1.43474e-185
2142	1.43474e-185
2143	1.43474e-185
2144	1.43474e-185
2145	1.43474e-185
2146	1.43474e-185
2147	1.43474e-185
2148	1.43474e-185
2149	1.43474e-185
2150	1.43474e-185
2151	1.43474e-185
2152	1.43474e-185
2153	1.43474e-185
2154	1.43474e-185
2155	1.43474e-185
2156	1.43474e-185
2157	1.43474e-185
2158	1.43474e-185
2159	1.43474e-185
2160	1.43474e-185
2161	1.43474e-185
2162	1.43474e-185
2163	1.43474e-185
2164	1.43474e-185
2165	1.43474e-185
2166	1.43474e-185
2167	1.43474e-185
2168	1.43474e-185
2169	1.43474e-185
2170	1.43474e-185
2171	1.43474e-185
2172	1.43474e-185
2173	1.43474e-185
2174	1.43474e-185
2175	1.43474e-185
2176	1.43474e-185
2177	1.43474e-185
2178	1.43474e-185
2179	1.43474e-185
2180	1.43474e-185
2181	1.43474e-185
2182	1.43474e-185
2183	1.43474e-185
2184	1.43474e-185
2185	1.43474e-185
2186	1.43474e-185
2187	1.43474e-185
2188	1.43474e-185
2189	1.43474e-185
2190	1.43474e-185
2191	1.43474e-185
2192	1.43474e-185
2193	1.43474e-185
2194	1.43474e-185
2195	1.43474e-185
2196	1.43474e-185
2197	1.43474e-185
2198	1.43474e-185
2199	1.43474e-185
2200	1.43474e-185
2201	1.43474e-185
2202	1.43474e-185
2203	1.43474e-185
2204	1.43474e-185
2205	1.43474e-185
2206	1.43474e-185
2207	1.43474e-185
2208	1.43474e-185
2209	1.43474e-185
2210	1.43474e-185
2211	1.43474e-185
2212	1.43474e-185
2213	1.43474e-185
2214	1.43474e-185
2215	1.43474e-185
2216	1.43474e-185
2217	1.43474e-185
2218	1.43474e-185
2219	1.43474e-185
2220	1.43474e-185
2221	1.43474e-185
2222	1.43474e-185
2223	1.43474e-185
2224	1.43474e-185
2225	1.43474e-185
2226	1.43474e-185
2227	1.43474e-185
2228	1.43474e-185
2229	1.43474e-185
2230	1.43474e-185
2231	1.43474e-185
2232	1.43474e-185
2233	1.43474e-185
2234	1.43474e-185
2235	1.43474e-185
2236	1.43474e-185
2237	1.43474e-185
2238	1.43474e-185
2239	1.43474e-185
2240	1.43474e-185
2241	1.43474e-185
2242	1.43474e-185
2243	1.43474e-185
2244	1.43474e-185
2245	1.43474e-185
2246	1.43474e-185
2247	1.43474e-185
2248	1.43474e-185
2249	1.43474e-185
2250	1.43474e-185
2251	1.43474e-185
2252	1.43474e-185
2253	1.43474e-185
2254	1.43474e-185
2255	1.43474e-185
2256	1.43474e-185
2257	1.43474e-185
2258	1.43474e-185
2259	1.43474e-185
2260	1.43474e-185
2261	1.43474e-185
2262	1.43474e-185
2263	1.43474e-185
2264	1.43474e-185
2265	1.43474e-185
2266	1.43474e-185
2267	1.43474e-185
2268	1.43474e-185
2269	1.43474e-185
2270	1.43474e-185
2271	1.43474e-185
2272	1.43474e-185
2273	1.43474e-185
2274	1.43474e-185
2275	1.43474e-185
2276	1.43474e-185
2277	1.43474e-185
2278	1.43474e-185
2279	1.43474e-185
2280	1.43474e-185
2281	1.43474e-185
2282	1.43474e-185
2283	1.43474e-185
2284	1.43474e-185
2285	1.43474e-185
2286	1.43474e-185
2287	1.43474e-185
2288	1.43474e-185
2289	1.43474e-185
2290	1.43474e-185
2291	1.43474e-185
2292	1.43474e-185
2293	1.43474e-185
2294	1.43474e-185
2295	1.43474e-185
2296	1.43474e-185
2297	1.43474e-185
2298	1.43474e-185
2299	1.43474e-185
2300	1.43474e-185
2301	1.43474e-185
2302	1.43474e-185
2303	1.43474e-185
2304	1.43474e-185
2305	1.43474e-185
2306	1.43474e-185
2307	1.43474e-185
2308	1.43474e-185
2309	1.43474e-185
2310	1.43474e-185
2311	1.43474e-185
2312	1.43474e-185
2313	1.43474e-185
2314	1.43474e-185
2315	1.43474e-185
2316	1.43474e-185
2317	1.43474e-185
2318	1.43474e-185
2319	1.43474e-185
2320	1.43474e-185
2321	1.43474e-185
2322	1.43474e-185
2323	1.43474e-185
2324	1.43474e-185
2325	1.43474e-185
2326	1.43474e-185
2327	1.43474e-185
2328	1.43474e-185
2329	1.43474e-185
2330	1.43474e-185
2331	1.43474e-185
2332	1.43474e-185
2333	1.43474e-185
2334	1.43474e-185
2335	1.43474e-185
2336	1.43474e-185
2337	1.43474e-185
2338	1.43474e-185
2339	1.43474e-185
2340	1.43474e-185
2341	1.43474e-185
2342	1.43474e-185
2343	1.43474e-185
2344	1.43474e-185
2345	1.43474e-185
2346	1.43474e-185
2347	1.43474e-185
2348	1.43474e-185
2349	1.43474e-185
2350	1.43474e-185
2351	1.43474e-185
2352	1.43474e-185
2353	1.43474e-185
2354	1.43474e-185
2355	1.43474e-185
2356	1.43474e-185
2357	1.43474e-185
2358	1.43474e-185
2359	1.43474e-185
2360	1.43474e-185
2361	1.43474e-185
2362	1.43474e-185
2363	1.43474e-185
2364	1.43474e-185
2365	1.43474e-185
2366	1.43474e-185
2367	1.43474e-185
2368	1.43474e-185
2369	1.43474e-185
2370	1.43474e-185
2371	1.43474e-185
2372	1.43474e-185
2373	1.43474e-185
2374	1.43474e-185
2375	1.43474e-185
2376	1.43474e-185
2377	1.43474e-185
2378	1.43474e-185
2379	1.43474e-185
2380	1.43474e-185
2381	1.43474e-185
2382	1.43474e-185
2383	1.43474e-185
2384	1.43474e-185
2385	1.43474e-185
2386	1.43474e-185
2387	1.43474e-185
2388	1.43474e-185
2389	1.43474e-185
2390	1.43474e-185
2391	1.43474e-185
2392	1.43474e-185
2393	1.43474e-185
2394	1.43474e-185
2395	1.43474e-185
2396	1.43474e-185
2397	1.43474e-185
2398	1.43474e-185
2399	1.43474e-185
2400	1.43474e-185
2401	1.43474e-185
2402	1.43474e-185
2403	1.43474e-185
2404	1.43474e-185
2405	1.43474e-185
2406	1.43474e-185
2407	1.43474e-185
2408	1.43474e-185
2409	1.43474e-185
2410	1.43474e-185
2411	1.43474e-185
2412	1.43474e-185
2413	1.43474e-185
2414	1.43474e-185
2415	1.43474e-185
2416	1.43474e-185
2417	1.43474e-185
2418	1.43474e-185
2419	1.43474e-185
2420	1.43474e-185
2421	1.43474e-185
2422	1.43474e-185
2423	1.43474e-185
2424	1.43474e-185
2425	1.43474e-185
2426	1.43474e-185
2427	1.43474e-185
2428	1.43474e-185
2429	1.43474e-185
2430	1.43474e-185
2431	1.43474e-185
2432	1.43474e-185
2433	1.43474e-185
2434	1.43474e-185
2435	1.43474e-185
2436	1.43474e-185
2437	1.43474e-185
2438	1.43474e-185
2439	1.43474e-185
2440	1.43474e-185
2441	1.43474e-185
2442	1.43474e-185
2443	1.43474e-185
2444	1.43474e-185
2445	1.43474e-185
2446	1.43474e-185
2447	1.43474e-185
2448	1.43474e-185
2449	1.43474e-185
2450	1.43474e-185
2451	1.43474e-185
2452	1.43474e-185
2453	1.43474e-185
2454	1.43474e-185
2455	1.43474e-185
2456	1.43474e-185
2457	1.43474e-185
2458	1.43474e-185
2459	1.43474e-185
2460	1.43474e-185
2461	1.43474e-185
2462	1.43474e-185
2463	1.43474e-185
2464	1.43474e-185
2465	1.43474e-185
2466	1.43474e-185
2467	1.43474e-185
2468	1.43474e-185
2469	1.43474e-185
2470	1.43474e-185
2471	1.43474e-185
2472	1.43474e-185
2473	1.43474e-185
2474	1.43474e-185
2475	1.43474e-185
2476	1.43474e-185
2477	1.43474e-185
2478	1.43474e-185
2479	1.43474e-185
2480	1.43474e-185
2481	1.43474e-185
2482	1.43474e-185
2483	1.43474e-185
2484	1.43474e-185
2485	1.43474e-185
2486	1.43474e-185
2487	1.43474e-185
2488	1.43474e-185
2489	1.43474e-185
2490	1.43474e-185
2491	1.43474e-185
2492	1.43474e-185
2493	1.43474e-185
2494	1.43474e-185
2495	1.43474e-185
2496	1.43474e-185
2497	1.43474e-185
2498	1.43474e-185
2499	1.43474e-185
2500	1.43474e-185
