k	pvalue
0	0.9999999999999999
1	0.9999999999999999
2	0.9999999999999999
3	0.9999999999999999
4	0.9999999999999999
5	0.9999999999999999
6	0.9999999999999999
7	0.9999999999999999
8	0.9999999999999999
9	0.9999999999999999
10	0.9999999999999999
11	0.9999999999999999
12	0.9999999999999999
13	0.9999999999999999
14	0.9999999999999999
15	0.9999999999999999
16	0.9999999999999999
17	0.9999999999999999
18	0.9999999999999999
19	0.9999999999999999
20	0.9999999999999999
21	0.9999999999999999
22	0.9999999999999999
23	0.9999999999999999
24	0.9999999999999999
25	0.9999999999999999
26	0.9999999999999999
27	0.9999999999999999
28	0.9999999999999999
29	0.9999999999999999
30	0.9999999999999999
31	0.9999999999999999
32	0.9999999999999999
33	0.9999999999999999
34	0.9999999999999999
35	0.9999999999999999
36	0.9999999999999999
37	0.9999999999999999
38	0.9999999999999999
39	0.9999999999999999
40	0.9999999999999999
41	0.9999999999999999
42	0.9999999999999999
43	0.9999999999999999
44	0.9999999999999999
45	0.9999999999999999
46	0.9999999999999999
47	0.9999999999999999
48	0.9999999999999999
49	0.9999999999999999
50	0.9999999999999999
51	0.9999999999999999
52	0.9999999999999999
53	0.9999999999999999
54	0.9999999999999999
55	0.9999999999999999
56	0.9999999999999999
57	0.9999999999999999
58	0.9999999999999999
59	0.9999999999999999
60	0.9999999999999999
61	0.9999999999999999
62	0.9999999999999999
63	0.9999999999999999
64	0.9999999999999999
65	0.9999999999999999
66	0.9999999999999999
67	0.9999999999999999
68	0.9999999999999999
69	0.9999999999999999
70	0.9999999999999999
71	0.9999999999999999
72	0.9999999999999999
73	0.9999999999999999
74	0.9999999999999999
75	0.9999999999999999
76	0.9999999999999999
77	0.9999999999999999
78	0.9999999999999999
79	0.9999999999999999
80	0.9999999999999999
81	0.9999999999999999
82	0.9999999999999999
83	0.9999999999999999
84	0.9999999999999999
85	0.9999999999999999
86	0.9999999999999999
87	0.9999999999999999
88	0.9999999999999999
89	0.9999999999999999
90	0.9999999999999999
91	0.9999999999999999
92	0.9999999999999999
93	0.9999999999999999
94	0.9999999999999999
95	0.9999999999999999
96	0.9999999999999999
97	0.9999999999999999
98	0.9999999999999999
99	0.9999999999999999
100	0.9999999999999999
101	0.9999999999999999
102	0.9999999999999999
103	0.9999999999999999
104	0.9999999999999999
105	0.9999999999999999
106	0.9999999999999999
107	0.9999999999999999
108	0.9999999999999999
109	0.9999999999999999
110	0.9999999999999999
111	0.9999999999999999
112	0.9999999999999999
113	0.9999999999999999
114	0.9999999999999999
115	0.9999999999999999
116	0.9999999999999999
117	0.9999999999999999
118	0.9999999999999999
119	0.9999999999999999
120	0.9999999999999999
121	0.9999999999999999
122	0.9999999999999999
123	0.9999999999999999
124	0.9999999999999999
125	0.9999999999999999
126	0.9999999999999999
127	0.9999999999999999
128	0.9999999999999999
129	0.9999999999999999
130	0.9999999999999999
131	0.9999999999999999
132	0.9999999999999999
133	0.9999999999999999
134	0.9999999999999999
135	0.9999999999999999
136	0.9999999999999999
137	0.9999999999999999
138	0.9999999999999999
139	0.9999999999999999
140	0.9999999999999999
141	0.9999999999999999
142	0.9999999999999999
143	0.9999999999999999
144	0.9999999999999999
145	0.9999999999999999
146	0.9999999999999999
147	0.9999999999999999
148	0.9999999999999999
149	0.9999999999999999
150	0.9999999999999999
151	0.9999999999999999
152	0.9999999999999999
153	0.9999999999999999
154	0.9999999999999999
155	0.9999999999999999
156	0.9999999999999999
157	0.9999999999999999
158	0.9999999999999999
159	0.9999999999999999
160	0.9999999999999999
161	0.9999999999999999
162	0.9999999999999999
163	0.9999999999999999
164	0.9999999999999999
165	0.9999999999999999
166	0.9999999999999999
167	0.9999999999999999
168	0.9999999999999999
169	0.9999999999999999
170	0.9999999999999999
171	0.9999999999999999
172	0.9999999999999999
173	0.9999999999999999
174	0.9999999999999999
175	0.9999999999999999
176	0.9999999999999999
177	0.9999999999999999
178	0.9999999999999999
179	0.9999999999999999
180	0.9997999999999999
181	0.9997999999999999
182	0.9997999999999999
183	0.9995999999999999
184	0.9995999999999999
185	0.9993
186	0.9991999999999999
187	0.9984999999999999
188	0.9979999999999999
189	0.9965999999999999
190	0.9949999999999999
191	0.9941999999999999
192	0.9923
193	0.9904
194	0.9883
195	0.9854999999999999
196	0.9812
197	0.9773
198	0.9710999999999999
199	0.9654999999999999
200	0.9582999999999999
201	0.9486999999999999
202	0.9369
203	0.9247
204	0.9120999999999999
205	0.8968999999999999
206	0.8805999999999999
207	0.8622
208	0.8395999999999999
209	0.8191999999999999
210	0.7928999999999999
211	0.7630999999999999
212	0.7363
213	0.7045999999999999
214	0.6742999999999999
215	0.6408999999999999
216	0.6037999999999999
217	0.5698999999999999
218	0.5336
219	0.4966999999999999
220	0.4591999999999999
221	0.4251999999999999
222	0.3903999999999999
223	0.35489999999999994
224	0.3169999999999999
225	0.2862999999999999
226	0.25359999999999994
227	0.22599999999999992
228	0.19739999999999994
229	0.17199999999999996
230	0.15009999999999993
231	0.12999999999999995
232	0.11219999999999997
233	0.09729999999999998
234	0.08340000000000002
235	0.07030000000000002
236	0.056499999999999995
237	0.0465
238	0.036399999999999995
239	0.029800000000000004
240	0.0237
241	0.019
242	0.015500000000000003
243	0.011900000000000003
244	0.0097
245	0.0072
246	0.005299999999999998
247	0.004399999999999998
248	0.0030999999999999973
249	0.001899999999999998
250	0.0015999999999999992
251	0.0013999999999999991
252	0.0010999999999999992
253	0.000899999999999999
254	0.0005999999999999992
255	0.00039999999999999937
256	0.00029999999999999954
257	0.00019999999999999985
258	9.999999999999991e-05
259	9.999999999999991e-05
260	9.999999999999991e-05
