k	pvalue
0	0.9999999999999999
1	0.9999999999999999
2	0.9999999999999999
3	0.9999999999999999
4	0.9999999999999999
5	0.9999999999999999
6	0.9999999999999999
7	0.9999999999999999
8	0.9999999999999999
9	0.9999999999999999
10	0.9999999999999999
11	0.9999999999999999
12	0.9999999999999999
13	0.9999999999999999
14	0.9999999999999999
15	0.9999999999999999
16	0.9999999999999999
17	0.9999999999999999
18	0.9999999999999999
19	0.9999999999999999
20	0.9999999999999999
21	0.9999999999999999
22	0.9999999999999999
23	0.9999999999999999
24	0.9999999999999999
25	0.9999999999999999
26	0.9999999999999999
27	0.9999999999999999
28	0.9999999999999999
29	0.9999999999999999
30	0.9999999999999999
31	0.9999999999999999
32	0.9999999999999999
33	0.9999999999999999
34	0.9999999999999999
35	0.9999999999999999
36	0.9999999999999999
37	0.9999999999999999
38	0.9999999999999999
39	0.9999999999999999
40	0.9999999999999999
41	0.9999999999999999
42	0.9999999999999999
43	0.9999999999999999
44	0.9999999999999999
45	0.9999999999999999
46	0.9999999999999999
47	0.9999999999999999
48	0.9999999999999999
49	0.9999999999999999
50	0.9999999999999999
51	0.9999999999999999
52	0.9999999999999999
53	0.9999999999999999
54	0.9999999999999999
55	0.9999999999999999
56	0.9999999999999999
57	0.9999999999999999
58	0.9999999999999999
59	0.9999999999999999
60	0.9999999999999999
61	0.9999999999999999
62	0.9999999999999999
63	0.9999999999999999
64	0.9999999999999999
65	0.9999999999999999
66	0.9999999999999999
67	0.9999999999999999
68	0.9999999999999999
69	0.9999999999999999
70	0.9999999999999999
71	0.9999999999999999
72	0.9999999999999999
73	0.9999999999999999
74	0.9999999999999999
75	0.9999999999999999
76	0.9999999999999999
77	0.9999999999999999
78	0.9999999999999999
79	0.9999999999999999
80	0.9999999999999999
81	0.9999999999999999
82	0.9999999999999999
83	0.9999999999999999
84	0.9999999999999999
85	0.9999999999999999
86	0.9999999999999999
87	0.9999999999999999
88	0.9999999999999999
89	0.9999999999999999
90	0.9999999999999999
91	0.9999999999999999
92	0.9999999999999999
93	0.9999999999999999
94	0.9999999999999999
95	0.9999999999999999
96	0.9999999999999999
97	0.9999999999999999
98	0.9999999999999999
99	0.9999999999999999
100	0.9999999999999999
101	0.9999999999999999
102	0.9999999999999999
103	0.9999999999999999
104	0.9999999999999999
105	0.9999999999999999
106	0.9999999999999999
107	0.9999999999999999
108	0.9999999999999999
109	0.9999999999999999
110	0.9999999999999999
111	0.9999999999999999
112	0.9999999999999999
113	0.9999999999999999
114	0.9999999999999999
115	0.9999999999999999
116	0.9999999999999999
117	0.9999999999999999
118	0.9999999999999999
119	0.9999999999999999
120	0.9999999999999999
121	0.9999999999999999
122	0.9999999999999999
123	0.9999999999999999
124	0.9999999999999999
125	0.9999999999999999
126	0.9999999999999999
127	0.9999999999999999
128	0.9999999999999999
129	0.9999999999999999
130	0.9999999999999999
131	0.9999999999999999
132	0.9999999999999999
133	0.9999999999999999
134	0.9999999999999999
135	0.9999999999999999
136	0.9999999999999999
137	0.9999999999999999
138	0.9999999999999999
139	0.9999999999999999
140	0.9999999999999999
141	0.9999999999999999
142	0.9999999999999999
143	0.9999999999999999
144	0.9999999999999999
145	0.9999999999999999
146	0.9999999999999999
147	0.9999999999999999
148	0.9999999999999999
149	0.9999999999999999
150	0.9999999999999999
151	0.9999999999999999
152	0.9999999999999999
153	0.9999999999999999
154	0.9999999999999999
155	0.9999999999999999
156	0.9999999999999999
157	0.9999999999999999
158	0.9999999999999999
159	0.9999999999999999
160	0.9999999999999999
161	0.9999999999999999
162	0.9999999999999999
163	0.9999999999999999
164	0.9999999999999999
165	0.9999999999999999
166	0.9999999999999999
167	0.9999999999999999
168	0.9999999999999999
169	0.9999999999999999
170	0.9999999999999999
171	0.9999999999999999
172	0.9999999999999999
173	0.9999999999999999
174	0.9999999999999999
175	0.9999999999999999
176	0.9999999999999999
177	0.9999999999999999
178	0.9999999999999999
179	0.9999999999999999
180	0.9999999999999999
181	0.9999999999999999
182	0.9999999999999999
183	0.9999999999999999
184	0.9999999999999999
185	0.9999999999999999
186	0.9999999999999999
187	0.9999999999999999
188	0.9999999999999999
189	0.9999999999999999
190	0.9999999999999999
191	0.9999999999999999
192	0.9999999999999999
193	0.9999999999999999
194	0.9999999999999999
195	0.9999999999999999
196	0.9999999999999999
197	0.9999999999999999
198	0.9999999999999999
199	0.9999999999999999
200	0.9999999999999999
201	0.9999999999999999
202	0.9999999999999999
203	0.9999999999999999
204	0.9999999999999999
205	0.9999999999999999
206	0.9999999999999999
207	0.9999999999999999
208	0.9999999999999999
209	0.9999999999999999
210	0.9999999999999999
211	0.9999999999999999
212	0.9999999999999999
213	0.9999999999999999
214	0.9999999999999999
215	0.9999999999999999
216	0.9999999999999999
217	0.9999999999999999
218	0.9999999999999999
219	0.9999999999999999
220	0.9999999999999999
221	0.9999999999999999
222	0.9999999999999999
223	0.9999999999999999
224	0.9999999999999999
225	0.9999999999999999
226	0.9999999999999999
227	0.9999999999999999
228	0.9999999999999999
229	0.9999999999999999
230	0.9999999999999999
231	0.9999999999999999
232	0.9999999999999999
233	0.9999999999999999
234	0.9999999999999999
235	0.9999999999999999
236	0.9998999999999999
237	0.9998999999999999
238	0.9998999999999999
239	0.9997999999999999
240	0.9991999999999999
241	0.9989999999999999
242	0.9986999999999999
243	0.9983999999999998
244	0.9978999999999999
245	0.9970999999999999
246	0.9962999999999999
247	0.9948999999999999
248	0.9933999999999998
249	0.9912999999999998
250	0.9888999999999999
251	0.9856999999999999
252	0.9807999999999999
253	0.9763999999999999
254	0.9705999999999999
255	0.9646999999999999
256	0.9568999999999999
257	0.9468999999999999
258	0.9354999999999999
259	0.9228999999999998
260	0.9075999999999999
261	0.8922999999999999
262	0.8736999999999999
263	0.8541999999999998
264	0.8318999999999999
265	0.8084999999999999
266	0.7809999999999999
267	0.7507999999999999
268	0.7202999999999998
269	0.6891999999999999
270	0.6545999999999998
271	0.6172999999999998
272	0.5790999999999998
273	0.5428
274	0.5065
275	0.46819999999999995
276	0.43159999999999993
277	0.3924999999999999
278	0.35749999999999993
279	0.32269999999999993
280	0.28729999999999994
281	0.2547
282	0.22689999999999996
283	0.20219999999999996
284	0.17599999999999996
285	0.14889999999999998
286	0.1276
287	0.10989999999999998
288	0.09489999999999998
289	0.07899999999999999
290	0.0663
291	0.054
292	0.043399999999999994
293	0.0365
294	0.029799999999999993
295	0.02359999999999999
296	0.01859999999999999
297	0.015199999999999988
298	0.011799999999999995
299	0.009899999999999999
300	0.008200000000000002
301	0.0069000000000000025
302	0.005199999999999999
303	0.004199999999999999
304	0.0031000000000000003
305	0.0023
306	0.0017999999999999997
307	0.0012999999999999995
308	0.0009999999999999994
309	0.0005999999999999992
310	0.00039999999999999937
311	0.00029999999999999954
312	0.00029999999999999954
313	9.999999999999991e-05
314	9.999999999999991e-05
315	9.999999999999991e-05
316	9.999999999999991e-05
