k	pvalue
0	0.9999999999999999
1	0.9999999999999999
2	0.9999999999999999
3	0.9999999999999999
4	0.9999999999999999
5	0.9999999999999999
6	0.9999999999999999
7	0.9999999999999999
8	0.9999999999999999
9	0.9999999999999999
10	0.9999999999999999
11	0.9999999999999999
12	0.9999999999999999
13	0.9999999999999999
14	0.9999999999999999
15	0.9999999999999999
16	0.9999999999999999
17	0.9999999999999999
18	0.9999999999999999
19	0.9999999999999999
20	0.9999999999999999
21	0.9999999999999999
22	0.9999999999999999
23	0.9999999999999999
24	0.9999999999999999
25	0.9999999999999999
26	0.9999999999999999
27	0.9999999999999999
28	0.9999999999999999
29	0.9999999999999999
30	0.9999999999999999
31	0.9999999999999999
32	0.9999999999999999
33	0.9999999999999999
34	0.9999999999999999
35	0.9999999999999999
36	0.9999999999999999
37	0.9999999999999999
38	0.9999999999999999
39	0.9999999999999999
40	0.9999999999999999
41	0.9999999999999999
42	0.9999999999999999
43	0.9999999999999999
44	0.9999999999999999
45	0.9999999999999999
46	0.9999999999999999
47	0.9999999999999999
48	0.9999999999999999
49	0.9999999999999999
50	0.9999999999999999
51	0.9999999999999999
52	0.9999999999999999
53	0.9999999999999999
54	0.9999999999999999
55	0.9999999999999999
56	0.9999999999999999
57	0.9999999999999999
58	0.9999999999999999
59	0.9999999999999999
60	0.9999999999999999
61	0.9999999999999999
62	0.9999999999999999
63	0.9999999999999999
64	0.9999999999999999
65	0.9999999999999999
66	0.9999999999999999
67	0.9999999999999999
68	0.9999999999999999
69	0.9999999999999999
70	0.9999999999999999
71	0.9999999999999999
72	0.9999999999999999
73	0.9999999999999999
74	0.9999999999999999
75	0.9999999999999999
76	0.9999999999999999
77	0.9999999999999999
78	0.9999999999999999
79	0.9999999999999999
80	0.9999999999999999
81	0.9999999999999999
82	0.9999999999999999
83	0.9999999999999999
84	0.9999999999999999
85	0.9999999999999999
86	0.9999999999999999
87	0.9999999999999999
88	0.9999999999999999
89	0.9999999999999999
90	0.9999999999999999
91	0.9999999999999999
92	0.9999999999999999
93	0.9999999999999999
94	0.9999999999999999
95	0.9999999999999999
96	0.9999999999999999
97	0.9999999999999999
98	0.9999999999999999
99	0.9999999999999999
100	0.9999999999999999
101	0.9999999999999999
102	0.9999999999999999
103	0.9999999999999999
104	0.9999999999999999
105	0.9999999999999999
106	0.9999999999999999
107	0.9999999999999999
108	0.9999999999999999
109	0.9999999999999999
110	0.9999999999999999
111	0.9999999999999999
112	0.9999999999999999
113	0.9999999999999999
114	0.9999999999999999
115	0.9999999999999999
116	0.9999999999999999
117	0.9999999999999999
118	0.9999999999999999
119	0.9999999999999999
120	0.9999999999999999
121	0.9999999999999999
122	0.9999999999999999
123	0.9999999999999999
124	0.9999999999999999
125	0.9999999999999999
126	0.9999999999999999
127	0.9999999999999999
128	0.9999999999999999
129	0.9999999999999999
130	0.9999999999999999
131	0.9999999999999999
132	0.9999999999999999
133	0.9999999999999999
134	0.9999999999999999
135	0.9999999999999999
136	0.9999999999999999
137	0.9999999999999999
138	0.9999999999999999
139	0.9999999999999999
140	0.9999999999999999
141	0.9999999999999999
142	0.9999999999999999
143	0.9999999999999999
144	0.9999999999999999
145	0.9999999999999999
146	0.9999999999999999
147	0.9999999999999999
148	0.9999999999999999
149	0.9999999999999999
150	0.9999999999999999
151	0.9999999999999999
152	0.9999999999999999
153	0.9999999999999999
154	0.9999999999999999
155	0.9999999999999999
156	0.9999999999999999
157	0.9999999999999999
158	0.9999999999999999
159	0.9999999999999999
160	0.9999999999999999
161	0.9999999999999999
162	0.9999999999999999
163	0.9999999999999999
164	0.9999999999999999
165	0.9999999999999999
166	0.9999999999999999
167	0.9999999999999999
168	0.9999999999999999
169	0.9999999999999999
170	0.9999999999999999
171	0.9999999999999999
172	0.9999999999999999
173	0.9999999999999999
174	0.9999999999999999
175	0.9999999999999999
176	0.9999999999999999
177	0.9999999999999999
178	0.9999999999999999
179	0.9999999999999999
180	0.9999999999999999
181	0.9999999999999999
182	0.9999999999999999
183	0.9999999999999999
184	0.9999999999999999
185	0.9999999999999999
186	0.9999999999999999
187	0.9999999999999999
188	0.9999999999999999
189	0.9999999999999999
190	0.9999999999999999
191	0.9999999999999999
192	0.9999999999999999
193	0.9999999999999999
194	0.9999999999999999
195	0.9999999999999999
196	0.9999999999999999
197	0.9999999999999999
198	0.9999999999999999
199	0.9999999999999999
200	0.9999999999999999
201	0.9999999999999999
202	0.9999999999999999
203	0.9999999999999999
204	0.9998999999999998
205	0.9998999999999998
206	0.9998999999999998
207	0.9997999999999998
208	0.9993999999999998
209	0.9989999999999999
210	0.9987999999999998
211	0.9985999999999998
212	0.9972999999999999
213	0.9970999999999999
214	0.9961999999999999
215	0.9953999999999998
216	0.9938999999999998
217	0.9918999999999998
218	0.9898999999999998
219	0.9876999999999998
220	0.9846999999999998
221	0.9812999999999998
222	0.9785999999999998
223	0.9730999999999999
224	0.9673999999999998
225	0.9607999999999999
226	0.9540999999999998
227	0.9448999999999999
228	0.9330999999999998
229	0.9238999999999998
230	0.9121999999999998
231	0.8958999999999998
232	0.8809999999999998
233	0.8633999999999998
234	0.8439999999999999
235	0.8221999999999998
236	0.7996999999999999
237	0.7751999999999999
238	0.7488999999999999
239	0.7190999999999999
240	0.6903999999999999
241	0.6630999999999998
242	0.6316999999999999
243	0.5962999999999999
244	0.5661999999999999
245	0.5327999999999999
246	0.49989999999999996
247	0.47029999999999994
248	0.43829999999999997
249	0.4057
250	0.3767
251	0.347
252	0.31739999999999996
253	0.2887
254	0.25820000000000004
255	0.2334
256	0.21050000000000002
257	0.18700000000000006
258	0.16460000000000005
259	0.14650000000000005
260	0.12740000000000004
261	0.11110000000000005
262	0.09630000000000002
263	0.08310000000000003
264	0.07200000000000002
265	0.06090000000000001
266	0.05150000000000001
267	0.04330000000000001
268	0.03540000000000001
269	0.02870000000000001
270	0.02250000000000001
271	0.01920000000000001
272	0.015400000000000006
273	0.0126
274	0.010000000000000005
275	0.008500000000000002
276	0.006499999999999998
277	0.0049999999999999975
278	0.0035999999999999964
279	0.002999999999999996
280	0.0021999999999999967
281	0.0021999999999999967
282	0.001899999999999998
283	0.0015999999999999992
284	0.0012999999999999995
285	0.000899999999999999
286	0.000899999999999999
287	0.0006999999999999995
288	0.00039999999999999975
289	0.00019999999999999985
290	0.00019999999999999985
291	9.999999999999991e-05
