k	pvalue
0	0.9999999999945783
1	0.9999999999945783
2	0.9999999999945783
3	0.9999999999945783
4	0.9999999999945783
5	0.9999999999945783
6	0.9999999999945783
7	0.9999999999945783
8	0.9999999999945783
9	0.9999999999945783
10	0.9999999999945783
11	0.9999999999945783
12	0.9999999999945783
13	0.9999999999945783
14	0.9999999999945783
15	0.9999999999945783
16	0.9999999999945783
17	0.9999999999945783
18	0.9999999999945783
19	0.9999999999945783
20	0.9999999999945783
21	0.9999999999945783
22	0.9999999999945783
23	0.9999999999945783
24	0.9999999999945783
25	0.9999999999945783
26	0.9999999999945783
27	0.9999999999945783
28	0.9999999999945783
29	0.9999999999945783
30	0.9999999999945783
31	0.9999999999945783
32	0.9999999999945783
33	0.9999999999945783
34	0.9999999999945783
35	0.9999999999945783
36	0.9999999999945783
37	0.9999999999945783
38	0.9999999999945783
39	0.9999999999945783
40	0.9999999999945783
41	0.9999999999945783
42	0.9999999999945783
43	0.9999999999945783
44	0.9999999999945783
45	0.9999999999945783
46	0.9999999999945783
47	0.9999999999945783
48	0.9999999999945783
49	0.9999999999945783
50	0.9999999999945783
51	0.9999999999945783
52	0.9999999999945783
53	0.9999999999945783
54	0.9999999999945783
55	0.9999999999945783
56	0.9999999999945783
57	0.9999999999945783
58	0.9999999999945783
59	0.9999999999945783
60	0.9999999999945783
61	0.9999999999945783
62	0.9999999999945783
63	0.9999999999945783
64	0.9999999999945783
65	0.9999999999945783
66	0.9999999999945783
67	0.9999999999945783
68	0.9999999999945783
69	0.9999999999945783
70	0.9999999999945783
71	0.9999999999945783
72	0.9999999999945783
73	0.9999999999945783
74	0.9999999999945783
75	0.9999999999945783
76	0.9999999999945783
77	0.9999999999945783
78	0.9999999999945783
79	0.9999999999945783
80	0.9999999999945783
81	0.9999999999945783
82	0.9999999999945783
83	0.9999999999945783
84	0.9999999999945783
85	0.9999999999945783
86	0.9999999999945783
87	0.9999999999945783
88	0.9999999999945783
89	0.9999999999945783
90	0.9999999999945783
91	0.9999999999945783
92	0.9999999999945783
93	0.9999999999945783
94	0.9999999999945783
95	0.9999999999945783
96	0.9999999999945783
97	0.9999999999945783
98	0.9999999999945783
99	0.9999999999945783
100	0.9999999999945783
101	0.9999999999945783
102	0.9999999999945783
103	0.9999999999945783
104	0.9999999999945783
105	0.9999999999945783
106	0.9999999999945783
107	0.9999999999945783
108	0.9999999999945783
109	0.9999999999945783
110	0.9999999999945783
111	0.9999999999945783
112	0.9999999999945783
113	0.9999999999945783
114	0.9999999999945783
115	0.9999999999945783
116	0.9999999999945783
117	0.9999999999945783
118	0.9999999999945783
119	0.9999999999945783
120	0.9999999999945783
121	0.9999999999945783
122	0.9999999999945783
123	0.9999999999945783
124	0.9999999999945783
125	0.9999999999945783
126	0.9999999999945783
127	0.9999999999945783
128	0.9999999999945783
129	0.9999999999945783
130	0.9999999999945783
131	0.9999999999945783
132	0.9999999999945783
133	0.9999999999945783
134	0.9999999999945783
135	0.9999999999945783
136	0.9999999999945783
137	0.9999999999945783
138	0.9999999999945783
139	0.9999999999945783
140	0.9999999999945783
141	0.9999999999945783
142	0.9999999999945783
143	0.9999999999945783
144	0.9999999999945783
145	0.9999999999945783
146	0.9999999999945783
147	0.9999999999945783
148	0.9999999999945783
149	0.9999999999945783
150	0.9999999999945783
151	0.9999999999945783
152	0.9999999999945783
153	0.9999999999945783
154	0.9999999999945783
155	0.9999999999945783
156	0.9999999999945783
157	0.9999999999945783
158	0.9999999999945783
159	0.9999999999945783
160	0.9999999999945783
161	0.9999999999945783
162	0.9999999999945783
163	0.9999999999945783
164	0.9999999999945783
165	0.9999999999945783
166	0.9999999999945783
167	0.9999999999945783
168	0.9999999999945783
169	0.9999999999945783
170	0.9999999999945783
171	0.9999999999945783
172	0.9999999999945783
173	0.9999999999945783
174	0.9999999999945783
175	0.9999999999945783
176	0.9999999999945783
177	0.9999999999945783
178	0.9999999999945783
179	0.9999999999945783
180	0.9999999999945783
181	0.9999999999945783
182	0.9999999999945783
183	0.9999999999945783
184	0.9999999999945783
185	0.9999999999945783
186	0.9999999999945783
187	0.9999999999945783
188	0.9999999999945783
189	0.9999999999945783
190	0.9999999999945783
191	0.9999999999945783
192	0.9999999999945783
193	0.9999999999945783
194	0.9999999999945783
195	0.9999999999945783
196	0.9999999999945783
197	0.9999999999945783
198	0.9999999999945783
199	0.9999999999945783
200	0.9999999999945783
201	0.9999999999945783
202	0.9999999999945783
203	0.9999999999945783
204	0.9999999999945783
205	0.9999999999945783
206	0.9999999999945783
207	0.9999999999945783
208	0.9999999999945783
209	0.9999999999945783
210	0.9999999999945783
211	0.9999999999945783
212	0.9999999999945783
213	0.9999999999945783
214	0.9999999999945783
215	0.9999999999945783
216	0.9999999999945783
217	0.9999999999945783
218	0.9999999999945783
219	0.9999999999945783
220	0.9999999999945783
221	0.9999999999945783
222	0.9999999999945783
223	0.9999999999945783
224	0.9999999999945783
225	0.9999999999945783
226	0.9999999999945783
227	0.9999999999945783
228	0.9999999999945783
229	0.9999999999945783
230	0.9999999999945783
231	0.9999999999945783
232	0.9999999999945783
233	0.9999999999945783
234	0.9999999999945783
235	0.9999999999945783
236	0.9999999999945783
237	0.9999999999945783
238	0.9999999999945783
239	0.9999999999945783
240	0.9999999999945783
241	0.9999999999945783
242	0.9999999999945783
243	0.9999999999945783
244	0.9999999999945783
245	0.9999999999945783
246	0.9999999999945783
247	0.9999999999945783
248	0.9999999999945783
249	0.9999999999945783
250	0.9999999999945783
251	0.9999999999945783
252	0.9999999999945783
253	0.9999999999945783
254	0.9999999999945783
255	0.9999999999945783
256	0.9999999999945783
257	0.9999999999945783
258	0.9999999999945783
259	0.9999999999945783
260	0.9999999999945783
261	0.9999999999945783
262	0.9999999999945783
263	0.9999999999945783
264	0.9999999999945783
265	0.9999999999945783
266	0.9999999999945783
267	0.9999999999945783
268	0.9999999999945783
269	0.9999999999945783
270	0.9999999999945783
271	0.9999999999945783
272	0.9999999999945783
273	0.9999999999945783
274	0.9999999999945783
275	0.9999999999945783
276	0.9999999999945783
277	0.9999999999945783
278	0.9999999999945783
279	0.9999999999945783
280	0.9999999999945783
281	0.9999999999945783
282	0.9999999999945783
283	0.9999999999945783
284	0.9999999999945783
285	0.9999999999945783
286	0.9999999999945783
287	0.9999999999945783
288	0.9999999999945783
289	0.9999999999945783
290	0.9999999999945783
291	0.9999999999945783
292	0.9999999999945783
293	0.9999999999945783
294	0.9999999999945783
295	0.9999999999945783
296	0.9999999999945783
297	0.9999999999945783
298	0.9999999999945783
299	0.9999999999945783
300	0.9999999999945783
301	0.9999999999945783
302	0.9999999999945783
303	0.9999999999945783
304	0.9999999999945783
305	0.9999999999945783
306	0.9999999999945783
307	0.9999999999945783
308	0.9999999999945783
309	0.9999999999945783
310	0.9999999999945783
311	0.9999999999945783
312	0.9999999999945783
313	0.9999999999945783
314	0.9999999999945783
315	0.9999999999945783
316	0.9999999999945783
317	0.9999999999945783
318	0.9999999999945783
319	0.9999999999945783
320	0.9999999999945783
321	0.9999999999945783
322	0.9999999999945783
323	0.9999999999945783
324	0.9999999999945783
325	0.9999999999945783
326	0.9999999999945783
327	0.9999999999945783
328	0.9999999999945783
329	0.9999999999945783
330	0.9999999999945782
331	0.9999999999945781
332	0.9999999999945779
333	0.9999999999945773
334	0.999999999994576
335	0.9999999999945731
336	0.9999999999945669
337	0.9999999999945538
338	0.9999999999945258
339	0.9999999999944673
340	0.9999999999943453
341	0.9999999999940937
342	0.9999999999935794
343	0.9999999999925375
344	0.999999999990446
345	0.9999999999862852
346	0.999999999978083
347	0.9999999999620615
348	0.9999999999310525
349	0.9999999998715867
350	0.9999999997585999
351	0.9999999995459068
352	0.9999999991492372
353	0.9999999984163475
354	0.9999999970749214
355	0.9999999946427356
356	0.9999999902744384
357	0.999999982503094
358	0.999999968809056
359	0.9999999449088952
360	0.9999999035959413
361	0.9999998328714693
362	0.9999997129677151
363	0.999999511661728
364	0.9999991769874449
365	0.9999986260398591
366	0.9999977279894445
367	0.99999627863876
368	0.9999939628014769
369	0.9999902994086013
370	0.9999845624917425
371	0.9999756690157109
372	0.9999620219160184
373	0.9999412936706379
374	0.9999101323997333
375	0.9998637690409363
376	0.9997955009189622
377	0.9996960245012279
378	0.9995525889654899
379	0.9993479432391434
380	0.9990590533948356
381	0.9986555757900852
382	0.9980980851962611
383	0.9973360772864579
384	0.9963057917864603
385	0.9949279362727228
386	0.9931054300947089
387	0.9907213311718689
388	0.98763715216224
389	0.9836918120975001
390	0.9787014992240424
391	0.9724607338584946
392	0.9647449097339664
393	0.9553145524117008
394	0.9439214593951321
395	0.9303167769678563
396	0.9142609257103224
397	0.8955351169989859
398	0.8739540183619419
399	0.8493789427504053
400	0.8217307754568266
401	0.7910017340380838
402	0.7572650017339391
403	0.7206813002298281
404	0.6815015831975952
405	0.640065238694892
406	0.596793476379818
407	0.5521779239035993
408	0.5067648355633909
409	0.4611356884736556
410	0.4158852678024821
411	0.3715985860899456
412	0.32882811277763785
413	0.28807279094455013
414	0.24976018548583082
415	0.2142328526397626
416	0.181739671115152
417	0.15243246728509932
418	0.1263678443022681
419	0.10351373133959207
420	0.0837598431317108
421	0.06693101043035415
422	0.05280222480319344
423	0.04111423824836374
424	0.03158865805334245
425	0.0239416583775482
426	0.017895663711336655
427	0.01318861489523922
428	0.009580676866610021
429	0.006858465037792418
430	0.0048370378598640035
431	0.0033600185133844628
432	0.0022982683377290028
433	0.0015475444136625544
434	0.0010255438036148885
435	0.000668679612087228
436	0.0004288616702109042
437	0.00027047826613423297
438	0.00016770351433639566
439	0.00010219342772924326
440	6.118551265727613e-05
441	3.598239776771043e-05
442	2.077855915382638e-05
443	1.1778479820996003e-05
444	6.551980535373306e-06
445	3.57538388380824e-06
446	1.913341476534893e-06
447	1.003761514696758e-06
448	5.160366480853538e-07
449	2.598849001925884e-07
450	1.2816370787293686e-07
451	6.186709138265814e-08
452	2.9220370901730155e-08
453	1.3497618057723954e-08
454	6.095097659701917e-09
455	2.6893993322631822e-09
456	1.1589685358332974e-09
457	4.875413260476687e-10
458	2.000998566261608e-10
459	8.00828449749387e-11
460	3.123491424620001e-11
461	1.1865554884547662e-11
462	4.387414075415421e-12
463	1.5780256331821245e-12
464	5.516978777937028e-13
465	1.873488643242714e-13
466	6.174847737784416e-14
467	1.9736518311180417e-14
468	6.1123267646645916e-15
469	1.832457683930321e-15
470	5.312844969277632e-16
471	1.4881025123190084e-16
472	4.022233211895635e-17
473	1.0478828375091022e-17
474	2.6279324190060893e-18
475	6.335411021185844e-19
476	1.4660575137876794e-19
477	3.2512239333165386e-20
478	6.897748355196541e-21
479	1.3973663784665816e-21
480	2.69747356926702e-22
481	4.9506468109800804e-23
482	8.616626805468025e-24
483	1.4183337264880253e-24
484	2.201115687852076e-25
485	3.209410547837339e-26
486	4.379514290519502e-27
487	5.568144786851011e-28
488	6.562324658993976e-29
489	7.126730410631941e-30
490	7.082428346940412e-31
491	6.387478856495039e-32
492	5.1756837686655784e-33
493	3.721365417059875e-34
494	2.3371911044397054e-35
495	1.2559983451938758e-36
496	5.615040262244388e-38
497	2.004736955018554e-39
498	5.358885186776404e-41
499	9.533493887344353e-43
500	8.465491470124466e-45
