k	pvalue
0	0.9999999998921688
1	0.8483859179248994
2	0.6518170048261155
3	0.46286546461744454
4	0.3094980462082682
5	0.19670262966838986
6	0.11983561911443592
7	0.0704609596257066
8	0.040189594883039824
9	0.022313489863592707
10	0.01209431078224195
11	0.006415485454075949
12	0.0033369879588377037
13	0.0017048286426221725
14	0.0008566684737935004
15	0.0004239191897188842
16	0.00020679762424906958
17	9.953896126472547e-05
18	4.7312223210373765e-05
19	2.2222541003993247e-05
20	1.0321105139718622e-05
21	4.742575431594748e-06
22	2.1571330283604612e-06
23	9.716548231617277e-07
24	4.336095352125332e-07
25	1.917787281508981e-07
26	8.409418429755111e-08
27	3.6570599277604e-08
28	1.577699743052319e-08
29	6.75396270368858e-09
30	2.8697370673195945e-09
31	1.2105256968811248e-09
32	5.070451605162756e-10
33	2.1093368328181542e-10
34	8.716700144784567e-11
35	3.578822561138591e-11
36	1.460092581633367e-11
37	5.920232468353953e-12
38	2.3860376580379653e-12
39	9.559923338325808e-13
40	3.8082478545696746e-13
41	1.5084875401012882e-13
42	5.942281249175504e-14
43	2.328124823757975e-14
44	9.072879065818097e-15
45	3.5173191051042447e-15
46	1.3565822173500297e-15
47	5.205784059865861e-16
48	1.9877787348240976e-16
49	7.55311841567263e-17
50	2.856234356929152e-17
51	1.0749843335168972e-17
52	4.026996582635009e-18
53	1.5016198495787615e-18
54	5.57398657668469e-19
55	2.0598017985884774e-19
56	7.578161916450192e-20
57	2.775911238561861e-20
58	1.012450659221013e-20
59	3.676979371540001e-21
60	1.329777938759153e-21
61	4.789149650536252e-22
62	1.7177067281919867e-22
63	6.135785648038398e-23
64	2.182933067737451e-23
65	7.735307646662985e-24
66	2.730227933489853e-24
67	9.59888890812131e-25
68	3.361706458299184e-25
69	1.1728185741948713e-25
70	4.0761394470182025e-26
71	1.4113307292298053e-26
72	4.868375360989531e-27
73	1.673124523448421e-27
74	5.728942083936595e-28
75	1.954497554762736e-28
76	6.643891369863957e-29
77	2.2503411738120843e-29
78	7.594934586307107e-30
79	2.5542331861667385e-30
80	8.559896890423773e-31
81	2.8586324262808763e-31
82	9.513490034592711e-32
83	3.155170607988041e-32
84	1.0428374216445137e-32
85	3.435027365747174e-33
86	1.1276450002620153e-33
87	3.689365581067023e-34
88	1.203029581166323e-34
89	3.90979700744667e-35
90	1.266464792958876e-35
91	4.088843778379742e-36
92	1.3157811033608816e-36
93	4.220360233087435e-37
94	1.3492889119923737e-37
95	4.2998818674207797e-38
96	1.3658739673038514e-38
97	4.324873930779523e-39
98	1.3650576636903591e-39
99	4.294860653838618e-40
100	1.3470177820896793e-40
101	4.2114263843002936e-41
102	1.3125686494025045e-41
103	4.078090897489748e-42
104	1.2631031355795383e-42
105	3.900071644946435e-43
106	1.2005020149125162e-43
107	3.683954612022207e-44
108	1.1270186753660028e-44
109	3.4373019103949176e-45
110	1.0451487422872678e-45
111	3.1682276970233543e-46
112	9.574947794954444e-47
113	2.8849743265078985e-47
114	8.666358503090606e-48
115	2.595518017027791e-48
116	7.750104818685563e-49
117	2.3072282623904004e-49
118	6.848196821877081e-50
119	2.026598496918285e-50
120	5.979543674152123e-51
121	1.759057967506593e-51
122	5.159491395708496e-52
123	1.5088672341644705e-52
124	4.399620667970053e-53
125	1.2790929465422878e-53
126	3.707781667004342e-54
127	1.0716520889631284e-54
128	3.0883282157554298e-55
129	8.874120887343533e-56
130	2.5425043278384516e-56
131	7.263311523333935e-57
132	2.0689325135965383e-57
133	5.8762283666525995e-58
134	1.664154456427001e-58
135	4.6992992312879645e-59
136	1.3231798517547734e-59
137	3.7149478303663614e-60
138	1.0400071102645795e-60
139	2.903162031943106e-61
140	8.080889910537791e-62
141	2.24285689874771e-62
142	6.207258840932102e-63
143	1.7129925004931062e-63
144	4.713784535550511e-64
145	1.2934330166159477e-64
146	3.5389900701083956e-65
147	9.655552162382417e-66
148	2.62686881017095e-66
149	7.12630213240303e-67
150	1.9277720627531108e-67
151	5.20012415218075e-68
152	1.3987472517192901e-68
153	3.7517436584900385e-69
154	1.0034512274547178e-69
155	2.6762664746475564e-70
156	7.117592767031802e-71
157	1.8875927028279445e-71
158	4.99178002255659e-72
159	1.3163614573944757e-72
160	3.461528988831287e-73
161	9.076833324867943e-74
162	2.373420823521434e-74
163	6.188558696786031e-75
164	1.6090850074480314e-75
165	4.17199184153489e-76
166	1.078656419201752e-76
167	2.780982247201905e-77
168	7.149716746043621e-78
169	1.8329688179729553e-78
170	4.6859426968158717e-79
171	1.1945780009402149e-79
172	3.0367401545425392e-80
173	7.69797011082159e-81
174	1.9458982042403028e-81
175	4.9050011426812687e-82
176	1.2329144672474772e-82
177	3.0903048038954583e-83
178	7.724028383074656e-84
179	1.925130500640451e-84
180	4.7846459130126154e-85
181	1.1858021758159988e-85
182	2.9305351862710766e-86
183	7.221930312554097e-87
184	1.7747233019157556e-87
185	4.348888919411924e-88
186	1.0626629398797757e-88
187	2.5892948903190066e-89
188	6.291227746087362e-90
189	1.524250405363338e-90
190	3.6825046809588424e-91
191	8.871465771552986e-92
192	2.131137647483808e-92
193	5.104939271885144e-93
194	1.2193587054613156e-93
195	2.9042435125677737e-94
196	6.897536132809571e-95
197	1.6334771919838305e-95
198	3.857349367739628e-96
199	9.082811792959551e-97
200	2.1325816892155426e-97
201	4.9927933803748696e-98
202	1.1655544273343698e-98
203	2.713132561624602e-99
204	6.297343126937307e-100
205	1.4574375115885876e-100
206	3.36331139068058e-101
207	7.739038820456968e-102
208	1.7756117184226627e-102
209	4.0620773056680887e-103
210	9.265859275443101e-104
211	2.1074565833568154e-104
212	4.779308178051424e-105
213	1.0806943902906732e-105
214	2.4365211060444643e-106
215	5.477278089575136e-107
216	1.22767838396573e-107
217	2.7436421164636243e-108
218	6.113517138126389e-109
219	1.358230174326121e-109
220	3.008651512631814e-110
221	6.644837048009628e-111
222	1.463215664070077e-111
223	3.212487813372297e-112
224	7.032039771241844e-113
225	1.534706497531002e-113
226	3.339419593556728e-114
227	7.244621791062111e-115
228	1.5669563358093459e-115
229	3.379028577411524e-116
230	7.264704132501981e-117
231	1.5571568482587749e-117
232	3.3276096573357453e-118
233	7.089492810661147e-119
234	1.5058367075728305e-119
235	3.18872910285374e-120
236	6.731804192935179e-121
237	1.41682581650741e-121
238	2.9728266078710894e-122
239	6.218530726892847e-123
240	1.296785050041005e-123
241	2.695920558659499e-124
242	5.587298992877633e-125
243	1.1543812482170107e-125
244	2.3776389604142017e-126
245	4.881896569483314e-127
246	9.992495181964933e-128
247	2.0389129229113316e-128
248	4.147241994580323e-129
249	8.409160010984687e-130
250	1.6997103857570725e-130
251	3.4247021504171007e-131
252	6.878483599584825e-132
253	1.3771493524293262e-132
254	2.748426898699373e-133
255	5.467622046308079e-134
256	1.0842270166343719e-134
257	2.1431159168147354e-135
258	4.2225131568197696e-136
259	8.292633030452532e-137
260	1.6233273328122876e-137
261	3.167437570417355e-138
262	6.1601939162050126e-139
263	1.1941560034264285e-139
264	2.3073000498245896e-140
265	4.443440108153547e-141
266	8.529090225317129e-142
267	1.631736547609266e-142
268	3.111409082812811e-143
269	5.913160585320166e-144
270	1.1200396884948126e-144
271	2.114433258977615e-145
272	3.978295004885706e-146
273	7.45998539131983e-147
274	1.3941595130442682e-147
275	2.596664924716341e-148
276	4.81996318906252e-149
277	8.916435142770281e-150
278	1.6438183332136727e-150
279	3.0201371950016975e-151
280	5.529743859085018e-152
281	1.008983347662741e-152
282	1.8346732062121003e-153
283	3.324483752601637e-154
284	6.003098530176478e-155
285	1.0802080655411158e-155
286	1.9369344153294983e-156
287	3.460929726550064e-157
288	6.162199591565697e-158
289	1.093297971945994e-158
290	1.932839315557939e-159
291	3.404881072751921e-160
292	5.976564729250821e-161
293	1.0452958381102363e-161
294	1.8216254720334601e-162
295	3.163046146714636e-163
296	5.472336016544078e-164
297	9.43311059359374e-165
298	1.620116012056892e-165
299	2.772300626198564e-166
300	4.726410931119269e-167
301	8.028112074578624e-168
302	1.358563482022609e-168
303	2.2904704532309686e-169
304	3.847169321100591e-170
305	6.437589428813176e-171
306	1.0731589382687117e-171
307	1.7822021287826408e-172
308	2.948460122471971e-173
309	4.859282022803591e-174
310	7.977752546574629e-175
311	1.3047087984117846e-175
312	2.1255144432902488e-176
313	3.449250478162379e-177
314	5.575557118159117e-178
315	8.977330671257761e-179
316	1.439773040353459e-179
317	2.2999640490605435e-180
318	3.6594892310608126e-181
319	5.7994180852921355e-182
320	9.153872679452676e-183
321	1.4390427095519641e-183
322	2.2531110912961486e-184
323	3.5133647904109336e-185
324	5.456159815366818e-186
325	8.438504144279655e-187
326	1.2997194352235233e-187
327	1.9935658776073885e-188
328	3.0450844000627726e-189
329	4.631766183130172e-190
330	7.015572359363952e-191
331	1.0581305708730906e-191
332	1.5891519249466664e-192
333	2.3764667839492716e-193
334	3.5385738301211406e-194
335	5.2461994733088e-195
336	7.744101494008535e-196
337	1.1381420550287407e-196
338	1.6653688097343873e-197
339	2.4260628301232825e-198
340	3.5185220690319625e-199
341	5.080119161348834e-200
342	7.301825960994849e-201
343	1.0447716721239389e-201
344	1.4880989378091307e-202
345	2.1098457148267786e-203
346	2.9775963156232237e-204
347	4.182776959911138e-205
348	5.848367878296562e-206
349	8.138846161662029e-207
350	1.1272909988178186e-207
351	1.5539638400176704e-208
352	2.1318852939856821e-209
353	2.9106564871822688e-210
354	3.954650927041408e-211
355	5.34688775248435e-212
356	7.193745274210179e-213
357	9.630641499752158e-214
358	1.2828809897954023e-214
359	1.7003293546917255e-215
360	2.2422266718163626e-216
361	2.9417767287421913e-217
362	3.839788334945617e-218
363	4.986038022525133e-219
364	6.440767701701877e-220
365	8.276298274965549e-221
366	1.0578727945943068e-221
367	1.3449669303429918e-222
368	1.7007962346044583e-223
369	2.1391281773983672e-224
370	2.6757536698784936e-225
371	3.328594028888251e-226
372	4.117760697593587e-227
373	5.065551722106914e-228
374	6.19636763199112e-229
375	7.536528641275693e-230
376	9.113975204121274e-231
377	1.0957835158100203e-231
378	1.3097843188537489e-232
379	1.556360233579583e-233
380	1.838368287192656e-234
381	2.1584561137476524e-235
382	2.5189409786038154e-236
383	2.921676113243538e-237
384	3.367907658678552e-238
385	3.858126696756372e-239
386	4.391922015051902e-240
387	4.967840321625557e-241
388	5.5832615091434895e-242
389	6.234297166790299e-243
390	6.915720757686816e-244
391	7.6209376334212e-245
392	8.342002278667521e-246
393	9.069688828316479e-247
394	9.793618973845773e-248
395	1.050244891416554e-248
396	1.118411409530369e-249
397	1.182612725648867e-250
398	1.2415921934604457e-251
399	1.2941230286890034e-252
400	1.339048110794539e-253
401	1.3753201482265016e-254
402	1.402040385454301e-255
403	1.4184939609489827e-256
404	1.4241800668938948e-257
405	1.4188352202655423e-258
406	1.4024482291951326e-259
407	1.3752658172766537e-260
408	1.3377883318964403e-261
409	1.2907554830304128e-262
410	1.235122602521926e-263
411	1.1720284433497074e-264
412	1.1027560160398859e-265
413	1.028688350102388e-266
414	9.512613429951086e-268
415	8.719159969927775e-269
416	7.920523353770795e-270
417	7.129871350684735e-271
418	6.359173262052024e-272
419	5.618905136670526e-273
420	4.917836027894457e-274
421	4.262899984959569e-275
422	3.65915332717789e-276
423	3.1098119660417455e-277
424	2.6163594419596508e-278
425	2.178713179996024e-279
426	1.7954344004056123e-280
427	1.4639662019231314e-281
428	1.1808845270474553e-282
429	9.421478904370908e-284
430	7.433337080674207e-285
431	5.798515668436629e-286
432	4.4712656590234446e-287
433	3.407486941321683e-288
434	2.565868656691929e-289
435	1.9086854422591667e-290
436	1.4022773126443066e-291
437	1.017254130357159e-292
438	7.284735224082771e-294
439	5.148441186892942e-295
440	3.590048574554063e-296
441	2.4692677217916518e-297
442	1.6747716744265576e-298
443	1.1197840068985392e-299
444	7.378548289985103e-301
445	4.789909016590132e-302
446	3.062383424870283e-303
447	1.9276067894971713e-304
448	1.1941216229833472e-305
449	7.277601568847774e-307
450	4.3618358340370813e-308
451	2.56990110812695e-309
452	1.4878079956336e-310
453	8.45999768467e-312
454	4.7226709606e-313
455	2.5869714904e-314
456	1.389841266e-315
457	7.319502e-317
458	3.77662e-318
459	1.90803e-319
460	9.43e-321
461	4.55e-322
462	2e-323
463	0.0
464	0.0
465	0.0
466	0.0
467	0.0
468	0.0
469	0.0
470	0.0
471	0.0
472	0.0
473	0.0
474	0.0
475	0.0
476	0.0
477	0.0
478	0.0
479	0.0
480	0.0
481	0.0
482	0.0
483	0.0
484	0.0
485	0.0
486	0.0
487	0.0
488	0.0
489	0.0
490	0.0
491	0.0
492	0.0
493	0.0
494	0.0
495	0.0
496	0.0
497	0.0
498	0.0
499	0.0
500	0.0
