k	pvalue
0	1.0000000001026639
1	0.9999999978299995
2	0.9999999652537902
3	0.9999997227040687
4	0.9999984742765861
5	0.9999934855727202
6	0.9999770036403561
7	0.999930174738075
8	0.9998126440271186
9	0.9995469797980717
10	0.9989981997312838
11	0.9979503969848394
12	0.9960843923154541
13	0.9929618834043702
14	0.9880220998053082
15	0.9805960707891874
16	0.969941218443471
17	0.9552954825531531
18	0.9359463051177733
19	0.9113064436025929
20	0.880986542276701
21	0.8448541610627712
22	0.8030706062079949
23	0.7561000715420413
24	0.7046896217209584
25	0.6498226404474514
26	0.5926517972310478
27	0.5344198323658024
28	0.47637728287251274
29	0.41970572181927773
30	0.3654534397368701
31	0.3144881765584987
32	0.26746896756079164
33	0.22483679775720125
34	0.18682185799552076
35	0.15346392178345597
36	0.12464174638838169
37	0.100107375491777
38	0.07952164908839478
39	0.062487947072209185
40	0.04858204724075559
41	0.03737683281567632
42	0.028461342425901107
43	0.02145425961686728
44	0.01601236743475804
45	0.011834752006900236
46	0.008663650974121306
47	0.0062828411904270924
48	0.004514380590482482
49	0.0032143940323001575
50	0.0022684489923920853
51	0.0015869240250141472
52	0.001100643870204383
53	0.0007569470763885428
54	0.0005162674689258113
55	0.0003492490144592926
56	0.0002343719138434423
57	0.0001560424683717215
58	0.0001030865580551882
59	6.758286525040041e-05
60	4.3974218240835434e-05
61	2.840119305334787e-05
62	1.820959606321938e-05
63	1.1591405117162821e-05
64	7.326375177093221e-06
65	4.598363586645892e-06
66	2.8662951530436528e-06
67	1.7745284168951422e-06
68	1.0912622523933993e-06
69	6.666499304424687e-07
70	4.046003493930657e-07
71	2.4397783709951915e-07
72	1.4618575960043228e-07
73	8.704104445291053e-08
74	5.150390541133287e-08
75	3.0289002221522404e-08
76	1.7704726657600104e-08
77	1.0286857262912324e-08
78	5.941475332372699e-09
79	3.411551842751594e-09
80	1.9475243620175786e-09
81	1.105384611306369e-09
82	6.238340634860795e-10
83	3.50085984055296e-10
84	1.9536844422663392e-10
85	1.0842553075232591e-10
86	5.984513551574822e-11
87	3.285249647033561e-11
88	1.7937898510678724e-11
89	9.742249403083844e-12
90	5.263221756883065e-12
91	2.828580369476612e-12
92	1.5122686397593501e-12
93	8.043620113073319e-13
94	4.2565176926243467e-13
95	2.2410690248623125e-13
96	1.1740080044715425e-13
97	6.119537405634957e-14
98	3.1740522425417786e-14
99	1.6382240131920732e-14
100	8.414176652727347e-15
101	4.300748646095302e-15
102	2.1876869629523794e-15
103	1.107513890679026e-15
104	5.580201818069763e-16
105	2.798342248562878e-16
106	1.3967384280563598e-16
107	6.939136933688718e-17
108	3.431503321134747e-17
109	1.689134095920073e-17
110	8.276684732970056e-18
111	4.037130768932248e-18
112	1.960309254183644e-18
113	9.475948615145616e-19
114	4.5601363353201045e-19
115	2.1847432234157535e-19
116	1.0420788416169497e-19
117	4.948667371003812e-20
118	2.3397697059363773e-20
119	1.1014493845977074e-20
120	5.162638743261e-21
121	2.409370781012455e-21
122	1.1196157016704833e-21
123	5.180554757470327e-22
124	2.386897661252174e-22
125	1.095089612842202e-22
126	5.0030141972563027e-23
127	2.2760809958744047e-23
128	1.0311576895150597e-23
129	4.6521226426749596e-24
130	2.0901287720894352e-24
131	9.351853348093016e-25
132	4.167080106264726e-25
133	1.849192471396625e-25
134	8.172499625757237e-26
135	3.597132880818294e-26
136	1.5768592284682167e-26
137	6.884464596765661e-27
138	2.9936015789207604e-27
139	1.2964925759644457e-27
140	5.592471144355902e-28
141	2.4027051647792796e-28
142	1.0281711423549643e-28
143	4.382314912579649e-29
144	1.8604581543449766e-29
145	7.86718119781221e-30
146	3.313644866282245e-30
147	1.3902241909644086e-30
148	5.809786478780671e-31
149	2.418444953388789e-31
150	1.0028063555997266e-31
151	4.1419685164228015e-32
152	1.7041555893047835e-32
153	6.984385455717883e-33
154	2.8514602237092516e-33
155	1.159658569068291e-33
156	4.69807668237777e-34
157	1.8960095359338346e-34
158	7.622450315865845e-35
159	3.052709382209641e-35
160	1.2179125203666072e-35
161	4.840490809795188e-36
162	1.9164971171520002e-36
163	7.559187193171884e-37
164	2.970248492605747e-37
165	1.1626894154278496e-37
166	4.534091754359238e-38
167	1.7614683567997742e-38
168	6.817412205266533e-39
169	2.6286123633593295e-39
170	1.0097127711875098e-39
171	3.863984708411221e-40
172	1.4731298896128183e-40
173	5.595211843303437e-41
174	2.1172081056653925e-41
175	7.981484355211193e-42
176	2.997632501296215e-42
177	1.1216287390136956e-42
178	4.1811641301560694e-43
179	1.5528299498400733e-43
180	5.745533254791369e-44
181	2.1179594062363882e-44
182	7.778337279118836e-45
183	2.846024822729698e-45
184	1.0374668196923278e-45
185	3.767854599790214e-46
186	1.3633241596696564e-46
187	4.914618558276848e-47
188	1.7650894845500968e-47
189	6.315828461957973e-48
190	2.2515468970736065e-48
191	7.996851889302161e-49
192	2.8297282399105207e-49
193	9.976040197073666e-50
194	3.503963127904036e-50
195	1.2261645563073846e-50
196	4.274898706305299e-51
197	1.4848774532916086e-51
198	5.138577536597938e-52
199	1.771668502260659e-52
200	6.0856773689721485e-53
201	2.082676836343076e-53
202	7.101022229438104e-54
203	2.412155674380936e-54
204	8.1634671741243e-55
205	2.752505150047058e-55
206	9.246237529130819e-56
207	3.094457656944286e-56
208	1.0317767653509583e-56
209	3.427422821466906e-57
210	1.1343036718340831e-57
211	3.739982841499561e-58
212	1.2285344426269129e-58
213	4.020511313530869e-59
214	1.3108414565747118e-59
215	4.2578720845670707e-60
216	1.3778666350101055e-60
217	4.442141519974409e-61
218	1.4267460030047178e-61
219	4.565290040483132e-62
220	1.455311028519307e-62
221	4.6217583859027727e-63
222	1.462247185679244e-63
223	4.6088714009737984e-64
224	1.4471936922738864e-64
225	4.527046688282623e-65
226	1.4107739405492497e-65
227	4.3797756150903923e-66
228	1.3545531102786434e-66
229	4.1733773896218286e-67
230	1.2809269333894928e-67
231	3.916550220862249e-68
232	1.1929525904707783e-68
233	3.6197638898888345e-69
234	1.0941383480714937e-69
235	3.2945527845386724e-70
236	9.88212089621529e-71
237	2.9527758328145273e-71
238	8.788899677338907e-72
239	2.6059091729444554e-72
240	7.696649950423717e-73
241	2.264429344018653e-73
242	6.63631831350106e-74
243	1.937330816944279e-74
244	5.633589332877958e-75
245	1.6318040717001268e-75
246	4.708133896480286e-76
247	1.3530817335460646e-76
248	3.873379820130629e-77
249	1.1044429655915627e-77
250	3.1367500077686116e-78
251	8.873523618765912e-79
252	2.500276320328725e-79
253	7.017002612736878e-80
254	1.9614758428360264e-80
255	5.461071639553305e-81
256	1.5143706475009987e-81
257	4.182554735568443e-82
258	1.1505404426207366e-82
259	3.1521620909057635e-83
260	8.601161561702919e-84
261	2.3374537055900057e-84
262	6.326472743808435e-85
263	1.705329317471815e-85
264	4.578024104298311e-86
265	1.2239571627658788e-86
266	3.2588752492138456e-87
267	8.64127041536772e-88
268	2.2818688829375106e-88
269	6.000698586824868e-89
270	1.5714685762532098e-89
271	4.0982362774535475e-90
272	1.0643151619769942e-90
273	2.7524532029008276e-91
274	7.088273541887018e-92
275	1.8177164199979888e-92
276	4.641636729038868e-93
277	1.1802381678008212e-93
278	2.988241532705388e-94
279	7.533611710114242e-95
280	1.8911506570674578e-95
281	4.726919019043689e-96
282	1.1763945990790476e-96
283	2.915038552359873e-97
284	7.191930918728715e-98
285	1.766648072164626e-98
286	4.32067128779891e-99
287	1.052064278323231e-99
288	2.5504470383183963e-100
289	6.155542796432883e-101
290	1.479058449611486e-101
291	3.538067223940716e-102
292	8.425609171100974e-103
293	1.997485561618263e-103
294	4.7141740787961826e-104
295	1.1075405228211413e-104
296	2.5902279597282173e-105
297	6.030216478609373e-106
298	1.3974506108332487e-106
299	3.223596427027449e-107
300	7.401800419002664e-108
301	1.6916805043109413e-108
302	3.8483559497733976e-109
303	8.713639238749034e-110
304	1.963734556022009e-110
305	4.404698181216853e-111
306	9.833109425860147e-112
307	2.1847311052640466e-112
308	4.8309044771910034e-113
309	1.0630974041826143e-113
310	2.328211874480196e-114
311	5.074197117152302e-115
312	1.1005201246011695e-115
313	2.375225023031423e-116
314	5.101264139496845e-117
315	1.0902024962468903e-117
316	2.3183699188881076e-118
317	4.905623880024852e-119
318	1.032835902589488e-119
319	2.1636322100266003e-120
320	4.509619572958001e-121
321	9.351685820570086e-122
322	1.929400859356442e-122
323	3.9602851790238686e-123
324	8.087058904368628e-124
325	1.642871020106016e-124
326	3.3201174848157274e-125
327	6.67465461691479e-126
328	1.3348042632753142e-126
329	2.655264106159851e-127
330	5.25396237315404e-128
331	1.034053132465405e-128
332	2.0242437516989806e-129
333	3.941250438105596e-130
334	7.632091395092692e-131
335	1.4698677058394084e-131
336	2.8153004599253283e-132
337	5.362527628300221e-133
338	1.0157782267111586e-133
339	1.9133697372896703e-134
340	3.583896214317325e-135
341	6.6750441740876186e-136
342	1.2361766168811762e-136
343	2.276249260163186e-137
344	4.167322013736444e-138
345	7.585375208503933e-139
346	1.3726645957914656e-139
347	2.4694686459079155e-140
348	4.4165021885164286e-141
349	7.851870448911375e-142
350	1.387622051749522e-142
351	2.4375641613928377e-143
352	4.2560906194987357e-144
353	7.386156726467298e-145
354	1.2739771726308805e-145
355	2.1838490438354954e-146
356	3.7203475911519857e-147
357	6.298340994383609e-148
358	1.059575973277548e-148
359	1.7712609764797883e-149
360	2.9421070653567984e-150
361	4.855573127384214e-151
362	7.961757884816806e-152
363	1.2970116979025197e-152
364	2.0990605842309891e-153
365	3.374672044787656e-154
366	5.389428597879069e-155
367	8.549428874581654e-156
368	1.3470789477941846e-156
369	2.1080870004425816e-157
370	3.276431932698926e-158
371	5.057176767862959e-159
372	7.751510192428066e-160
373	1.179810234918164e-160
374	1.783042459592067e-161
375	2.6755343166578244e-162
376	3.985968685769288e-163
377	5.8953083129603566e-164
378	8.655711408353324e-165
379	1.2615268077921046e-165
380	1.824992429895483e-166
381	2.6204111356658128e-167
382	3.7341694070355944e-168
383	5.2808852316013713e-169
384	7.411036929868776e-170
385	1.0320046004172091e-170
386	1.4258867169330886e-171
387	1.954604588639325e-172
388	2.6581072300741755e-173
389	3.585868606844801e-174
390	4.798356748250985e-175
391	6.36845891447655e-176
392	8.382750751693962e-177
393	1.0942466065147096e-177
394	1.416399313306008e-178
395	1.817869668105721e-179
396	2.3131845902503144e-180
397	2.918042309163262e-181
398	3.648959974743685e-182
399	4.522770243935652e-183
400	5.555955349566136e-184
401	6.763816423268267e-185
402	8.159488102662276e-186
403	9.752823374262092e-187
404	1.15491904600197e-187
405	1.3548241189635592e-188
406	1.5742727142502295e-189
407	1.8117453986448933e-190
408	2.0648473787840192e-191
409	2.330261753949623e-192
410	2.603746394894892e-193
411	2.8801824418517294e-194
412	3.153679774950655e-195
413	3.4177412116454933e-196
414	3.6654828201521e-197
415	3.889902918612727e-198
416	4.084187474792319e-199
417	4.242035219479093e-200
418	4.357982348758594e-201
419	4.427704687309721e-202
420	4.4482749851315836e-203
421	4.418354829763479e-204
422	4.33830447453132e-205
423	4.210199481730803e-206
424	4.0377500079391104e-207
425	3.8261261839213974e-208
426	3.581700614227446e-209
427	3.3117257622956615e-210
428	3.023969183141928e-211
429	2.7263326636365504e-212
430	2.4264820085449194e-213
431	2.1315124237590073e-214
432	1.8476704340575353e-215
433	1.5801475193977562e-216
434	1.3329538331034813e-217
435	1.1088732426459165e-218
436	9.094942667755748e-220
437	7.353059263525239e-221
438	5.858435559811566e-222
439	4.598674894749924e-223
440	3.5555724694361926e-224
441	2.707052125127905e-225
442	2.0289643172393346e-226
443	1.496646109149097e-227
444	1.0861817639134078e-228
445	7.753389901393918e-230
446	5.441875197836801e-231
447	3.754311013634312e-232
448	2.5450012289315427e-233
449	1.6946005902364217e-234
450	1.1079181427516275e-235
451	7.10954447576295e-237
452	4.476056273856604e-238
453	2.7636782421771266e-239
454	1.6727394154523124e-240
455	9.920197785876179e-242
456	5.761785463880043e-243
457	3.275839059432209e-244
458	1.822177317482701e-245
459	9.911157376660145e-247
460	5.2683570738765924e-248
461	2.735155968922886e-249
462	1.3860235673751038e-250
463	6.850966944472935e-252
464	3.300816553608711e-253
465	1.5490228329084473e-254
466	7.074920095388893e-256
467	3.1423392222418862e-257
468	1.3560362445499639e-258
469	5.6803033685792884e-260
470	2.307401836305672e-261
471	9.079616956363168e-263
472	3.457118957383935e-264
473	1.2721521932871621e-265
474	4.518341201247935e-267
475	1.5467814379509337e-268
476	5.0960793843924425e-270
477	1.6132246294875876e-271
478	4.898229180895562e-273
479	1.4237549311280814e-274
480	3.953413590284579e-276
481	1.0462863944565084e-277
482	2.6325012608940657e-279
483	6.279225741259599e-281
484	1.4154813207633754e-282
485	3.0049680631385423e-284
486	5.984045241428701e-286
487	1.1127943988342529e-287
488	1.9224615608365969e-289
489	3.067068536850802e-291
490	4.48706603288121e-293
491	5.96960595086189e-295
492	7.149605224155381e-297
493	7.612879066117912e-299
494	7.093778621162363e-301
495	5.666077666057516e-303
496	3.771348904359744e-305
497	2.00797034952646e-307
498	8.0167742125938e-310
499	2.13320968659e-312
500	2.837139264e-315
