k	pvalue
0	0.999999999995544
1	0.999999999995544
2	0.999999999995544
3	0.999999999995544
4	0.999999999995544
5	0.999999999995544
6	0.999999999995544
7	0.999999999995544
8	0.999999999995544
9	0.999999999995544
10	0.999999999995544
11	0.999999999995544
12	0.999999999995544
13	0.999999999995544
14	0.999999999995544
15	0.999999999995544
16	0.999999999995544
17	0.999999999995544
18	0.999999999995544
19	0.999999999995544
20	0.999999999995544
21	0.999999999995544
22	0.999999999995544
23	0.999999999995544
24	0.999999999995544
25	0.999999999995544
26	0.999999999995544
27	0.999999999995544
28	0.999999999995544
29	0.999999999995544
30	0.999999999995544
31	0.999999999995544
32	0.999999999995544
33	0.999999999995544
34	0.999999999995544
35	0.999999999995544
36	0.999999999995544
37	0.999999999995544
38	0.999999999995544
39	0.999999999995544
40	0.999999999995544
41	0.999999999995544
42	0.999999999995544
43	0.999999999995544
44	0.999999999995544
45	0.999999999995544
46	0.999999999995544
47	0.999999999995544
48	0.999999999995544
49	0.999999999995544
50	0.999999999995544
51	0.999999999995544
52	0.999999999995544
53	0.999999999995544
54	0.999999999995544
55	0.999999999995544
56	0.999999999995544
57	0.999999999995544
58	0.999999999995544
59	0.999999999995544
60	0.999999999995544
61	0.999999999995544
62	0.999999999995544
63	0.999999999995544
64	0.999999999995544
65	0.999999999995544
66	0.999999999995544
67	0.999999999995544
68	0.999999999995544
69	0.999999999995544
70	0.999999999995544
71	0.999999999995544
72	0.999999999995544
73	0.999999999995544
74	0.999999999995544
75	0.999999999995544
76	0.999999999995544
77	0.999999999995544
78	0.999999999995544
79	0.999999999995544
80	0.999999999995544
81	0.999999999995544
82	0.999999999995544
83	0.999999999995544
84	0.999999999995544
85	0.999999999995544
86	0.999999999995544
87	0.999999999995544
88	0.999999999995544
89	0.999999999995544
90	0.999999999995544
91	0.999999999995544
92	0.999999999995544
93	0.999999999995544
94	0.999999999995544
95	0.999999999995544
96	0.999999999995544
97	0.999999999995544
98	0.999999999995544
99	0.999999999995544
100	0.999999999995544
101	0.999999999995544
102	0.999999999995544
103	0.999999999995544
104	0.999999999995544
105	0.999999999995544
106	0.999999999995544
107	0.999999999995544
108	0.999999999995544
109	0.999999999995544
110	0.999999999995544
111	0.999999999995544
112	0.999999999995544
113	0.999999999995544
114	0.999999999995544
115	0.999999999995544
116	0.999999999995544
117	0.999999999995544
118	0.999999999995544
119	0.999999999995544
120	0.999999999995544
121	0.999999999995544
122	0.999999999995544
123	0.999999999995544
124	0.999999999995544
125	0.999999999995544
126	0.999999999995544
127	0.999999999995544
128	0.999999999995544
129	0.999999999995544
130	0.999999999995544
131	0.999999999995544
132	0.999999999995544
133	0.999999999995544
134	0.999999999995544
135	0.999999999995544
136	0.999999999995544
137	0.999999999995544
138	0.999999999995544
139	0.999999999995544
140	0.999999999995544
141	0.999999999995544
142	0.999999999995544
143	0.999999999995544
144	0.999999999995544
145	0.999999999995544
146	0.999999999995544
147	0.999999999995544
148	0.999999999995544
149	0.999999999995544
150	0.999999999995544
151	0.999999999995544
152	0.999999999995544
153	0.999999999995544
154	0.999999999995544
155	0.999999999995544
156	0.999999999995544
157	0.999999999995544
158	0.999999999995544
159	0.999999999995544
160	0.999999999995544
161	0.999999999995544
162	0.999999999995544
163	0.999999999995544
164	0.999999999995544
165	0.999999999995544
166	0.999999999995544
167	0.999999999995544
168	0.999999999995544
169	0.999999999995544
170	0.999999999995544
171	0.999999999995544
172	0.999999999995544
173	0.999999999995544
174	0.999999999995544
175	0.999999999995544
176	0.999999999995544
177	0.999999999995544
178	0.999999999995544
179	0.999999999995544
180	0.999999999995544
181	0.999999999995544
182	0.999999999995544
183	0.999999999995544
184	0.999999999995544
185	0.999999999995544
186	0.999999999995544
187	0.999999999995544
188	0.999999999995544
189	0.999999999995544
190	0.999999999995544
191	0.999999999995544
192	0.999999999995544
193	0.999999999995544
194	0.999999999995544
195	0.999999999995544
196	0.999999999995544
197	0.999999999995544
198	0.999999999995544
199	0.999999999995544
200	0.999999999995544
201	0.999999999995544
202	0.999999999995544
203	0.999999999995544
204	0.999999999995544
205	0.999999999995544
206	0.999999999995544
207	0.999999999995544
208	0.999999999995544
209	0.999999999995544
210	0.999999999995544
211	0.999999999995544
212	0.999999999995544
213	0.999999999995544
214	0.999999999995544
215	0.999999999995544
216	0.999999999995544
217	0.999999999995544
218	0.999999999995544
219	0.999999999995544
220	0.999999999995544
221	0.999999999995544
222	0.999999999995544
223	0.999999999995544
224	0.999999999995544
225	0.999999999995544
226	0.999999999995544
227	0.999999999995544
228	0.999999999995544
229	0.999999999995544
230	0.999999999995544
231	0.999999999995544
232	0.999999999995544
233	0.999999999995544
234	0.999999999995544
235	0.999999999995544
236	0.999999999995544
237	0.999999999995544
238	0.999999999995544
239	0.999999999995544
240	0.999999999995544
241	0.999999999995544
242	0.999999999995544
243	0.999999999995544
244	0.999999999995544
245	0.999999999995544
246	0.999999999995544
247	0.999999999995544
248	0.999999999995544
249	0.999999999995544
250	0.999999999995544
251	0.999999999995544
252	0.999999999995544
253	0.999999999995544
254	0.999999999995544
255	0.999999999995544
256	0.999999999995544
257	0.999999999995544
258	0.999999999995544
259	0.999999999995544
260	0.999999999995544
261	0.999999999995544
262	0.999999999995544
263	0.999999999995544
264	0.999999999995544
265	0.999999999995544
266	0.999999999995544
267	0.999999999995544
268	0.999999999995544
269	0.999999999995544
270	0.999999999995544
271	0.999999999995544
272	0.999999999995544
273	0.999999999995544
274	0.999999999995544
275	0.999999999995544
276	0.999999999995544
277	0.999999999995544
278	0.999999999995544
279	0.999999999995544
280	0.999999999995544
281	0.999999999995544
282	0.999999999995544
283	0.999999999995544
284	0.999999999995544
285	0.999999999995544
286	0.999999999995544
287	0.999999999995544
288	0.999999999995544
289	0.999999999995544
290	0.999999999995544
291	0.999999999995544
292	0.999999999995544
293	0.999999999995544
294	0.999999999995544
295	0.999999999995544
296	0.999999999995544
297	0.999999999995544
298	0.999999999995544
299	0.999999999995544
300	0.999999999995544
301	0.999999999995544
302	0.999999999995544
303	0.999999999995544
304	0.999999999995544
305	0.999999999995544
306	0.999999999995544
307	0.999999999995544
308	0.999999999995544
309	0.999999999995544
310	0.999999999995544
311	0.999999999995544
312	0.999999999995544
313	0.999999999995544
314	0.999999999995544
315	0.999999999995544
316	0.999999999995544
317	0.999999999995544
318	0.999999999995544
319	0.999999999995544
320	0.999999999995544
321	0.999999999995544
322	0.999999999995544
323	0.999999999995544
324	0.999999999995544
325	0.999999999995544
326	0.999999999995544
327	0.999999999995544
328	0.999999999995544
329	0.999999999995544
330	0.999999999995544
331	0.999999999995544
332	0.999999999995544
333	0.999999999995544
334	0.999999999995544
335	0.999999999995544
336	0.999999999995544
337	0.999999999995544
338	0.999999999995544
339	0.999999999995544
340	0.999999999995544
341	0.999999999995544
342	0.999999999995544
343	0.999999999995544
344	0.999999999995544
345	0.999999999995544
346	0.999999999995544
347	0.999999999995544
348	0.999999999995544
349	0.999999999995544
350	0.999999999995544
351	0.999999999995544
352	0.999999999995544
353	0.999999999995544
354	0.999999999995544
355	0.999999999995544
356	0.999999999995544
357	0.999999999995544
358	0.999999999995544
359	0.999999999995544
360	0.999999999995544
361	0.999999999995544
362	0.999999999995544
363	0.999999999995544
364	0.999999999995544
365	0.999999999995544
366	0.999999999995544
367	0.999999999995544
368	0.999999999995544
369	0.999999999995544
370	0.999999999995544
371	0.999999999995544
372	0.999999999995544
373	0.999999999995544
374	0.999999999995544
375	0.999999999995544
376	0.999999999995544
377	0.999999999995544
378	0.999999999995544
379	0.999999999995544
380	0.999999999995544
381	0.999999999995544
382	0.999999999995544
383	0.999999999995544
384	0.999999999995544
385	0.999999999995544
386	0.999999999995544
387	0.999999999995544
388	0.999999999995544
389	0.999999999995544
390	0.999999999995544
391	0.999999999995544
392	0.999999999995544
393	0.999999999995544
394	0.999999999995544
395	0.999999999995544
396	0.999999999995544
397	0.999999999995544
398	0.999999999995544
399	0.999999999995544
400	0.999999999995544
401	0.999999999995544
402	0.999999999995544
403	0.999999999995544
404	0.999999999995544
405	0.999999999995544
406	0.999999999995544
407	0.999999999995544
408	0.999999999995544
409	0.999999999995544
410	0.999999999995544
411	0.999999999995544
412	0.999999999995544
413	0.999999999995544
414	0.999999999995544
415	0.999999999995544
416	0.999999999995544
417	0.999999999995544
418	0.999999999995544
419	0.999999999995544
420	0.999999999995544
421	0.999999999995544
422	0.999999999995544
423	0.999999999995544
424	0.999999999995544
425	0.999999999995544
426	0.999999999995544
427	0.999999999995544
428	0.999999999995544
429	0.999999999995544
430	0.999999999995544
431	0.999999999995544
432	0.999999999995544
433	0.999999999995544
434	0.999999999995544
435	0.999999999995544
436	0.999999999995544
437	0.999999999995544
438	0.999999999995544
439	0.999999999995544
440	0.999999999995544
441	0.999999999995544
442	0.999999999995544
443	0.999999999995544
444	0.999999999995544
445	0.999999999995544
446	0.999999999995544
447	0.999999999995544
448	0.999999999995544
449	0.999999999995544
450	0.999999999995544
451	0.999999999995544
452	0.999999999995544
453	0.999999999995544
454	0.999999999995544
455	0.999999999995544
456	0.999999999995544
457	0.999999999995544
458	0.999999999995544
459	0.999999999995544
460	0.999999999995544
461	0.999999999995544
462	0.999999999995544
463	0.999999999995544
464	0.999999999995544
465	0.999999999995544
466	0.999999999995544
467	0.999999999995544
468	0.999999999995544
469	0.999999999995544
470	0.999999999995544
471	0.999999999995544
472	0.999999999995544
473	0.999999999995544
474	0.999999999995544
475	0.999999999995544
476	0.999999999995544
477	0.999999999995544
478	0.999999999995544
479	0.999999999995544
480	0.999999999995544
481	0.999999999995544
482	0.999999999995544
483	0.999999999995544
484	0.999999999995544
485	0.999999999995544
486	0.999999999995544
487	0.999999999995544
488	0.999999999995544
489	0.999999999995544
490	0.999999999995544
491	0.999999999995544
492	0.999999999995544
493	0.999999999995544
494	0.999999999995544
495	0.999999999995544
496	0.999999999995544
497	0.999999999995544
498	0.999999999995544
499	0.999999999995544
500	0.999999999995544
501	0.999999999995544
502	0.999999999995544
503	0.999999999995544
504	0.999999999995544
505	0.999999999995544
506	0.999999999995544
507	0.999999999995544
508	0.999999999995544
509	0.999999999995544
510	0.999999999995544
511	0.999999999995544
512	0.999999999995544
513	0.999999999995544
514	0.999999999995544
515	0.999999999995544
516	0.999999999995544
517	0.999999999995544
518	0.999999999995544
519	0.999999999995544
520	0.999999999995544
521	0.999999999995544
522	0.999999999995544
523	0.999999999995544
524	0.999999999995544
525	0.999999999995544
526	0.999999999995544
527	0.999999999995544
528	0.999999999995544
529	0.999999999995544
530	0.999999999995544
531	0.999999999995544
532	0.999999999995544
533	0.999999999995544
534	0.999999999995544
535	0.999999999995544
536	0.999999999995544
537	0.999999999995544
538	0.999999999995544
539	0.999999999995544
540	0.999999999995544
541	0.999999999995544
542	0.999999999995544
543	0.999999999995544
544	0.999999999995544
545	0.999999999995544
546	0.999999999995544
547	0.999999999995544
548	0.999999999995544
549	0.999999999995544
550	0.999999999995544
551	0.999999999995544
552	0.999999999995544
553	0.999999999995544
554	0.999999999995544
555	0.999999999995544
556	0.999999999995544
557	0.999999999995544
558	0.999999999995544
559	0.999999999995544
560	0.999999999995544
561	0.999999999995544
562	0.999999999995544
563	0.999999999995544
564	0.999999999995544
565	0.999999999995544
566	0.999999999995544
567	0.999999999995544
568	0.999999999995544
569	0.999999999995544
570	0.999999999995544
571	0.999999999995544
572	0.999999999995544
573	0.999999999995544
574	0.999999999995544
575	0.999999999995544
576	0.999999999995544
577	0.999999999995544
578	0.999999999995544
579	0.999999999995544
580	0.999999999995544
581	0.999999999995544
582	0.999999999995544
583	0.999999999995544
584	0.999999999995544
585	0.999999999995544
586	0.999999999995544
587	0.999999999995544
588	0.999999999995544
589	0.999999999995544
590	0.999999999995544
591	0.999999999995544
592	0.999999999995544
593	0.999999999995544
594	0.999999999995544
595	0.999999999995544
596	0.999999999995544
597	0.999999999995544
598	0.999999999995544
599	0.999999999995544
600	0.999999999995544
601	0.999999999995544
602	0.999999999995544
603	0.999999999995544
604	0.999999999995544
605	0.999999999995544
606	0.999999999995544
607	0.999999999995544
608	0.999999999995544
609	0.999999999995544
610	0.999999999995544
611	0.999999999995544
612	0.999999999995544
613	0.999999999995544
614	0.999999999995544
615	0.999999999995544
616	0.999999999995544
617	0.999999999995544
618	0.999999999995544
619	0.999999999995544
620	0.999999999995544
621	0.999999999995544
622	0.999999999995544
623	0.999999999995544
624	0.999999999995544
625	0.999999999995544
626	0.999999999995544
627	0.999999999995544
628	0.999999999995544
629	0.999999999995544
630	0.999999999995544
631	0.999999999995544
632	0.999999999995544
633	0.999999999995544
634	0.999999999995544
635	0.999999999995544
636	0.999999999995544
637	0.999999999995544
638	0.999999999995544
639	0.999999999995544
640	0.999999999995544
641	0.999999999995544
642	0.999999999995544
643	0.999999999995544
644	0.999999999995544
645	0.999999999995544
646	0.999999999995544
647	0.999999999995544
648	0.999999999995544
649	0.999999999995544
650	0.999999999995544
651	0.999999999995544
652	0.999999999995544
653	0.999999999995544
654	0.999999999995544
655	0.999999999995544
656	0.999999999995544
657	0.999999999995544
658	0.999999999995544
659	0.999999999995544
660	0.999999999995544
661	0.999999999995544
662	0.999999999995544
663	0.999999999995544
664	0.999999999995544
665	0.999999999995544
666	0.999999999995544
667	0.999999999995544
668	0.999999999995544
669	0.999999999995544
670	0.999999999995544
671	0.999999999995544
672	0.999999999995544
673	0.999999999995544
674	0.999999999995544
675	0.999999999995544
676	0.999999999995544
677	0.999999999995544
678	0.999999999995544
679	0.999999999995544
680	0.999999999995544
681	0.999999999995544
682	0.999999999995544
683	0.999999999995544
684	0.999999999995544
685	0.999999999995544
686	0.999999999995544
687	0.999999999995544
688	0.999999999995544
689	0.999999999995544
690	0.999999999995544
691	0.999999999995544
692	0.999999999995544
693	0.999999999995544
694	0.999999999995544
695	0.999999999995544
696	0.999999999995544
697	0.999999999995544
698	0.999999999995544
699	0.999999999995544
700	0.999999999995544
701	0.999999999995544
702	0.999999999995544
703	0.999999999995544
704	0.999999999995544
705	0.999999999995544
706	0.999999999995544
707	0.999999999995544
708	0.999999999995544
709	0.999999999995544
710	0.999999999995544
711	0.999999999995544
712	0.999999999995544
713	0.999999999995544
714	0.999999999995544
715	0.999999999995544
716	0.999999999995544
717	0.999999999995544
718	0.999999999995544
719	0.999999999995544
720	0.999999999995544
721	0.999999999995544
722	0.999999999995544
723	0.999999999995544
724	0.999999999995544
725	0.999999999995544
726	0.999999999995544
727	0.999999999995544
728	0.999999999995544
729	0.999999999995544
730	0.999999999995544
731	0.999999999995544
732	0.999999999995544
733	0.999999999995544
734	0.999999999995544
735	0.999999999995544
736	0.999999999995544
737	0.999999999995544
738	0.999999999995544
739	0.999999999995544
740	0.999999999995544
741	0.999999999995544
742	0.999999999995544
743	0.999999999995544
744	0.999999999995544
745	0.999999999995544
746	0.999999999995544
747	0.999999999995544
748	0.999999999995544
749	0.999999999995544
750	0.999999999995544
751	0.999999999995544
752	0.999999999995544
753	0.999999999995544
754	0.999999999995544
755	0.999999999995544
756	0.999999999995544
757	0.999999999995544
758	0.999999999995544
759	0.999999999995544
760	0.999999999995544
761	0.999999999995544
762	0.999999999995544
763	0.999999999995544
764	0.999999999995544
765	0.999999999995544
766	0.999999999995544
767	0.999999999995544
768	0.999999999995544
769	0.999999999995544
770	0.999999999995544
771	0.999999999995544
772	0.999999999995544
773	0.999999999995544
774	0.999999999995544
775	0.999999999995544
776	0.999999999995544
777	0.999999999995544
778	0.999999999995544
779	0.999999999995544
780	0.999999999995544
781	0.999999999995544
782	0.999999999995544
783	0.999999999995544
784	0.999999999995544
785	0.999999999995544
786	0.999999999995544
787	0.999999999995544
788	0.999999999995544
789	0.999999999995544
790	0.999999999995544
791	0.999999999995544
792	0.999999999995544
793	0.999999999995544
794	0.999999999995544
795	0.999999999995544
796	0.999999999995544
797	0.999999999995544
798	0.999999999995544
799	0.999999999995544
800	0.999999999995544
801	0.999999999995544
802	0.999999999995544
803	0.999999999995544
804	0.999999999995544
805	0.999999999995544
806	0.999999999995544
807	0.999999999995544
808	0.999999999995544
809	0.999999999995544
810	0.999999999995544
811	0.999999999995544
812	0.999999999995544
813	0.999999999995544
814	0.999999999995544
815	0.999999999995544
816	0.999999999995544
817	0.999999999995544
818	0.999999999995544
819	0.999999999995544
820	0.999999999995544
821	0.999999999995544
822	0.999999999995544
823	0.999999999995544
824	0.999999999995544
825	0.999999999995544
826	0.999999999995544
827	0.999999999995544
828	0.999999999995544
829	0.999999999995544
830	0.999999999995544
831	0.999999999995544
832	0.999999999995544
833	0.999999999995544
834	0.999999999995544
835	0.999999999995544
836	0.999999999995544
837	0.999999999995544
838	0.999999999995544
839	0.999999999995544
840	0.999999999995544
841	0.999999999995544
842	0.999999999995544
843	0.999999999995544
844	0.999999999995544
845	0.999999999995544
846	0.999999999995544
847	0.999999999995544
848	0.999999999995544
849	0.999999999995544
850	0.999999999995544
851	0.999999999995544
852	0.999999999995544
853	0.999999999995544
854	0.999999999995544
855	0.999999999995544
856	0.999999999995544
857	0.999999999995544
858	0.999999999995544
859	0.999999999995544
860	0.999999999995544
861	0.999999999995544
862	0.999999999995544
863	0.999999999995544
864	0.999999999995544
865	0.999999999995544
866	0.999999999995544
867	0.999999999995544
868	0.999999999995544
869	0.999999999995544
870	0.999999999995544
871	0.999999999995544
872	0.999999999995544
873	0.999999999995544
874	0.999999999995544
875	0.999999999995544
876	0.999999999995544
877	0.999999999995544
878	0.999999999995544
879	0.999999999995544
880	0.999999999995544
881	0.999999999995544
882	0.999999999995544
883	0.999999999995544
884	0.999999999995544
885	0.999999999995544
886	0.999999999995544
887	0.999999999995544
888	0.999999999995544
889	0.9999999999955439
890	0.9999999999955439
891	0.9999999999955439
892	0.9999999999955438
893	0.9999999999955437
894	0.9999999999955436
895	0.9999999999955435
896	0.9999999999955431
897	0.9999999999955428
898	0.9999999999955423
899	0.9999999999955417
900	0.9999999999955408
901	0.9999999999955396
902	0.9999999999955378
903	0.9999999999955355
904	0.9999999999955322
905	0.9999999999955278
906	0.9999999999955218
907	0.9999999999955136
908	0.9999999999955024
909	0.9999999999954873
910	0.9999999999954667
911	0.9999999999954389
912	0.9999999999954013
913	0.9999999999953507
914	0.9999999999952824
915	0.9999999999951908
916	0.9999999999950678
917	0.9999999999949031
918	0.9999999999946828
919	0.9999999999943887
920	0.9999999999939969
921	0.9999999999934758
922	0.9999999999927836
923	0.9999999999918661
924	0.9999999999906517
925	0.9999999999890473
926	0.9999999999869313
927	0.9999999999841452
928	0.9999999999804832
929	0.9999999999756779
930	0.9999999999693834
931	0.999999999961152
932	0.9999999999504062
933	0.9999999999364018
934	0.9999999999181816
935	0.999999999894517
936	0.9999999998638335
937	0.9999999998241166
938	0.9999999997727946
939	0.999999999706589
940	0.9999999996213286
941	0.9999999995117155
942	0.9999999993710332
943	0.9999999991907813
944	0.999999998960222
945	0.9999999986658141
946	0.9999999982905132
947	0.9999999978129027
948	0.9999999972061211
949	0.9999999964365379
950	0.9999999954621237
951	0.9999999942304465
952	0.9999999926762149
953	0.9999999907182705
954	0.9999999882559132
955	0.9999999851644206
956	0.9999999812895957
957	0.9999999764411455
958	0.9999999703846543
959	0.9999999628318744
960	0.999999953429004
961	0.9999999417425641
962	0.9999999272424149
963	0.9999999092813758
964	0.9999998870708178
965	0.9999998596514902
966	0.9999998258587255
967	0.999999784281019
968	0.9999997332108265
969	0.9999996705862356
970	0.9999995939219615
971	0.9999995002278815
972	0.9999993859130588
973	0.9999992466729059
974	0.9999990773568049
975	0.9999988718131283
976	0.999998622708183
977	0.9999983213151459
978	0.9999979572685397
979	0.999997518279242
980	0.9999969898043977
981	0.9999963546659356
982	0.9999955926106534
983	0.999994679804042
984	0.9999935882491688
985	0.9999922851210193
986	0.9999907320057223
987	0.9999888840330515
988	0.9999866888895067
989	0.9999840856981382
990	0.9999810037501057
991	0.9999773610717391
992	0.9999730628096455
993	0.9999679994151519
994	0.9999620446081458
995	0.9999550530991563
996	0.9999468580473677
997	0.999937268231156
998	0.9999260649067622
999	0.9999129983298565
1000	0.99989778391406
1001	0.9998800980000143
1002	0.9998595732083485
1003	0.9998357933499563
1004	0.9998082878673843
1005	0.9997765257819152
1006	0.9997399091221448
1007	0.9996977658115548
1008	0.9996493419948289
1009	0.9995937937854918
1010	0.9995301784209257
1011	0.9994574448149821
1012	0.9993744235032979
1013	0.9992798159820884
1014	0.9991721834476482
1015	0.9990499349510795
1016	0.9989113149908879
1017	0.9987543905750479
1018	0.9985770377939345
1019	0.9983769279561117
1020	0.9981515133503313
1021	0.9978980127091667
1022	0.9976133964624001
1023	0.9972943718815236
1024	0.996937368230361
1025	0.9965385220507592
1026	0.9960936627263524
1027	0.9955982984814118
1028	0.9950476029855404
1029	0.9944364027482502
1030	0.9937591655000292
1031	0.9930099897681077
1032	0.9921825958655154
1033	0.9912703185208943
1034	0.9902661013836256
1035	0.9891624936438493
1036	0.9879516490096292
1037	0.9866253272835586
1038	0.9851748987782636
1039	0.9835913518042858
1040	0.9818653034545045
1041	0.9799870138963973
1042	0.9779464043668863
1043	0.9757330790441642
1044	0.9733363509466841
1045	0.9707452719814109
1046	0.9679486672315336
1047	0.9649351735382304
1048	0.961693282391943
1049	0.9582113871061992
1050	0.9544778342016456
1051	0.9504809788799818
1052	0.9462092444174058
1053	0.9416511852554702
1054	0.9367955535145285
1055	0.9316313686018207
1056	0.9261479895334194
1057	0.9203351895374483
1058	0.9141832324559505
1059	0.9076829504153089
1060	0.9008258221910005
1061	0.8936040516524671
1062	0.8860106456388042
1063	0.8780394905865244
1064	0.8696854272075502
1065	0.8609443224994624
1066	0.8518131383614564
1067	0.842289996088894
1068	0.8323742360271984
1069	0.822066471682377
1070	0.8113686376108434
1071	0.8002840304454811
1072	0.7888173424579424
1073	0.7769746871087937
1074	0.7647636160969166
1075	0.7521931274870742
1076	0.7392736645691099
1077	0.7260171051831056
1078	0.7124367413311326
1079	0.6985472489869732
1080	0.6843646481093396
1081	0.6699062529604903
1082	0.6551906129295519
1083	0.640237444157042
1084	0.625067552352776
1085	0.6097027472922579
1086	0.5941657495655402
1087	0.5784800902361754
1088	0.5626700041451018
1089	0.5467603176640452
1090	0.5307763317642713
1091	0.5147437013184417
1092	0.4986883115951569
1093	0.4826361529369227
1094	0.46661319463230205
1095	0.4506452590016386
1096	0.43475789671282955
1097	0.41897626432924495
1098	0.40332500506625096
1099	0.38782813369626523
1100	0.37250892649540507
1101	0.3573898170682433
1102	0.34249229882179316
1103	0.3278368347865272
1104	0.31344277540203325
1105	0.2993282847989546
1106	0.2855102760183277
1107	0.27200435551556723
1108	0.2588247772004103
1109	0.24598440616738554
1110	0.2334946921750744
1111	0.22136565283779627
1112	0.2096058664015363
1113	0.19822247388804762
1114	0.1872211903080936
1115	0.176606324567669
1116	0.16638080762054325
1117	0.15654622835728038
1118	0.14710287666556449
1119	0.13804979304960655
1120	0.12938482415792446
1121	0.1211046835390156
1122	0.11320501692341216
1123	0.10568047131821583
1124	0.0985247671962359
1125	0.09173077306596711
1126	0.08529058172042094
1127	0.07919558748174102
1128	0.07343656378400457
1129	0.06800374046797868
1130	0.06288688019816047
1131	0.05807535345344388
1132	0.053558211587462705
1133	0.04932425750228746
1134	0.04536211352893856
1135	0.04166028615936736
1136	0.038207227326425265
1137	0.03499139198020128
1138	0.03200129176031344
1139	0.029225544613698272
1140	0.026652920255617104
1141	0.02427238141751484
1142	0.022073120868616278
1143	0.02004459423838328
1144	0.018176548703907898
1145	0.016459047639770897
1146	0.01488249135770773
1147	0.013437634089510517
1148	0.012115597388930787
1149	0.010907880146961488
1150	0.009806365429846906
1151	0.008803324360617345
1152	0.007891417273031944
1153	0.007063692371731245
1154	0.006313582134370314
1155	0.005634897690764717
1156	0.005021821410891411
1157	0.004468897928211487
1158	0.003971023817492984
1159	0.0035234361373820107
1160	0.0031217000376676175
1161	0.0027616956197709934
1162	0.0024396042267132716
1163	0.002151894325915096
1164	0.001895307134876574
1165	0.0016668421262820362
1166	0.0014637425355552712
1167	0.0012834809805232809
1168	0.00112374528977578
1169	0.0009824246236592718
1170	0.0008575959597247512
1171	0.0007475110029437099
1172	0.0006505835701869801
1173	0.0005653774883764735
1174	0.0004905950364066268
1175	0.00042506595241122283
1176	0.0003677370202298936
1177	0.0003176622420029079
1178	0.00027399359767849984
1179	0.00023597238683082173
1180	0.00020292114352813537
1181	0.00017423611102364457
1182	0.0001493802597242607
1183	0.00012787682918104907
1184	0.00010930337269217381
1185	9.32862814666344e-05
1186	7.949576411626752e-05
1187	6.764125647606484e-05
1188	5.7467236351519625e-05
1189	4.8749417710747736e-05
1190	4.1291299034878106e-05
1191	3.492104097140253e-05
1192	2.948864906326406e-05
1193	2.4863438115745762e-05
1194	2.0931755681001613e-05
1195	1.7594943156693707e-05
1196	1.4767514084049164e-05
1197	1.2375530368087853e-05
1198	1.0355158308057235e-05
1199	8.65138750125535e-06
1200	7.216896853050019e-06
1201	6.011053077069189e-06
1202	4.9990281915522665e-06
1203	4.1510236020787025e-06
1204	3.4415894005557712e-06
1205	2.8490285003432082e-06
1206	2.3548761640864033e-06
1207	1.943446361879808e-06
1208	1.6014372215621377e-06
1209	1.3175885999794008e-06
1210	1.0823855144638697e-06
1211	8.878018287473495e-07
1212	7.270791887663446e-07
1213	5.945367534515824e-07
1214	4.854077660651124e-07
1215	3.9569946561981445e-07
1216	3.220732482001954e-07
1217	2.6174235749193915e-07
1218	2.1238471543700018e-07
1219	1.7206880055491221e-07
1220	1.3919074594280494e-07
1221	1.1242106402907546e-07
1222	9.065961343745253e-08
1223	7.299760731667876e-08
1224	5.868562456024032e-08
1225	4.710672768358204e-08
1226	3.7753915791499314e-08
1227	3.0211249949061826e-08
1228	2.413808310536927e-08
1229	1.9255909101302028e-08
1230	1.533741666718881e-08
1231	1.2197395994164516e-08
1232	9.68519862497118e-09
1233	7.678497116180055e-09
1234	6.0781301219963075e-09
1235	4.803852083859283e-09
1236	3.790835328639785e-09
1237	2.9867967431097177e-09
1238	2.3496418863905313e-09
1239	1.8455369369159934e-09
1240	1.4473336936974811e-09
1241	1.1332853537083668e-09
1242	8.86001307344632e-10
1243	6.915980262474951e-10
1244	5.390105163774925e-10
1245	4.194349929937585e-10
1246	3.258785911337307e-10
1247	2.527962163481644e-10
1248	1.957982033753941e-10
1249	1.5141540230168818e-10
1250	1.169107520813061e-10
1251	9.012841440445735e-11
1252	6.937319805780611e-11
1253	5.3314365174035945e-11
1254	4.0909026598830416e-11
1255	3.1341246348384577e-11
1256	2.397372019735315e-11
1257	1.8309500370476407e-11
1258	1.3961731702180026e-11
1259	1.0629764896003364e-11
1260	8.080336573575311e-12
1261	6.132767628313646e-12
1262	4.647342515538972e-12
1263	3.516201996611082e-12
1264	2.6562182881999955e-12
1265	2.003430917284073e-12
1266	1.5087090501960202e-12
1267	1.1343758901300425e-12
1268	8.515863701529376e-13
1269	6.382936058468583e-13
1270	4.776746785312209e-13
1271	3.569141265836493e-13
1272	2.66265503875662e-13
1273	1.9832870731292286e-13
1274	1.4749443227527837e-13
1275	1.0951784813059859e-13
1276	8.119200553113907e-14
1277	6.00980790381062e-14
1278	4.441469964822892e-14
1279	3.2772649267434574e-14
1280	2.4144316589980477e-14
1281	1.7759743770316894e-14
1282	1.3042977703985342e-14
1283	9.563898366673737e-15
1284	7.00182358331564e-15
1285	5.118058612087333e-15
1286	3.7352278019601736e-15
1287	2.721739448364946e-15
1288	1.980129015678211e-15
1289	1.4383274951558936e-15
1290	1.0431320818033501e-15
1291	7.553320587786757e-16
1292	5.460765158341148e-16
1293	3.9417213503666967e-16
1294	2.8407633006312657e-16
1295	2.044093508165387e-16
1296	1.4685303365833715e-16
1297	1.0533711312297875e-16
1298	7.543903072351683e-17
1299	5.3941976941685496e-17
1300	3.851000392854602e-17
1301	2.7449604076775114e-17
1302	1.9535039690689884e-17
1303	1.388059479083338e-17
1304	9.847302822774213e-18
1305	6.974961640809342e-18
1306	4.9326640788286406e-18
1307	3.482862411851839e-18
1308	2.455308296436377e-18
1309	1.728186282939772e-18
1310	1.2144783012091614e-18
1311	8.521254253815732e-19
1312	5.969414279086148e-19
1313	4.1751705734092493e-19
1314	2.9156199058386775e-19
1315	2.0328327338733408e-19
1316	1.4150973358524632e-19
1317	9.835235982493278e-20
1318	6.824910073011963e-20
1319	4.728491725407226e-20
1320	3.270858514722743e-20
1321	2.2589893455308508e-20
1322	1.5576855066156026e-20
1323	1.0724039905996413e-20
1324	7.37140007787402e-21
1325	5.058879520628535e-21
1326	3.46634157066209e-21
1327	2.3713786873500334e-21
1328	1.6197309454125392e-21
1329	1.104579883323739e-21
1330	7.520791249176252e-22
1331	5.112601767101649e-22
1332	3.4700225374121257e-22
1333	2.3514426700037075e-22
1334	1.5909192423158859e-22
1335	1.074665695783008e-22
1336	7.247863728997724e-23
1337	4.880427939798563e-23
1338	3.281080699263458e-23
1339	2.2023529026634598e-23
1340	1.47593683252094e-23
1341	9.87550607064975e-24
1342	6.597228827277125e-24
1343	4.400218089885464e-24
1344	2.9301995043163108e-24
1345	1.9481858321246284e-24
1346	1.2932236541207344e-24
1347	8.57090801206075e-25
1348	5.671394141096034e-25
1349	3.7468171035098773e-25
1350	2.471409381716941e-25
1351	1.6275572951725123e-25
1352	1.0701314899261442e-25
1353	7.025012941920127e-26
1354	4.604326410285807e-26
1355	3.0129639365218457e-26
1356	1.968477610770987e-26
1357	1.284031283280266e-26
1358	8.362365985306059e-27
1359	5.4373969510232755e-27
1360	3.529889180189063e-27
1361	2.287911000402948e-27
1362	1.480556772846983e-27
1363	9.56574384897573e-28
1364	6.170495370764504e-28
1365	3.9740083441713506e-28
1366	2.555317307328702e-28
1367	1.6404691724337832e-28
1368	1.0514735265046072e-28
1369	6.72876715512948e-29
1370	4.299118353830566e-29
1371	2.742394325066099e-29
1372	1.7465734547858573e-29
1373	1.1105806860495511e-29
1374	7.050493855872008e-30
1375	4.4688417329910694e-30
1376	2.8279796214016816e-30
1377	1.7867479583149216e-30
1378	1.1270829548977354e-30
1379	7.09829244756371e-31
1380	4.463311143346067e-31
1381	2.801983386641281e-31
1382	1.756219986201789e-31
1383	1.0989984726397912e-31
1384	6.86625493500641e-32
1385	4.2829920458975994e-32
1386	2.6673436122629735e-32
1387	1.6584976626622547e-32
1388	1.0295674556838297e-32
1389	6.381145351341586e-33
1390	3.948627813101269e-33
1391	2.4394804279286902e-33
1392	1.5047068319172043e-33
1393	9.26637146306454e-34
1394	5.697320064391819e-34
1395	3.4973127337154004e-34
1396	2.1433894997705996e-34
1397	1.3115061928250743e-34
1398	8.012020421493764e-35
1399	4.88670409473111e-35
1400	2.975720694484382e-35
1401	1.8091319914251244e-35
1402	1.0981208603351228e-35
1403	6.654748764540448e-36
1404	4.0263790257816535e-36
1405	2.432198111855636e-36
1406	1.4668454981662057e-36
1407	8.83223798350741e-37
1408	5.309552855820681e-37
1409	3.1867336053419473e-37
1410	1.9095631574468683e-37
1411	1.1424115289706158e-37
1412	6.823563524109845e-38
1413	4.0691138307102965e-38
1414	2.4226362090253495e-38
1415	1.4400453163621323e-38
1416	8.546012603723065e-39
1417	5.0634921133739695e-39
1418	2.995268842485851e-39
1419	1.7689695789907042e-39
1420	1.0430463941878214e-39
1421	6.140240964360892e-40
1422	3.6088227373356413e-40
1423	2.1175996295225207e-40
1424	1.2405667559695122e-40
1425	7.255949109345819e-41
1426	4.237072901663195e-41
1427	2.4702168508986566e-41
1428	1.4378099148297116e-41
1429	8.355355506033455e-42
1430	4.847583188204047e-42
1431	2.8079042839556618e-42
1432	1.6238123176589833e-42
1433	9.375310885670909e-43
1434	5.404202933351842e-43
1435	3.1100942757890603e-43
1436	1.7869450658910971e-43
1437	1.0250484655430831e-43
1438	5.870471113604688e-44
1439	3.3565774636941624e-44
1440	1.9160876072205818e-44
1441	1.092015549884471e-44
1442	6.213507969933778e-45
1443	3.529712037366819e-45
1444	2.0018700089292974e-45
1445	1.1335128615428554e-45
1446	6.407827518254257e-46
1447	3.616502378963549e-46
1448	2.037793048328097e-46
1449	1.1463693720092048e-46
1450	6.438460646613221e-47
1451	3.610208509914549e-47
1452	2.0210408385002873e-47
1453	1.1295624594801288e-47
1454	6.302858566770868e-48
1455	3.511210089814574e-48
1456	1.9528451316673952e-48
1457	1.0843520748045502e-48
1458	6.011240993074659e-49
1459	3.326971384805598e-49
1460	1.8383359524456442e-49
1461	1.014124726297601e-49
1462	5.585323393780453e-50
1463	3.071111063624226e-50
1464	1.6859036500128914e-50
1465	9.239740882035928e-51
1466	5.055643338039639e-51
1467	2.7617377721249963e-51
1468	1.506182535027703e-51
1469	8.200903660028881e-52
1470	4.457943150761318e-52
1471	2.4193340188945268e-52
1472	1.310827081516826e-52
1473	7.090600556692532e-53
1474	3.8292035430509118e-53
1475	2.064531310102202e-53
1476	1.1112758017449615e-53
1477	5.971856666199151e-54
1478	3.203935744864212e-54
1479	1.7161090987666904e-54
1480	9.1768246378756e-55
1481	4.8992114243702315e-55
1482	2.6112346952908732e-55
1483	1.3894770432817676e-55
1484	7.381461369451161e-56
1485	3.914881288743917e-56
1486	2.0729072817931315e-56
1487	1.0957865160904599e-56
1488	5.78304514746853e-57
1489	3.046993509542385e-57
1490	1.60276758206511e-57
1491	8.416923931784714e-58
1492	4.4128568899238745e-58
1493	2.3097747468873677e-58
1494	1.2069867796057548e-58
1495	6.296776087672464e-59
1496	3.279567638041985e-59
1497	1.705286253338123e-59
1498	8.852380999510263e-60
1499	4.587802993460123e-60
1500	2.3737284165293822e-60
1501	1.2261360181402569e-60
1502	6.32306098738646e-61
1503	3.2553443570544746e-61
1504	1.6731970495752707e-61
1505	8.585736913766686e-62
1506	4.398333310976388e-62
1507	2.2494612404266954e-62
1508	1.1485461412920094e-62
1509	5.854606016533623e-63
1510	2.9793802554161213e-63
1511	1.513676142411784e-63
1512	7.677476615653985e-64
1513	3.887606319345866e-64
1514	1.9652781735709065e-64
1515	9.918442717527067e-65
1516	4.997357128166035e-65
1517	2.5137058344020107e-65
1518	1.2623082430032516e-65
1519	6.328386715912979e-66
1520	3.16735656241181e-66
1521	1.5826212146116547e-66
1522	7.894648803853679e-67
1523	3.931553378359519e-67
1524	1.9546580392625076e-67
1525	9.701801343384991e-68
1526	4.807382297392943e-68
1527	2.378150615266475e-68
1528	1.1744761047398174e-68
1529	5.790590641789234e-69
1530	2.8501985122598326e-69
1531	1.4005565052943673e-69
1532	6.870671049898901e-70
1533	3.3648862309749224e-70
1534	1.6451823189068995e-70
1535	8.030263789464593e-71
1536	3.913068312422137e-71
1537	1.9036039406663845e-71
1538	9.24500212732316e-72
1539	4.48237715897111e-72
1540	2.1696038503508422e-72
1541	1.0483899729514131e-72
1542	5.057493647444603e-73
1543	2.4356652850291934e-73
1544	1.171033555426668e-73
1545	5.620697923859192e-74
1546	2.6932707904699682e-74
1547	1.2883633539239623e-74
1548	6.152689061219391e-75
1549	2.9333205749082853e-75
1550	1.3961167538914602e-75
1551	6.633630704580963e-76
1552	3.1466459086280686e-76
1553	1.4900854716051587e-76
1554	7.044349519096167e-77
1555	3.3245793981147725e-77
1556	1.5663842426435545e-77
1557	7.367588644881923e-78
1558	3.4595338602015246e-78
1559	1.6217153788671001e-78
1560	7.589203523277066e-79
1561	3.5455364863073274e-79
1562	1.6536042953649867e-79
1563	7.69918535856609e-80
1564	3.5786661571256216e-80
1565	1.6605826621764842e-80
1566	7.692409367292853e-81
1567	3.5573494156849496e-81
1568	1.6423003373522284e-81
1569	7.569030035284748e-82
1570	3.482484030256621e-82
1571	1.5995542145255302e-82
1572	7.334480994672683e-83
1573	3.357376667314272e-83
1574	1.5342307016337e-83
1575	6.999078330309684e-84
1576	3.1875006599193756e-84
1577	1.4491676055988742e-84
1578	6.577267642695497e-85
1579	2.9800985928568207e-85
1580	1.3479495155213783e-85
1581	6.086591470051973e-86
1582	2.7436699339085907e-86
1583	1.2346572543780355e-86
1584	5.546479971050675e-87
1585	2.487394234718867e-87
1586	1.1135957988435595e-87
1587	4.9769809386173846e-88
1588	2.2205443411893808e-88
1589	9.890258560328319e-89
1590	4.397544140154417e-89
1591	1.9519414083326483e-89
1592	8.649221029195093e-90
1593	3.825960670873431e-90
1594	1.6894950839365702e-90
1595	7.4477643182856e-91
1596	3.277533312549224e-91
1597	1.4398595603496317e-91
1598	6.314582141348955e-92
1599	2.764522910876245e-92
1600	1.2082213159024271e-92
1601	5.271365685918035e-93
1602	2.295883123508795e-93
1603	9.982194102657231e-94
1604	4.332628714318198e-94
1605	1.8772658861897242e-94
1606	8.119860638023129e-95
1607	3.506060900369049e-95
1608	1.5112560311051206e-95
1609	6.5028534583286345e-96
1610	2.7932951812326116e-96
1611	1.197777790714166e-96
1612	5.127218814105349e-97
1613	2.190953862113806e-97
1614	9.346091017911541e-98
1615	3.9798965454746564e-98
1616	1.6918356430623118e-98
1617	7.179410301679302e-99
1618	3.0413275660918423e-99
1619	1.286118682109835e-99
1620	5.429276015290894e-100
1621	2.2879441621765744e-100
1622	9.624787419851839e-101
1623	4.0418360507877566e-101
1624	1.6943676787050748e-101
1625	7.0905126469684126e-102
1626	2.9620215855825173e-102
1627	1.2352048811860226e-102
1628	5.141970330035947e-103
1629	2.1367785193752242e-103
1630	8.863972799127405e-104
1631	3.670589927424999e-104
1632	1.5173349270267742e-104
1633	6.2613035093836875e-105
1634	2.5792019818562707e-105
1635	1.0605785206274778e-105
1636	4.3534820164097816e-106
1637	1.7838844215586882e-106
1638	7.296797210053174e-107
1639	2.97942885687098e-107
1640	1.2144188906880206e-107
1641	4.941267102710347e-108
1642	2.006975346829454e-108
1643	8.137278935987625e-109
1644	3.2934372497003677e-109
1645	1.3306142547201633e-109
1646	5.366450176936332e-110
1647	2.160497381819885e-110
1648	8.682637297743229e-111
1649	3.483215988833261e-111
1650	1.3948886422994314e-111
1651	5.576075084698884e-112
1652	2.225087959764894e-112
1653	8.863286783222865e-113
1654	3.524284966397066e-113
1655	1.3988636313107466e-113
1656	5.542522112309474e-114
1657	2.1921321345026e-114
1658	8.654715676224974e-115
1659	3.410870308053516e-115
1660	1.3418484639070583e-115
1661	5.269472527250265e-116
1662	2.065645340296237e-116
1663	8.082930566448322e-117
1664	3.1572280327159e-117
1665	1.2310242160705777e-117
1666	4.791266380178981e-118
1667	1.8614725729435783e-118
1668	7.219133909058253e-119
1669	2.794700102586783e-119
1670	1.079957103300491e-119
1671	4.165800843070746e-120
1672	1.604023498372198e-120
1673	6.165136443124332e-121
1674	2.365341872287539e-121
1675	9.058659258362316e-122
1676	3.462997824548626e-122
1677	1.321473067913442e-122
1678	5.0336350825179396e-123
1679	1.9139119831635634e-123
1680	7.26404498368553e-124
1681	2.7520158021152717e-124
1682	1.0407314057451208e-124
1683	3.928630987628923e-125
1684	1.4803286901226882e-125
1685	5.5678677834586596e-126
1686	2.0904173788322158e-126
1687	7.834114803222043e-127
1688	2.9306177772078174e-127
1689	1.094309685868043e-127
1690	4.078801887863413e-128
1691	1.5175247145232418e-128
1692	5.6357174657554264e-129
1693	2.0891634313183762e-129
1694	7.730451564972232e-130
1695	2.8552624735802786e-130
1696	1.052677683836875e-130
1697	3.873936312842099e-131
1698	1.4230386440224703e-131
1699	5.2178013562986713e-132
1700	1.909697107430334e-132
1701	6.9766511938341126e-133
1702	2.544102293960501e-133
1703	9.2603336273795e-134
1704	3.364516530623991e-134
1705	1.2201750220482474e-134
1706	4.416970367983499e-135
1707	1.5959864168914482e-135
1708	5.7561977083792655e-136
1709	2.0722563284022872e-136
1710	7.446496000321425e-137
1711	2.670918344950156e-137
1712	9.562443339113729e-138
1713	3.417245646963503e-138
1714	1.2189391570224888e-138
1715	4.3399607967000566e-139
1716	1.5423643348971151e-139
1717	5.471229983890658e-140
1718	1.937221291164429e-140
1719	6.846509226775057e-141
1720	2.415206655691066e-141
1721	8.504209727502685e-142
1722	2.9888741079351407e-142
1723	1.0485151418520444e-142
1724	3.6714248128179637e-143
1725	1.2831778154220355e-143
1726	4.4764190946867515e-144
1727	1.5587115342898463e-144
1728	5.417404804408202e-145
1729	1.8793461264388905e-145
1730	6.507461632634745e-146
1731	2.2490816851453893e-146
1732	7.758665360293911e-147
1733	2.6715075037147104e-147
1734	9.181481577066613e-148
1735	3.1496009295779365e-148
1736	1.07841045038344e-148
1737	3.685512082757554e-149
1738	1.2571762891311535e-149
1739	4.280342375283576e-150
1740	1.4546021110968142e-150
1741	4.933926623241365e-151
1742	1.6704109013718856e-151
1743	5.6446300987371465e-152
1744	1.9038318376666496e-152
1745	6.409172956196346e-153
1746	2.1535506261144515e-153
1747	7.222494925325694e-154
1748	2.4176745889562887e-154
1749	8.077672855055996e-155
1750	2.69371633391874e-155
1751	8.96590252231737e-156
1752	2.978599322438673e-156
1753	9.876554045211793e-157
1754	3.2686878566368284e-157
1755	1.0797307287590535e-157
1756	3.5598429427117145e-158
1757	1.171436991090253e-158
1758	3.8475042046976104e-159
1759	1.2612776394004205e-159
1760	4.126796583781055e-160
1761	1.3476761645957155e-160
1762	4.392659051037857e-161
1763	1.429019807948999e-161
1764	4.639991086509439e-162
1765	1.5037080527747109e-162
1766	4.863811343172868e-163
1767	1.5702039517612227e-163
1768	5.059421827302688e-164
1769	1.6270860483195224e-164
1770	5.222570182730153e-165
1771	1.673098478774805e-165
1772	5.349602341401516e-166
1773	1.7071968119476574e-166
1774	5.437597944213273e-167
1775	1.7285873036281347e-167
1776	5.4844815584829505e-168
1777	1.7367575143184821e-168
1778	5.48910379888362e-169
1779	1.7314966464042842e-169
1780	5.451287938102827e-170
1781	1.7129044774995998e-170
1782	5.371839379904591e-171
1783	1.6813883665901533e-171
1784	5.252517342800547e-172
1785	1.6376484484684846e-172
1786	5.095970132735906e-173
1787	1.5826517659830044e-173
1788	4.905637328230917e-174
1789	1.5175966751371924e-174
1790	4.6856239278265967e-175
1791	1.4438693552126345e-175
1792	4.4405529014304334e-176
1793	1.3629946321133814e-176
1794	4.175403555366681e-177
1795	1.2765835550895782e-177
1796	3.8953436106658675e-178
1797	1.186280243411992e-178
1798	3.6055628882094366e-179
1799	1.0937104410736162e-179
1800	3.3111160135726107e-180
1801	1.0004339964417443e-180
1802	3.016780654294541e-181
1803	9.079031423413821e-182
1804	2.726936566913717e-182
1805	8.17428020449371e-183
1806	2.4454692645967346e-183
1807	7.301504070732227e-184
1808	2.1757005329965627e-184
1809	6.470260920142807e-185
1810	1.9203464368518778e-185
1811	5.688158734583157e-186
1812	1.6815019784006673e-186
1813	4.960846906891331e-187
1814	1.460650279639117e-187
1815	4.292080475552229e-188
1816	1.2586931299882425e-188
1817	3.683845999579712e-189
1818	1.075999009477667e-189
1819	3.1365359879601476e-190
1820	9.12464279340035e-191
1821	2.649157962995849e-191
1822	7.67583116650139e-192
1823	2.219564318165366e-192
1824	6.405219263385625e-193
1825	1.8446900036690768e-193
1826	5.301943458739e-194
1827	1.5207865710293747e-194
1828	4.35333508580735e-195
1829	1.2436430444977627e-195
1830	3.5455889034861303e-196
1831	1.0087862701287025e-196
1832	2.8643577214976004e-197
1833	8.116556435154991e-198
1834	2.295260538851019e-198
1835	6.477492786898623e-199
1836	1.8242980926167875e-199
1837	5.1274063022482166e-200
1838	1.4381754335051003e-200
1839	4.0256623130557514e-201
1840	1.124535825967883e-201
1841	3.1348651241531216e-202
1842	8.7211381072714e-203
1843	2.4212260227957572e-203
1844	6.708176639406049e-204
1845	1.854725975661551e-204
1846	5.11752817800232e-205
1847	1.4091105545696605e-205
1848	3.871982091521447e-206
1849	1.0617546349860568e-206
1850	2.9054716887782478e-207
1851	7.93432320358819e-208
1852	2.1622354367329716e-208
1853	5.880239584340593e-209
1854	1.5958243941820707e-209
1855	4.321875999197175e-210
1856	1.1680346136202957e-210
1857	3.150173050063521e-211
1858	8.478274541171237e-212
1859	2.277057397746593e-212
1860	6.102854118883124e-213
1861	1.632238339290359e-213
1862	4.356370403021915e-214
1863	1.1602610704999887e-214
1864	3.083723264123934e-215
1865	8.178673676420761e-216
1866	2.1645978365967912e-216
1867	5.716858746353641e-217
1868	1.5066856348475575e-217
1869	3.962523186874811e-218
1870	1.039929752465121e-218
1871	2.7234426873975905e-219
1872	7.117271856446847e-220
1873	1.8560470074400168e-220
1874	4.829959737613182e-221
1875	1.2542271269531746e-221
1876	3.25001991441673e-222
1877	8.403728587308378e-223
1878	2.1683689632647123e-223
1879	5.583011452215714e-224
1880	1.4344222896856054e-224
1881	3.677542468746497e-225
1882	9.408264630353085e-226
1883	2.401770442499566e-226
1884	6.118184851359414e-227
1885	1.5551840726608733e-227
1886	3.9446464829771544e-228
1887	9.983904800417742e-229
1888	2.521493178097148e-229
1889	6.354467330301309e-230
1890	1.5979509814805842e-230
1891	4.009679487159538e-231
1892	1.0039607206696295e-231
1893	2.508323748586586e-232
1894	6.253299197321984e-233
1895	1.5555805983903754e-233
1896	3.861290304723337e-234
1897	9.56374419167974e-235
1898	2.3636215249647014e-235
1899	5.8288292654615e-236
1900	1.4342903146984921e-236
1901	3.5216326093138147e-237
1902	8.627822250203143e-238
1903	2.1091496798609268e-238
1904	5.144718146697126e-239
1905	1.2521681285526624e-239
1906	3.040951351322879e-240
1907	7.368871086358958e-241
1908	1.7817057918732848e-241
1909	4.298465582478401e-242
1910	1.0347423470380151e-242
1911	2.485370697736217e-243
1912	5.956472972400694e-244
1913	1.4243774634658162e-244
1914	3.398582282978682e-245
1915	8.091072978184795e-246
1916	1.92198030734457e-246
1917	4.555384947194915e-247
1918	1.0772919335610432e-247
1919	2.541983628037891e-248
1920	5.984693865640474e-249
1921	1.4058526699591764e-249
1922	3.2950740932077893e-250
1923	7.705784939565189e-251
1924	1.7980167140337828e-251
1925	4.185954632092645e-252
1926	9.723398127356521e-253
1927	2.2535291518739812e-253
1928	5.21109092095696e-254
1929	1.2023011742884586e-254
1930	2.767679712402429e-255
1931	6.356749692364441e-256
1932	1.4566992301668857e-256
1933	3.330572898226797e-257
1934	7.597680708069134e-258
1935	1.729238668084664e-258
1936	3.9268056071642406e-259
1937	8.896786824109287e-260
1938	2.011106333122311e-260
1939	4.53569344019948e-261
1940	1.0206054981367307e-261
1941	2.291270678510354e-262
1942	5.132133017376973e-263
1943	1.1468883664418828e-263
1944	2.557083125056368e-264
1945	5.688106431241804e-265
1946	1.2623752151339946e-265
1947	2.7951542880891965e-266
1948	6.174735943215323e-267
1949	1.3608960912602902e-267
1950	2.9924313954498926e-268
1951	6.564698426050986e-269
1952	1.436796878703123e-269
1953	3.137362215936169e-270
1954	6.834729080138175e-271
1955	1.4854702690632962e-271
1956	3.221004238777868e-272
1957	6.967900673219466e-273
1958	1.5038155563546127e-273
1959	3.237932574730353e-274
1960	6.95537048562767e-275
1961	1.490563912312124e-275
1962	3.186819207139668e-276
1963	6.797345662286415e-277
1964	1.446421942841331e-277
1965	3.0705980490110264e-278
1966	6.503121362559954e-279
1967	1.3740111698157833e-279
1968	2.8961881375729596e-280
1969	6.090177667043066e-281
1970	1.2776103323049112e-281
1971	2.673810963382179e-282
1972	5.582456911729094e-283
1973	1.1627357177737146e-283
1974	2.415995683820327e-284
1975	5.008057969714108e-285
1976	1.035616911160701e-285
1977	2.1364072707403083e-286
1978	4.3966573078357236e-287
1979	9.026374802115485e-288
1980	1.8486504558185287e-288
1981	3.7769866012216575e-289
1982	7.698104316971096e-290
1983	1.5651946052333898e-290
1984	3.174662675609945e-291
1985	6.423474541502256e-292
1986	1.296534518080913e-292
1987	2.610587695239159e-293
1988	5.2436184296025454e-294
1989	1.050656920621073e-294
1990	2.1000337358185786e-295
1991	4.187217922452466e-296
1992	8.328316902673155e-297
1993	1.6524173164987064e-297
1994	3.270479830668629e-298
1995	6.457001295708234e-299
1996	1.2716756173596138e-299
1997	2.4983098046459382e-300
1998	4.8959741426262665e-301
1999	9.570909390710126e-302
2000	1.8663235841071839e-302
2001	3.630268194993333e-303
2002	7.043797705421683e-304
2003	1.363294865095781e-304
2004	2.631999722773257e-305
2005	5.0686621477311094e-306
2006	9.736674586979278e-307
2007	1.8656754952257344e-307
2008	3.565890694168688e-308
2009	6.798368991105974e-309
2010	1.29283927925118e-309
2011	2.45236860771254e-310
2012	4.640092725746e-311
2013	8.757205920296e-312
2014	1.6485447409e-312
2015	3.09549753717e-313
2016	5.7976634703e-314
2017	1.0830951663e-314
2018	2.018224893e-315
2019	3.75111234e-316
2020	6.9540273e-317
2021	1.285869e-317
2022	2.37159e-318
2023	4.36275e-319
2024	8.005e-320
2025	1.465e-320
2026	2.673e-321
2027	4.9e-322
2028	9e-323
2029	1.5e-323
2030	5e-324
2031	0.0
2032	0.0
2033	0.0
2034	0.0
2035	0.0
2036	0.0
2037	0.0
2038	0.0
2039	0.0
2040	0.0
2041	0.0
2042	0.0
2043	0.0
2044	0.0
2045	0.0
2046	0.0
2047	0.0
2048	0.0
2049	0.0
2050	0.0
2051	0.0
2052	0.0
2053	0.0
2054	0.0
2055	0.0
2056	0.0
2057	0.0
2058	0.0
2059	0.0
2060	0.0
2061	0.0
2062	0.0
2063	0.0
2064	0.0
2065	0.0
2066	0.0
2067	0.0
2068	0.0
2069	0.0
2070	0.0
2071	0.0
2072	0.0
2073	0.0
2074	0.0
2075	0.0
2076	0.0
2077	0.0
2078	0.0
2079	0.0
2080	0.0
2081	0.0
2082	0.0
2083	0.0
2084	0.0
2085	0.0
2086	0.0
2087	0.0
2088	0.0
2089	0.0
2090	0.0
2091	0.0
2092	0.0
2093	0.0
2094	0.0
2095	0.0
2096	0.0
2097	0.0
2098	0.0
2099	0.0
2100	0.0
2101	0.0
2102	0.0
2103	0.0
2104	0.0
2105	0.0
2106	0.0
2107	0.0
2108	0.0
2109	0.0
2110	0.0
2111	0.0
2112	0.0
2113	0.0
2114	0.0
2115	0.0
2116	0.0
2117	0.0
2118	0.0
2119	0.0
2120	0.0
2121	0.0
2122	0.0
2123	0.0
2124	0.0
2125	0.0
2126	0.0
2127	0.0
2128	0.0
2129	0.0
2130	0.0
2131	0.0
2132	0.0
2133	0.0
2134	0.0
2135	0.0
2136	0.0
2137	0.0
2138	0.0
2139	0.0
2140	0.0
2141	0.0
2142	0.0
2143	0.0
2144	0.0
2145	0.0
2146	0.0
2147	0.0
2148	0.0
2149	0.0
2150	0.0
2151	0.0
2152	0.0
2153	0.0
2154	0.0
2155	0.0
2156	0.0
2157	0.0
2158	0.0
2159	0.0
2160	0.0
2161	0.0
2162	0.0
2163	0.0
2164	0.0
2165	0.0
2166	0.0
2167	0.0
2168	0.0
2169	0.0
2170	0.0
2171	0.0
2172	0.0
2173	0.0
2174	0.0
2175	0.0
2176	0.0
2177	0.0
2178	0.0
2179	0.0
2180	0.0
2181	0.0
2182	0.0
2183	0.0
2184	0.0
2185	0.0
2186	0.0
2187	0.0
2188	0.0
2189	0.0
2190	0.0
2191	0.0
2192	0.0
2193	0.0
2194	0.0
2195	0.0
2196	0.0
2197	0.0
2198	0.0
2199	0.0
2200	0.0
2201	0.0
2202	0.0
2203	0.0
2204	0.0
2205	0.0
2206	0.0
2207	0.0
2208	0.0
2209	0.0
2210	0.0
2211	0.0
2212	0.0
2213	0.0
2214	0.0
2215	0.0
2216	0.0
2217	0.0
2218	0.0
2219	0.0
2220	0.0
2221	0.0
2222	0.0
2223	0.0
2224	0.0
2225	0.0
2226	0.0
2227	0.0
2228	0.0
2229	0.0
2230	0.0
2231	0.0
2232	0.0
2233	0.0
2234	0.0
2235	0.0
2236	0.0
2237	0.0
2238	0.0
2239	0.0
2240	0.0
2241	0.0
2242	0.0
2243	0.0
2244	0.0
2245	0.0
2246	0.0
2247	0.0
2248	0.0
2249	0.0
2250	0.0
2251	0.0
2252	0.0
2253	0.0
2254	0.0
2255	0.0
2256	0.0
2257	0.0
2258	0.0
2259	0.0
2260	0.0
2261	0.0
2262	0.0
2263	0.0
2264	0.0
2265	0.0
2266	0.0
2267	0.0
2268	0.0
2269	0.0
2270	0.0
2271	0.0
2272	0.0
2273	0.0
2274	0.0
2275	0.0
2276	0.0
2277	0.0
2278	0.0
2279	0.0
2280	0.0
2281	0.0
2282	0.0
2283	0.0
2284	0.0
2285	0.0
2286	0.0
2287	0.0
2288	0.0
2289	0.0
2290	0.0
2291	0.0
2292	0.0
2293	0.0
2294	0.0
2295	0.0
2296	0.0
2297	0.0
2298	0.0
2299	0.0
2300	0.0
2301	0.0
2302	0.0
2303	0.0
2304	0.0
2305	0.0
2306	0.0
2307	0.0
2308	0.0
2309	0.0
2310	0.0
2311	0.0
2312	0.0
2313	0.0
2314	0.0
2315	0.0
2316	0.0
2317	0.0
2318	0.0
2319	0.0
2320	0.0
2321	0.0
2322	0.0
2323	0.0
2324	0.0
2325	0.0
2326	0.0
2327	0.0
2328	0.0
2329	0.0
2330	0.0
2331	0.0
2332	0.0
2333	0.0
2334	0.0
2335	0.0
2336	0.0
2337	0.0
2338	0.0
2339	0.0
2340	0.0
2341	0.0
2342	0.0
2343	0.0
2344	0.0
2345	0.0
2346	0.0
2347	0.0
2348	0.0
2349	0.0
2350	0.0
2351	0.0
2352	0.0
2353	0.0
2354	0.0
2355	0.0
2356	0.0
2357	0.0
2358	0.0
2359	0.0
2360	0.0
2361	0.0
2362	0.0
2363	0.0
2364	0.0
2365	0.0
2366	0.0
2367	0.0
2368	0.0
2369	0.0
2370	0.0
2371	0.0
2372	0.0
2373	0.0
2374	0.0
2375	0.0
2376	0.0
2377	0.0
2378	0.0
2379	0.0
2380	0.0
2381	0.0
2382	0.0
2383	0.0
2384	0.0
2385	0.0
2386	0.0
2387	0.0
2388	0.0
2389	0.0
2390	0.0
2391	0.0
2392	0.0
2393	0.0
2394	0.0
2395	0.0
2396	0.0
2397	0.0
2398	0.0
2399	0.0
2400	0.0
2401	0.0
2402	0.0
2403	0.0
2404	0.0
2405	0.0
2406	0.0
2407	0.0
2408	0.0
2409	0.0
2410	0.0
2411	0.0
2412	0.0
2413	0.0
2414	0.0
2415	0.0
2416	0.0
2417	0.0
2418	0.0
2419	0.0
2420	0.0
2421	0.0
2422	0.0
2423	0.0
2424	0.0
2425	0.0
2426	0.0
2427	0.0
2428	0.0
2429	0.0
2430	0.0
2431	0.0
2432	0.0
2433	0.0
2434	0.0
2435	0.0
2436	0.0
2437	0.0
2438	0.0
2439	0.0
2440	0.0
2441	0.0
2442	0.0
2443	0.0
2444	0.0
2445	0.0
2446	0.0
2447	0.0
2448	0.0
2449	0.0
2450	0.0
2451	0.0
2452	0.0
2453	0.0
2454	0.0
2455	0.0
2456	0.0
2457	0.0
2458	0.0
2459	0.0
2460	0.0
2461	0.0
2462	0.0
2463	0.0
2464	0.0
2465	0.0
2466	0.0
2467	0.0
2468	0.0
2469	0.0
2470	0.0
2471	0.0
2472	0.0
2473	0.0
2474	0.0
2475	0.0
2476	0.0
2477	0.0
2478	0.0
2479	0.0
2480	0.0
2481	0.0
2482	0.0
2483	0.0
2484	0.0
2485	0.0
2486	0.0
2487	0.0
2488	0.0
2489	0.0
2490	0.0
2491	0.0
2492	0.0
2493	0.0
2494	0.0
2495	0.0
2496	0.0
2497	0.0
2498	0.0
2499	0.0
2500	0.0
