k	pvalue
0	0.9999999999955564
1	0.9999999999955564
2	0.9999999999955564
3	0.9999999999955564
4	0.9999999999955564
5	0.9999999999955564
6	0.9999999999955564
7	0.9999999999955564
8	0.9999999999955564
9	0.9999999999955564
10	0.9999999999955564
11	0.9999999999955564
12	0.9999999999955564
13	0.9999999999955564
14	0.9999999999955564
15	0.9999999999955564
16	0.9999999999955564
17	0.9999999999955564
18	0.9999999999955564
19	0.9999999999955564
20	0.9999999999955564
21	0.9999999999955564
22	0.9999999999955564
23	0.9999999999955564
24	0.9999999999955564
25	0.9999999999955564
26	0.9999999999955564
27	0.9999999999955564
28	0.9999999999955564
29	0.9999999999955564
30	0.9999999999955564
31	0.9999999999955564
32	0.9999999999955564
33	0.9999999999955564
34	0.9999999999955564
35	0.9999999999955564
36	0.9999999999955564
37	0.9999999999955564
38	0.9999999999955564
39	0.9999999999955564
40	0.9999999999955564
41	0.9999999999955564
42	0.9999999999955564
43	0.9999999999955564
44	0.9999999999955564
45	0.9999999999955564
46	0.9999999999955564
47	0.9999999999955564
48	0.9999999999955564
49	0.9999999999955564
50	0.9999999999955564
51	0.9999999999955564
52	0.9999999999955564
53	0.9999999999955564
54	0.9999999999955564
55	0.9999999999955564
56	0.9999999999955564
57	0.9999999999955564
58	0.9999999999955564
59	0.9999999999955564
60	0.9999999999955564
61	0.9999999999955564
62	0.9999999999955564
63	0.9999999999955564
64	0.9999999999955564
65	0.9999999999955564
66	0.9999999999955564
67	0.9999999999955564
68	0.9999999999955564
69	0.9999999999955564
70	0.9999999999955564
71	0.9999999999955564
72	0.9999999999955564
73	0.9999999999955564
74	0.9999999999955564
75	0.9999999999955564
76	0.9999999999955564
77	0.9999999999955564
78	0.9999999999955564
79	0.9999999999955564
80	0.9999999999955564
81	0.9999999999955564
82	0.9999999999955564
83	0.9999999999955564
84	0.9999999999955564
85	0.9999999999955564
86	0.9999999999955564
87	0.9999999999955564
88	0.9999999999955564
89	0.9999999999955564
90	0.9999999999955564
91	0.9999999999955564
92	0.9999999999955564
93	0.9999999999955564
94	0.9999999999955564
95	0.9999999999955564
96	0.9999999999955564
97	0.9999999999955564
98	0.9999999999955564
99	0.9999999999955564
100	0.9999999999955564
101	0.9999999999955564
102	0.9999999999955564
103	0.9999999999955564
104	0.9999999999955564
105	0.9999999999955564
106	0.9999999999955564
107	0.9999999999955564
108	0.9999999999955564
109	0.9999999999955564
110	0.9999999999955564
111	0.9999999999955564
112	0.9999999999955564
113	0.9999999999955564
114	0.9999999999955564
115	0.9999999999955564
116	0.9999999999955564
117	0.9999999999955564
118	0.9999999999955564
119	0.9999999999955564
120	0.9999999999955564
121	0.9999999999955564
122	0.9999999999955564
123	0.9999999999955564
124	0.9999999999955564
125	0.9999999999955564
126	0.9999999999955564
127	0.9999999999955564
128	0.9999999999955564
129	0.9999999999955564
130	0.9999999999955564
131	0.9999999999955564
132	0.9999999999955564
133	0.9999999999955564
134	0.9999999999955564
135	0.9999999999955564
136	0.9999999999955564
137	0.9999999999955564
138	0.9999999999955564
139	0.9999999999955564
140	0.9999999999955564
141	0.9999999999955564
142	0.9999999999955564
143	0.9999999999955564
144	0.9999999999955564
145	0.9999999999955564
146	0.9999999999955564
147	0.9999999999955564
148	0.9999999999955564
149	0.9999999999955564
150	0.9999999999955564
151	0.9999999999955564
152	0.9999999999955564
153	0.9999999999955564
154	0.9999999999955564
155	0.9999999999955564
156	0.9999999999955564
157	0.9999999999955564
158	0.9999999999955564
159	0.9999999999955564
160	0.9999999999955564
161	0.9999999999955564
162	0.9999999999955564
163	0.9999999999955564
164	0.9999999999955564
165	0.9999999999955564
166	0.9999999999955564
167	0.9999999999955564
168	0.9999999999955564
169	0.9999999999955564
170	0.9999999999955564
171	0.9999999999955564
172	0.9999999999955564
173	0.9999999999955564
174	0.9999999999955564
175	0.9999999999955564
176	0.9999999999955564
177	0.9999999999955564
178	0.9999999999955564
179	0.9999999999955564
180	0.9999999999955564
181	0.9999999999955564
182	0.9999999999955564
183	0.9999999999955564
184	0.9999999999955564
185	0.9999999999955564
186	0.9999999999955564
187	0.9999999999955564
188	0.9999999999955564
189	0.9999999999955564
190	0.9999999999955564
191	0.9999999999955564
192	0.9999999999955564
193	0.9999999999955564
194	0.9999999999955564
195	0.9999999999955564
196	0.9999999999955564
197	0.9999999999955564
198	0.9999999999955564
199	0.9999999999955564
200	0.9999999999955564
201	0.9999999999955564
202	0.9999999999955564
203	0.9999999999955564
204	0.9999999999955564
205	0.9999999999955564
206	0.9999999999955564
207	0.9999999999955564
208	0.9999999999955564
209	0.9999999999955564
210	0.9999999999955564
211	0.9999999999955564
212	0.9999999999955564
213	0.9999999999955564
214	0.9999999999955564
215	0.9999999999955564
216	0.9999999999955564
217	0.9999999999955564
218	0.9999999999955564
219	0.9999999999955564
220	0.9999999999955564
221	0.9999999999955564
222	0.9999999999955564
223	0.9999999999955564
224	0.9999999999955564
225	0.9999999999955564
226	0.9999999999955564
227	0.9999999999955564
228	0.9999999999955564
229	0.9999999999955564
230	0.9999999999955564
231	0.9999999999955564
232	0.9999999999955564
233	0.9999999999955564
234	0.9999999999955564
235	0.9999999999955564
236	0.9999999999955564
237	0.9999999999955564
238	0.9999999999955564
239	0.9999999999955564
240	0.9999999999955564
241	0.9999999999955564
242	0.9999999999955564
243	0.9999999999955564
244	0.9999999999955564
245	0.9999999999955564
246	0.9999999999955564
247	0.9999999999955564
248	0.9999999999955564
249	0.9999999999955564
250	0.9999999999955564
251	0.9999999999955564
252	0.9999999999955564
253	0.9999999999955564
254	0.9999999999955564
255	0.9999999999955564
256	0.9999999999955564
257	0.9999999999955564
258	0.9999999999955564
259	0.9999999999955564
260	0.9999999999955564
261	0.9999999999955564
262	0.9999999999955564
263	0.9999999999955564
264	0.9999999999955564
265	0.9999999999955564
266	0.9999999999955564
267	0.9999999999955564
268	0.9999999999955564
269	0.9999999999955564
270	0.9999999999955564
271	0.9999999999955564
272	0.9999999999955564
273	0.9999999999955564
274	0.9999999999955564
275	0.9999999999955564
276	0.9999999999955564
277	0.9999999999955564
278	0.9999999999955564
279	0.9999999999955564
280	0.9999999999955564
281	0.9999999999955564
282	0.9999999999955564
283	0.9999999999955564
284	0.9999999999955564
285	0.9999999999955564
286	0.9999999999955564
287	0.9999999999955564
288	0.9999999999955564
289	0.9999999999955564
290	0.9999999999955564
291	0.9999999999955564
292	0.9999999999955564
293	0.9999999999955564
294	0.9999999999955564
295	0.9999999999955564
296	0.9999999999955564
297	0.9999999999955564
298	0.9999999999955564
299	0.9999999999955564
300	0.9999999999955564
301	0.9999999999955564
302	0.9999999999955564
303	0.9999999999955564
304	0.9999999999955564
305	0.9999999999955564
306	0.9999999999955564
307	0.9999999999955564
308	0.9999999999955564
309	0.9999999999955564
310	0.9999999999955564
311	0.9999999999955564
312	0.9999999999955564
313	0.9999999999955564
314	0.9999999999955564
315	0.9999999999955564
316	0.9999999999955564
317	0.9999999999955564
318	0.9999999999955564
319	0.9999999999955564
320	0.9999999999955564
321	0.9999999999955564
322	0.9999999999955564
323	0.9999999999955564
324	0.9999999999955564
325	0.9999999999955564
326	0.9999999999955564
327	0.9999999999955564
328	0.9999999999955564
329	0.9999999999955564
330	0.9999999999955564
331	0.9999999999955564
332	0.9999999999955564
333	0.9999999999955564
334	0.9999999999955564
335	0.9999999999955564
336	0.9999999999955564
337	0.9999999999955564
338	0.9999999999955564
339	0.9999999999955564
340	0.9999999999955564
341	0.9999999999955564
342	0.9999999999955564
343	0.9999999999955564
344	0.9999999999955564
345	0.9999999999955564
346	0.9999999999955564
347	0.9999999999955564
348	0.9999999999955564
349	0.9999999999955564
350	0.9999999999955564
351	0.9999999999955564
352	0.9999999999955564
353	0.9999999999955564
354	0.9999999999955564
355	0.9999999999955564
356	0.9999999999955564
357	0.9999999999955564
358	0.9999999999955564
359	0.9999999999955564
360	0.9999999999955564
361	0.9999999999955564
362	0.9999999999955564
363	0.9999999999955564
364	0.9999999999955564
365	0.9999999999955564
366	0.9999999999955564
367	0.9999999999955564
368	0.9999999999955564
369	0.9999999999955564
370	0.9999999999955564
371	0.9999999999955564
372	0.9999999999955564
373	0.9999999999955564
374	0.9999999999955564
375	0.9999999999955564
376	0.9999999999955564
377	0.9999999999955564
378	0.9999999999955564
379	0.9999999999955564
380	0.9999999999955564
381	0.9999999999955564
382	0.9999999999955564
383	0.9999999999955564
384	0.9999999999955564
385	0.9999999999955564
386	0.9999999999955564
387	0.9999999999955564
388	0.9999999999955564
389	0.9999999999955564
390	0.9999999999955564
391	0.9999999999955564
392	0.9999999999955564
393	0.9999999999955564
394	0.9999999999955564
395	0.9999999999955564
396	0.9999999999955564
397	0.9999999999955564
398	0.9999999999955564
399	0.9999999999955564
400	0.9999999999955564
401	0.9999999999955564
402	0.9999999999955564
403	0.9999999999955564
404	0.9999999999955564
405	0.9999999999955564
406	0.9999999999955564
407	0.9999999999955564
408	0.9999999999955564
409	0.9999999999955564
410	0.9999999999955564
411	0.9999999999955564
412	0.9999999999955564
413	0.9999999999955564
414	0.9999999999955564
415	0.9999999999955564
416	0.9999999999955564
417	0.9999999999955564
418	0.9999999999955564
419	0.9999999999955564
420	0.9999999999955564
421	0.9999999999955564
422	0.9999999999955564
423	0.9999999999955564
424	0.9999999999955564
425	0.9999999999955564
426	0.9999999999955564
427	0.9999999999955564
428	0.9999999999955564
429	0.9999999999955564
430	0.9999999999955564
431	0.9999999999955564
432	0.9999999999955564
433	0.9999999999955564
434	0.9999999999955564
435	0.9999999999955564
436	0.9999999999955564
437	0.9999999999955564
438	0.9999999999955564
439	0.9999999999955564
440	0.9999999999955564
441	0.9999999999955564
442	0.9999999999955564
443	0.9999999999955564
444	0.9999999999955564
445	0.9999999999955564
446	0.9999999999955564
447	0.9999999999955564
448	0.9999999999955564
449	0.9999999999955564
450	0.9999999999955564
451	0.9999999999955564
452	0.9999999999955564
453	0.9999999999955564
454	0.9999999999955564
455	0.9999999999955564
456	0.9999999999955564
457	0.9999999999955564
458	0.9999999999955564
459	0.9999999999955564
460	0.9999999999955564
461	0.9999999999955564
462	0.9999999999955564
463	0.9999999999955564
464	0.9999999999955564
465	0.9999999999955564
466	0.9999999999955564
467	0.9999999999955564
468	0.9999999999955564
469	0.9999999999955564
470	0.9999999999955564
471	0.9999999999955564
472	0.9999999999955564
473	0.9999999999955564
474	0.9999999999955564
475	0.9999999999955564
476	0.9999999999955564
477	0.9999999999955564
478	0.9999999999955564
479	0.9999999999955564
480	0.9999999999955564
481	0.9999999999955564
482	0.9999999999955564
483	0.9999999999955564
484	0.9999999999955564
485	0.9999999999955564
486	0.9999999999955564
487	0.9999999999955564
488	0.9999999999955564
489	0.9999999999955564
490	0.9999999999955564
491	0.9999999999955564
492	0.9999999999955564
493	0.9999999999955564
494	0.9999999999955564
495	0.9999999999955564
496	0.9999999999955564
497	0.9999999999955564
498	0.9999999999955564
499	0.9999999999955564
500	0.9999999999955564
501	0.9999999999955564
502	0.9999999999955564
503	0.9999999999955564
504	0.9999999999955564
505	0.9999999999955564
506	0.9999999999955564
507	0.9999999999955564
508	0.9999999999955564
509	0.9999999999955564
510	0.9999999999955564
511	0.9999999999955564
512	0.9999999999955564
513	0.9999999999955564
514	0.9999999999955564
515	0.9999999999955564
516	0.9999999999955564
517	0.9999999999955564
518	0.9999999999955564
519	0.9999999999955564
520	0.9999999999955564
521	0.9999999999955564
522	0.9999999999955564
523	0.9999999999955564
524	0.9999999999955564
525	0.9999999999955564
526	0.9999999999955564
527	0.9999999999955564
528	0.9999999999955564
529	0.9999999999955564
530	0.9999999999955564
531	0.9999999999955564
532	0.9999999999955564
533	0.9999999999955564
534	0.9999999999955564
535	0.9999999999955564
536	0.9999999999955564
537	0.9999999999955564
538	0.9999999999955564
539	0.9999999999955564
540	0.9999999999955564
541	0.9999999999955564
542	0.9999999999955564
543	0.9999999999955564
544	0.9999999999955564
545	0.9999999999955564
546	0.9999999999955564
547	0.9999999999955564
548	0.9999999999955564
549	0.9999999999955564
550	0.9999999999955564
551	0.9999999999955564
552	0.9999999999955564
553	0.9999999999955564
554	0.9999999999955564
555	0.9999999999955564
556	0.9999999999955564
557	0.9999999999955564
558	0.9999999999955564
559	0.9999999999955564
560	0.9999999999955564
561	0.9999999999955564
562	0.9999999999955564
563	0.9999999999955564
564	0.9999999999955564
565	0.9999999999955564
566	0.9999999999955564
567	0.9999999999955564
568	0.9999999999955564
569	0.9999999999955564
570	0.9999999999955564
571	0.9999999999955564
572	0.9999999999955564
573	0.9999999999955564
574	0.9999999999955564
575	0.9999999999955564
576	0.9999999999955564
577	0.9999999999955564
578	0.9999999999955564
579	0.9999999999955564
580	0.9999999999955564
581	0.9999999999955564
582	0.9999999999955564
583	0.9999999999955564
584	0.9999999999955564
585	0.9999999999955564
586	0.9999999999955564
587	0.9999999999955564
588	0.9999999999955564
589	0.9999999999955564
590	0.9999999999955564
591	0.9999999999955564
592	0.9999999999955564
593	0.9999999999955564
594	0.9999999999955564
595	0.9999999999955564
596	0.9999999999955564
597	0.9999999999955564
598	0.9999999999955564
599	0.9999999999955564
600	0.9999999999955564
601	0.9999999999955564
602	0.9999999999955564
603	0.9999999999955564
604	0.9999999999955564
605	0.9999999999955564
606	0.9999999999955564
607	0.9999999999955564
608	0.9999999999955564
609	0.9999999999955564
610	0.9999999999955564
611	0.9999999999955564
612	0.9999999999955564
613	0.9999999999955564
614	0.9999999999955564
615	0.9999999999955564
616	0.9999999999955564
617	0.9999999999955564
618	0.9999999999955564
619	0.9999999999955564
620	0.9999999999955564
621	0.9999999999955564
622	0.9999999999955564
623	0.9999999999955564
624	0.9999999999955564
625	0.9999999999955564
626	0.9999999999955564
627	0.9999999999955564
628	0.9999999999955564
629	0.9999999999955564
630	0.9999999999955564
631	0.9999999999955564
632	0.9999999999955564
633	0.9999999999955564
634	0.9999999999955564
635	0.9999999999955564
636	0.9999999999955564
637	0.9999999999955564
638	0.9999999999955564
639	0.9999999999955564
640	0.9999999999955564
641	0.9999999999955564
642	0.9999999999955564
643	0.9999999999955564
644	0.9999999999955564
645	0.9999999999955564
646	0.9999999999955564
647	0.9999999999955564
648	0.9999999999955564
649	0.9999999999955564
650	0.9999999999955564
651	0.9999999999955564
652	0.9999999999955564
653	0.9999999999955564
654	0.9999999999955564
655	0.9999999999955564
656	0.9999999999955564
657	0.9999999999955564
658	0.9999999999955564
659	0.9999999999955564
660	0.9999999999955564
661	0.9999999999955564
662	0.9999999999955564
663	0.9999999999955564
664	0.9999999999955564
665	0.9999999999955564
666	0.9999999999955564
667	0.9999999999955564
668	0.9999999999955564
669	0.9999999999955564
670	0.9999999999955564
671	0.9999999999955564
672	0.9999999999955564
673	0.9999999999955564
674	0.9999999999955564
675	0.9999999999955564
676	0.9999999999955564
677	0.9999999999955564
678	0.9999999999955564
679	0.9999999999955564
680	0.9999999999955564
681	0.9999999999955564
682	0.9999999999955564
683	0.9999999999955564
684	0.9999999999955564
685	0.9999999999955564
686	0.9999999999955564
687	0.9999999999955564
688	0.9999999999955564
689	0.9999999999955564
690	0.9999999999955564
691	0.9999999999955564
692	0.9999999999955564
693	0.9999999999955564
694	0.9999999999955564
695	0.9999999999955564
696	0.9999999999955564
697	0.9999999999955564
698	0.9999999999955564
699	0.9999999999955564
700	0.9999999999955564
701	0.9999999999955564
702	0.9999999999955564
703	0.9999999999955564
704	0.9999999999955564
705	0.9999999999955564
706	0.9999999999955564
707	0.9999999999955564
708	0.9999999999955564
709	0.9999999999955564
710	0.9999999999955564
711	0.9999999999955564
712	0.9999999999955564
713	0.9999999999955564
714	0.9999999999955564
715	0.9999999999955564
716	0.9999999999955564
717	0.9999999999955564
718	0.9999999999955564
719	0.9999999999955564
720	0.9999999999955564
721	0.9999999999955564
722	0.9999999999955564
723	0.9999999999955564
724	0.9999999999955564
725	0.9999999999955564
726	0.9999999999955564
727	0.9999999999955564
728	0.9999999999955564
729	0.9999999999955564
730	0.9999999999955564
731	0.9999999999955564
732	0.9999999999955564
733	0.9999999999955564
734	0.9999999999955564
735	0.9999999999955564
736	0.9999999999955564
737	0.9999999999955564
738	0.9999999999955564
739	0.9999999999955564
740	0.9999999999955564
741	0.9999999999955564
742	0.9999999999955564
743	0.9999999999955564
744	0.9999999999955564
745	0.9999999999955564
746	0.9999999999955564
747	0.9999999999955564
748	0.9999999999955564
749	0.9999999999955564
750	0.9999999999955564
751	0.9999999999955564
752	0.9999999999955564
753	0.9999999999955564
754	0.9999999999955564
755	0.9999999999955564
756	0.9999999999955564
757	0.9999999999955564
758	0.9999999999955564
759	0.9999999999955564
760	0.9999999999955564
761	0.9999999999955564
762	0.9999999999955564
763	0.9999999999955564
764	0.9999999999955564
765	0.9999999999955564
766	0.9999999999955564
767	0.9999999999955564
768	0.9999999999955564
769	0.9999999999955564
770	0.9999999999955564
771	0.9999999999955564
772	0.9999999999955564
773	0.9999999999955564
774	0.9999999999955564
775	0.9999999999955564
776	0.9999999999955564
777	0.9999999999955564
778	0.9999999999955564
779	0.9999999999955564
780	0.9999999999955564
781	0.9999999999955564
782	0.9999999999955564
783	0.9999999999955564
784	0.9999999999955564
785	0.9999999999955564
786	0.9999999999955564
787	0.9999999999955564
788	0.9999999999955564
789	0.9999999999955564
790	0.9999999999955564
791	0.9999999999955564
792	0.9999999999955564
793	0.9999999999955564
794	0.9999999999955564
795	0.9999999999955564
796	0.9999999999955564
797	0.9999999999955564
798	0.9999999999955564
799	0.9999999999955564
800	0.9999999999955564
801	0.9999999999955564
802	0.9999999999955564
803	0.9999999999955564
804	0.9999999999955564
805	0.9999999999955564
806	0.9999999999955564
807	0.9999999999955564
808	0.9999999999955564
809	0.9999999999955564
810	0.9999999999955564
811	0.9999999999955564
812	0.9999999999955564
813	0.9999999999955564
814	0.9999999999955564
815	0.9999999999955564
816	0.9999999999955564
817	0.9999999999955564
818	0.9999999999955564
819	0.9999999999955564
820	0.9999999999955564
821	0.9999999999955564
822	0.9999999999955564
823	0.9999999999955564
824	0.9999999999955564
825	0.9999999999955564
826	0.9999999999955564
827	0.9999999999955564
828	0.9999999999955564
829	0.9999999999955564
830	0.9999999999955564
831	0.9999999999955564
832	0.9999999999955564
833	0.9999999999955564
834	0.9999999999955564
835	0.9999999999955564
836	0.9999999999955564
837	0.9999999999955564
838	0.9999999999955564
839	0.9999999999955564
840	0.9999999999955564
841	0.9999999999955564
842	0.9999999999955564
843	0.9999999999955564
844	0.9999999999955564
845	0.9999999999955564
846	0.9999999999955564
847	0.9999999999955564
848	0.9999999999955564
849	0.9999999999955564
850	0.9999999999955564
851	0.9999999999955564
852	0.9999999999955564
853	0.9999999999955564
854	0.9999999999955564
855	0.9999999999955564
856	0.9999999999955564
857	0.9999999999955564
858	0.9999999999955564
859	0.9999999999955564
860	0.9999999999955564
861	0.9999999999955564
862	0.9999999999955564
863	0.9999999999955564
864	0.9999999999955564
865	0.9999999999955564
866	0.9999999999955564
867	0.9999999999955564
868	0.9999999999955564
869	0.9999999999955564
870	0.9999999999955564
871	0.9999999999955564
872	0.9999999999955564
873	0.9999999999955564
874	0.9999999999955564
875	0.9999999999955564
876	0.9999999999955564
877	0.9999999999955564
878	0.9999999999955564
879	0.9999999999955564
880	0.9999999999955564
881	0.9999999999955564
882	0.9999999999955564
883	0.9999999999955564
884	0.9999999999955564
885	0.9999999999955564
886	0.9999999999955564
887	0.9999999999955564
888	0.9999999999955564
889	0.9999999999955563
890	0.9999999999955563
891	0.9999999999955563
892	0.9999999999955562
893	0.9999999999955561
894	0.999999999995556
895	0.9999999999955559
896	0.9999999999955556
897	0.9999999999955552
898	0.9999999999955548
899	0.9999999999955541
900	0.9999999999955532
901	0.999999999995552
902	0.9999999999955502
903	0.9999999999955479
904	0.9999999999955447
905	0.9999999999955402
906	0.9999999999955342
907	0.999999999995526
908	0.9999999999955148
909	0.9999999999954997
910	0.9999999999954791
911	0.9999999999954513
912	0.9999999999954137
913	0.999999999995363
914	0.9999999999952948
915	0.9999999999952031
916	0.9999999999950799
917	0.9999999999949151
918	0.9999999999946947
919	0.9999999999944005
920	0.9999999999940085
921	0.9999999999934869
922	0.9999999999927943
923	0.9999999999918763
924	0.9999999999906611
925	0.9999999999890559
926	0.9999999999869387
927	0.9999999999841511
928	0.999999999980487
929	0.9999999999756791
930	0.9999999999693813
931	0.9999999999611455
932	0.9999999999503941
933	0.9999999999363824
934	0.999999999918153
935	0.9999999998944765
936	0.9999999998637777
937	0.9999999998240415
938	0.9999999997726947
939	0.9999999997064576
940	0.9999999996211572
941	0.9999999995114932
942	0.9999999993707466
943	0.9999999991904134
944	0.9999999989597514
945	0.9999999986652144
946	0.9999999982897512
947	0.9999999978119369
948	0.9999999972049002
949	0.9999999964349979
950	0.9999999954601855
951	0.9999999942280122
952	0.9999999926731639
953	0.9999999907144539
954	0.9999999882511479
955	0.9999999851584818
956	0.9999999812822084
957	0.9999999764319729
958	0.9999999703732857
959	0.9999999628178092
960	0.9999999534116338
961	0.9999999417211501
962	0.9999999272160625
963	0.9999999092490032
964	0.9999998870311195
965	0.9999998596028943
966	0.9999998257993419
967	0.99999978420858
968	0.9999997331226167
969	0.9999996704790095
970	0.9999995937918473
971	0.9999995000702699
972	0.9999993857224723
973	0.9999992464428482
974	0.9999990770795872
975	0.9999988714796672
976	0.9999986223077687
977	0.9999983208351765
978	0.9999979566942158
979	0.9999975175932174
980	0.9999969889863825
981	0.9999963536922432
982	0.9999955914536873
983	0.9999946784317156
984	0.9999935866242493
985	0.99999228320039
986	0.9999907297395544
987	0.9999888813638769
988	0.9999866857511823
989	0.9999840820146945
990	0.9999809994344661
991	0.9999773560243053
992	0.9999730569167345
993	0.9999679925472785
994	0.9999620366181373
995	0.9999550438200943
996	0.9999468472903441
997	0.9999372557828385
998	0.9999260505267613
999	0.9999129817478863
1000	0.9998977648268931
1001	0.9998800760682235
1002	0.9998595480528398
1003	0.999835764548293
1004	0.9998082549499092
1005	0.9997764882276793
1006	0.9997398663546556
1007	0.9996977171943617
1008	0.999649286826967
1009	0.9995937312968095
1010	0.9995301077673313
1011	0.9994573650736437
1012	0.9993743336678431
1013	0.9992797149578525
1014	0.9991720700470277
1015	0.9990498078890548
1016	0.9989111728807848
1017	0.9987542319246139
1018	0.9985768610018136
1019	0.9983767313088061
1020	0.9981512950197455
1021	0.9978977707508325
1022	0.9976131288144882
1023	0.9972940763647479
1024	0.996937042548887
1025	0.996538163794227
1026	0.9960932693731253
1027	0.9955978674031597
1028	0.9950471314532642
1029	0.9944358879398472
1030	0.9937586045094924
1031	0.9930093796164439
1032	0.9921819335134524
1033	0.9912696008834371
1034	0.990265325346503
1035	0.9891616560818756
1036	0.9879507468069836
1037	0.9866243573559641
1038	0.9851738580970214
1039	0.9835902374220957
1040	0.9818641125329727
1041	0.9799857437351062
1042	0.9779450524338684
1043	0.9757316430075942
1044	0.9733348287075693
1045	0.9707436617070331
1046	0.9679469673893653
1047	0.9649333829300177
1048	0.9616914001876239
1049	0.9582094128773023
1050	0.9544757679537895
1051	0.9504788210840845
1052	0.9462069960391929
1053	0.9416488477828678
1054	0.9367931289825202
1055	0.931628859614348
1056	0.9261453992819172
1057	0.9203325218156141
1058	0.9141804916703699
1059	0.9076801415915852
1060	0.9008229509750646
1061	0.8936011243067861
1062	0.8860076690332495
1063	0.8780364721837084
1064	0.869682375042496
1065	0.8609412451535323
1066	0.8518100449305238
1067	0.8422868961458133
1068	0.8323711395786941
1069	0.8220633891205431
1070	0.8113655796595164
1071	0.8002810081018163
1072	0.7888143669295957
1073	0.7769717697471712
1074	0.7647607683270208
1075	0.7521903607345284
1076	0.7392709901849952
1077	0.726014534367289
1078	0.7124342850547991
1079	0.6985449179151049
1080	0.6843624525239027
1081	0.6699042026851002
1082	0.6551887172563862
1083	0.6402357117767618
1084	0.6250659912881927
1085	0.6097013648364547
1086	0.5941645522251154
1087	0.578479083680226
1088	0.5626691931605068
1089	0.5467597061175418
1090	0.5307759225717458
1091	0.5147434964217747
1092	0.4986883119468815
1093	0.4826363584928635
1094	0.4666136043522762
1095	0.45064587085820595
1096	0.43475870770798897
1097	0.41897727051888584
1098	0.4033262015920794
1099	0.3878295148248449
1100	0.3725104856638735
1101	0.35739154693619446
1102	0.3424941913287528
1103	0.3278388812143922
1104	0.31344496644180037
1105	0.29933061062102495
1106	0.28551272634564717
1107	0.2720069196988453
1108	0.25882744429465065
1109	0.24598716500896703
1110	0.2334975314586298
1111	0.2213685611921602
1112	0.20960883246406223
1113	0.19822548637663268
1114	0.18722423809029484
1115	0.17660939672634737
1116	0.16638389351552757
1117	0.15654931768260708
1118	0.14710595950191227
1119	0.1380528599116145
1120	0.1293878660361495
1121	0.12110769193635523
1122	0.11320798388588708
1123	0.1056833894600737
1124	0.09852762971940127
1125	0.09173357377392487
1126	0.08529331502667661
1127	0.07919824841305409
1128	0.07343914797863826
1129	0.06800624416925136
1130	0.06288930024361962
1131	0.058077687260013826
1132	0.05356045713294049
1133	0.049326413303579585
1134	0.04536417861744279
1135	0.04166226005390966
1136	0.038209110004162716
1137	0.034993183845896864
1138	0.03200299361437941
1139	0.02922715761939108
1140	0.026654445905749304
1141	0.02427382150102857
1142	0.02207447743733936
1143	0.02004586957426326
1144	0.018177745286991627
1145	0.0164601681171687
1146	0.014883538513751517
1147	0.013438610817285816
1148	0.012116506663332898
1149	0.010908724999397133
1150	0.009807148924674743
1151	0.008804049573393962
1152	0.007892087270604715
1153	0.007064310194195878
1154	0.0063141507788892735
1155	0.00563542009722309
1156	0.00502230044934934
1157	0.004469336388096825
1158	0.0039714243984647
1159	0.0035238014417837797
1160	0.0031220325644820022
1161	0.0027619977599776524
1162	0.002439878259949474
1163	0.00215214241833349
1164	0.0018955313380934224
1165	0.0016670443773088655
1166	0.0014639246576079804
1167	0.0012836446846050007
1168	0.0011238921769330158
1169	0.000982556187814999
1170	0.0008577135909969232
1171	0.0007476159913630312
1172	0.0006506771097335739
1173	0.0005654606812611672
1174	0.0004906688975288385
1175	0.00042513141393175983
1176	0.00036779493620327984
1177	0.00031771339302006095
1178	0.0002740386954765971
1179	0.00023601207883298017
1180	0.00020295601728103127
1181	0.00017426669850637502
1182	0.00014940704150657975
1183	0.00012790023841356202
1184	0.00010932379891515166
1185	9.330407422779887e-05
1186	7.95112363912026e-05
1187	6.765468788784284e-05
1188	5.7478876188694435e-05
1189	4.8759487745091154e-05
1190	4.12999961421232e-05
1191	3.492853955984474e-05
1192	2.9495103316368276e-05
1193	2.4868984055946626e-05
1194	2.0936513062685755e-05
1195	1.7599017196941207e-05
1196	1.4770997040110581e-05
1197	1.23785029708069e-05
1198	1.0357691060537907e-05
1199	8.653541852038051e-06
1200	7.218726252922632e-06
1201	6.012603928414616e-06
1202	5.0003406988396615e-06
1203	4.152132531756777e-06
1204	3.442524758215873e-06
1205	2.8498161325999537e-06
1206	2.3555382921841383e-06
1207	1.9440020535834173e-06
1208	1.6019028074381943e-06
1209	1.3179780397248037e-06
1210	1.0827107184993125e-06
1211	8.880729398663387e-07
1212	7.273048282205398e-07
1213	5.947242354624063e-07
1214	4.855632843817826e-07
1215	3.958282553963255e-07
1216	3.2217972613905613e-07
1217	2.6183024290081143e-07
1218	2.1245713456570916e-07
1219	1.721283763240797e-07
1220	1.3923967494093357e-07
1221	1.1246118244138078e-07
1222	9.069245337606811e-08
1223	7.302444484691851e-08
1224	5.870752056019565e-08
1225	4.7124562533243695e-08
1226	3.776841876158598e-08
1227	3.022302404759626e-08
1228	2.414762604058365e-08
1229	1.9263630931534282e-08
1230	1.5343654630963227e-08
1231	1.2202426945606698e-08
1232	9.68924944012253e-09
1233	7.681753383761205e-09
1234	6.080743386889073e-09
1235	4.805945872277535e-09
1236	3.792510149946154e-09
1237	2.9881342338785847e-09
1238	2.350708237049877e-09
1239	1.8463857196104474e-09
1240	1.4480081914448842e-09
1241	1.1338204750652561e-09
1242	8.864251572905461e-10
1243	6.919331925244473e-10
1244	5.392751207981608e-10
1245	4.1964354901310054e-10
1246	3.2604270204828456e-10
1247	2.5292514265740766e-10
1248	1.958993229471999e-10
1249	1.5149458288813677e-10
1250	1.1697265231021048e-10
1251	9.017672652142885e-11
1252	6.941084332390411e-11
1253	5.334365085843506e-11
1254	4.0931771879270944e-11
1255	3.1358883089048665e-11
1256	2.398737346726497e-11
1257	1.8320052655928805e-11
1258	1.3969874020628128e-11
1259	1.063603740827649e-11
1260	8.085160792632593e-12
1261	6.136471916453231e-12
1262	4.650182231587376e-12
1263	3.5183753865518935e-12
1264	2.6578789956583998e-12
1265	2.004697814923102e-12
1266	1.5096739516956914e-12
1267	1.1351095886665928e-12
1268	8.521433579626558e-13
1269	6.387157562800388e-13
1270	4.779941134887653e-13
1271	3.571554455385827e-13
1272	2.664475135014478e-13
1273	1.9846576119317385e-13
1274	1.4759746673565511e-13
1275	1.0959518168595098e-13
1276	8.124995478994201e-14
1277	6.014143235644159e-14
1278	4.444708073867411e-14
1279	3.2796795833216824e-14
1280	2.4162293463459813e-14
1281	1.777310566190888e-14
1282	1.3052893254272467e-14
1283	9.571244535322868e-15
1284	7.007257340907214e-15
1285	5.122071296568121e-15
1286	3.7381862588342024e-15
1287	2.723917113210609e-15
1288	1.9817293565261256e-15
1289	1.4395016616325274e-15
1290	1.0439921693898098e-15
1291	7.559610601277536e-16
1292	5.465357735315818e-16
1293	3.945069133784851e-16
1294	2.843199733090208e-16
1295	2.0458638110626005e-16
1296	1.469814549487551e-16
1297	1.0543012165456997e-16
1298	7.550628267879324e-17
1299	5.399052629737011e-17
1300	3.854499510214913e-17
1301	2.7474782590130423e-17
1302	1.955312801128563e-17
1303	1.3893568466789657e-17
1304	9.856593011343679e-18
1305	6.981603394105818e-18
1306	4.9374047269512655e-18
1307	3.4862406441648376e-18
1308	2.4577117633648307e-18
1309	1.7298934800758207e-18
1310	1.215688972137848e-18
1311	8.529825925018583e-19
1312	5.975473291919671e-19
1313	4.179446549295301e-19
1314	2.918632673592279e-19
1315	2.0349520371850685e-19
1316	1.4165857289807405e-19
1317	9.845672107977644e-20
1318	6.832215709231289e-20
1319	4.733597644437844e-20
1320	3.274421277842325e-20
1321	2.26147131896323e-20
1322	1.5594117597285806e-20
1323	1.073602686431851e-20
1324	7.379710262957971e-21
1325	5.064631397528107e-21
1326	3.470316282580279e-21
1327	2.3741208860474108e-21
1328	1.621619760188194e-21
1329	1.1058787871861153e-21
1330	7.529709133324699e-22
1331	5.118714618231299e-22
1332	3.474205875644525e-22
1333	2.354300913987226e-22
1334	1.5928689646337833e-22
1335	1.075993528489328e-22
1336	7.256892134976442e-23
1337	4.8865567461681953e-23
1338	3.2852344248989583e-23
1339	2.2051634880165372e-23
1340	1.477835516977174e-23
1341	9.888311844653761e-24
1342	6.605851777293522e-24
1343	4.4060150842170704e-24
1344	2.934090375266733e-24
1345	1.9507931122400362e-24
1346	1.2949679712372788e-24
1347	8.582558927341509e-25
1348	5.679163612352474e-25
1349	3.751989831806161e-25
1350	2.474847688436411e-25
1351	1.6298390357848795e-25
1352	1.0716432560056497e-25
1353	7.035012931490681e-26
1354	4.610930471360774e-26
1355	3.0173182446083713e-26
1356	1.9713439244767273e-26
1357	1.2859150396443191e-26
1358	8.374726089786851e-27
1359	5.44549379737662e-27
1360	3.535184667717845e-27
1361	2.2913687396792877e-27
1362	1.4828108808664654e-27
1363	9.5804146334366e-28
1364	6.180028336305446e-28
1365	3.98019276059677e-28
1366	2.559322887068244e-28
1367	1.643059340422778e-28
1368	1.0531457191619289e-28
1369	6.739545211686995e-29
1370	4.3060540539041187e-29
1371	2.746850228630169e-29
1372	1.749431550878044e-29
1373	1.1124109484725043e-29
1374	7.062195457892441e-30
1375	4.4763109079682555e-30
1376	2.8327394928085854e-30
1377	1.7897763567077176e-30
1378	1.1290066042832288e-30
1379	7.110491718453417e-31
1380	4.471035046123638e-31
1381	2.8068658007037937e-31
1382	1.759301238217479e-31
1383	1.1009398705325983e-31
1384	6.878467208524961e-32
1385	4.290661651664142e-32
1386	2.6721524931647174e-32
1387	1.661507959866768e-32
1388	1.0314488031500392e-32
1389	6.392884128077901e-33
1390	3.955940395492712e-33
1391	2.4440283467901626e-33
1392	1.5075307269812946e-33
1393	9.283877112014056e-34
1394	5.70815438274223e-34
1395	3.50400724052608e-34
1396	2.1475193005356327e-34
1397	1.3140497003627103e-34
1398	8.027660188208003e-35
1399	4.896305188729207e-35
1400	2.981605122794735e-35
1401	1.8127326407624613e-35
1402	1.1003204935510653e-35
1403	6.66816443836131e-36
1404	4.034547997300519e-36
1405	2.4371642046630043e-36
1406	1.4698595778281252e-36
1407	8.850501607308843e-37
1408	5.32060156125725e-37
1409	3.1934067100130844e-37
1410	1.9135869581337644e-37
1411	1.144833878707265e-37
1412	6.838122437906025e-38
1413	4.0778498326841883e-38
1414	2.427869657712695e-38
1415	1.443175390262345e-38
1416	8.564702739693771e-39
1417	5.074634069727207e-39
1418	3.001900184684446e-39
1419	1.7729099062387056e-39
1420	1.0453839063542456e-39
1421	6.154085107228294e-40
1422	3.617008680720559e-40
1423	2.122432016874758e-40
1424	1.243414788492194e-40
1425	7.272706956177818e-41
1426	4.2469171241012115e-41
1427	2.4759902876309893e-41
1428	1.441190384584915e-41
1429	8.375116519240288e-42
1430	4.859115881168402e-42
1431	2.814623853852264e-42
1432	1.627721098324121e-42
1433	9.398011105390513e-43
1434	5.4173645005987965e-43
1435	3.1177128515715032e-43
1436	1.7913478609026167e-43
1437	1.02758868640284e-43
1438	5.885103079389089e-44
1439	3.364991839588377e-44
1440	1.9209185180468292e-44
1441	1.0947845556266066e-44
1442	6.229353481286346e-45
1443	3.538764694476952e-45
1444	2.0070333775716663e-45
1445	1.1364530643307249e-45
1446	6.4245425946454e-46
1447	3.625989320240992e-46
1448	2.0431686943224683e-46
1449	1.1494104079083473e-46
1450	6.45563572404521e-47
1451	3.6198926700870854e-47
1452	2.0264922775272964e-47
1453	1.132626158651553e-47
1454	6.320048202493575e-48
1455	3.520838900533016e-48
1456	1.9582298609521072e-48
1457	1.0873584291862883e-48
1458	6.027998189858597e-49
1459	3.3362963514683214e-49
1460	1.843516524865258e-49
1461	1.016998103053069e-49
1462	5.601234177873519e-50
1463	3.0799068483645474e-50
1464	1.690758115533092e-50
1465	9.266488917094074e-51
1466	5.070357170138151e-51
1467	2.769818360248426e-51
1468	1.5106129379085666e-51
1469	8.225154476051998e-52
1470	4.471195479150804e-52
1471	2.426564055997712e-52
1472	1.3147650403820474e-52
1473	7.112013873543966e-53
1474	3.840828159571458e-53
1475	2.070831520521059e-53
1476	1.1146846918799532e-53
1477	5.990270842067916e-54
1478	3.213866281115566e-54
1479	1.7214556538699647e-54
1480	9.205562610231846e-55
1481	4.914632644071712e-55
1482	2.6194962474300883e-55
1483	1.3938956432777176e-55
1484	7.40505461224034e-56
1485	3.9274580925813673e-56
1486	2.0796004606350443e-56
1487	1.0993426151752599e-56
1488	5.801907434402482e-57
1489	3.056981858295832e-57
1490	1.6080480412656902e-57
1491	8.444793363469446e-58
1492	4.4275415110204035e-58
1493	2.3174993357001652e-58
1494	1.211043413090078e-58
1495	6.31804443410478e-59
1496	3.2906997871157655e-59
1497	1.7111032847855239e-59
1498	8.882726946618012e-60
1499	4.6036073436134404e-60
1500	2.381945714308398e-60
1501	1.2304013970326837e-60
1502	6.345164545267057e-61
1503	3.266779523869775e-61
1504	1.6791031162058337e-61
1505	8.616189870555924e-62
1506	4.4140093249868745e-62
1507	2.2575171881176944e-62
1508	1.1526792060898895e-62
1509	5.875775103910347e-63
1510	2.9902047135024645e-63
1511	1.5192018011218913e-63
1512	7.705636805439779e-64
1513	3.90193349155469e-64
1514	1.9725552766197647e-64
1515	9.955342980768004e-65
1516	5.016036963934806e-65
1517	2.5231462050438404e-65
1518	1.2670712058299595e-65
1519	6.352377102326261e-66
1520	3.179419940744801e-66
1521	1.5886770220295557e-66
1522	7.924997938433202e-67
1523	3.9467375624852694e-67
1524	1.962242195126582e-67
1525	9.739618895955302e-68
1526	4.826207935759987e-68
1527	2.3875063062289406e-68
1528	1.1791177465802054e-68
1529	5.81358052289605e-69
1530	2.861566167702736e-69
1531	1.4061679396959817e-69
1532	6.898324251885076e-70
1533	3.378490814175737e-70
1534	1.6518641126778966e-70
1535	8.063025655879597e-71
1536	3.9291048894130845e-71
1537	1.9114404365625198e-71
1538	9.283231667313993e-72
1539	4.5009955815928323e-72
1540	2.1786560280375076e-72
1541	1.0527836623576461e-72
1542	5.078783441188303e-73
1543	2.4459639064401573e-73
1544	1.1760069393903352e-73
1545	5.644674648777561e-74
1546	2.7048104347799596e-74
1547	1.2939078156570043e-74
1548	6.179283478429864e-75
1549	2.946055177506891e-75
1550	1.402204322357808e-75
1551	6.662682004728598e-76
1552	3.160486359850728e-76
1553	1.4966680735398548e-76
1554	7.075603641675768e-77
1555	3.3393936289582557e-77
1556	1.5733941565839185e-77
1557	7.400702347816534e-78
1558	3.4751496514525335e-78
1559	1.6290669662667868e-78
1560	7.623754381233822e-79
1561	3.5617470017992434e-79
1562	1.661196969976805e-79
1563	7.734687325766162e-80
1564	3.595237946635984e-80
1565	1.6683049404872832e-80
1566	7.728332998710799e-81
1567	3.574032388565205e-81
1568	1.6500347042997676e-81
1569	7.604825986265163e-82
1570	3.499022698060383e-82
1571	1.607182453922946e-82
1572	7.36960507459326e-83
1573	3.37352181910004e-83
1574	1.5416392909357528e-83
1575	7.033016217210113e-84
1576	3.203020585780888e-84
1577	1.4562527666749604e-84
1578	6.609557396149792e-85
1579	2.994789016407529e-85
1580	1.3546215481933752e-85
1581	6.116842205612381e-86
1582	2.757361947143031e-86
1583	1.240843853054145e-86
1584	5.574385451666834e-87
1585	2.499959731454673e-87
1586	1.1192441549788006e-87
1587	5.002327345249443e-88
1588	2.2318986917941073e-88
1589	9.941034671656529e-89
1590	4.4202118406752614e-89
1591	1.962043377583481e-89
1592	8.69416328007414e-90
1593	3.84592034523528e-90
1594	1.6983442345952748e-90
1595	7.486929386054568e-91
1596	3.2948372517239466e-91
1597	1.4474915808577188e-91
1598	6.34818546033756e-92
1599	2.7792926410702488e-92
1600	1.2147018430368082e-92
1601	5.299751093228508e-93
1602	2.3082946898509817e-93
1603	1.003636978121779e-93
1604	4.356235022219126e-94
1605	1.8875341578951674e-94
1606	8.16444800711333e-95
1607	3.525388200295444e-95
1608	1.5196192795797728e-95
1609	6.538979711273101e-96
1610	2.8088732841861754e-96
1611	1.2044835750308846e-96
1612	5.156034408136249e-97
1613	2.2033147077271357e-97
1614	9.399022130006165e-98
1615	4.002522958348164e-98
1616	1.7014908562675528e-98
1617	7.220539393378105e-99
1618	3.0588170532552427e-99
1619	1.2935428084272208e-99
1620	5.460735641960949e-100
1621	2.3012518107330746e-100
1622	9.680981198743276e-101
1623	4.065523261279702e-101
1624	1.7043349888833986e-101
1625	7.13238043403218e-102
1626	2.9795773451036586e-102
1627	1.2425533427328288e-102
1628	5.172675394679993e-103
1629	2.1495858904672043e-103
1630	8.917299652219882e-104
1631	3.692754915432982e-104
1632	1.5265314619093482e-104
1633	6.2993939253107e-105
1634	2.594950567991266e-105
1635	1.06707834135346e-105
1636	4.380261039431089e-106
1637	1.7948978163676417e-106
1638	7.342011988032702e-107
1639	2.997958706556257e-107
1640	1.2219993456487378e-107
1641	4.97222347848414e-108
1642	2.019594667897441e-108
1643	8.1886303598567345e-109
1644	3.314296523582615e-109
1645	1.3390724099894988e-109
1646	5.400686054459073e-110
1647	2.174330375858858e-110
1648	8.738430257438725e-111
1649	3.5056791391880604e-111
1650	1.4039166006570946e-111
1651	5.612294014597752e-112
1652	2.239592649055598e-112
1653	8.921270700853375e-113
1654	3.5474233250585006e-113
1655	1.4080804908754413e-113
1656	5.579170795623303e-114
1657	2.2066786281492564e-114
1658	8.712350153648406e-115
1659	3.4336648065833148e-115
1660	1.3508476020678982e-115
1661	5.304937084263771e-116
1662	2.0795965044587048e-116
1663	8.137713866928664e-117
1664	3.17870175416958e-117
1665	1.2394263066080928e-117
1666	4.8240825475568536e-118
1667	1.8742666321742199e-118
1668	7.268924627176477e-119
1669	2.814042374848936e-119
1670	1.0874575166197275e-119
1671	4.194833115742412e-120
1672	1.61524095851284e-120
1673	6.2084002993804515e-121
1674	2.381997946078121e-121
1675	9.122667557509212e-122
1676	3.48755145427934e-122
1677	1.3308748548066684e-122
1678	5.0695702694246085e-123
1679	1.9276221814232344e-123
1680	7.31625831459993e-124
1681	2.7718645180162528e-124
1682	1.0482631626656559e-124
1683	3.957159067949905e-125
1684	1.491114696789793e-125
1685	5.608573950397435e-126
1686	2.105751914441091e-126
1687	7.891777034614005e-127
1688	2.952261011424218e-127
1689	1.1024185919800337e-127
1690	4.109127619015566e-128
1691	1.5288452945859491e-128
1692	5.677900126113038e-129
1693	2.104852841944443e-129
1694	7.78870025477487e-130
1695	2.8768484674479258e-130
1696	1.0606624790241002e-130
1697	3.9034185774912554e-131
1698	1.433904469138417e-131
1699	5.257774552327621e-132
1700	1.9243755104251572e-132
1701	7.030452397154899e-133
1702	2.5637860464424938e-133
1703	9.33221659506525e-134
1704	3.3907192141181064e-134
1705	1.229708836205222e-134
1706	4.4515952417978015e-135
1707	1.6085383260942566e-135
1708	5.801616012591462e-136
1709	2.0886603766877084e-136
1710	7.505634407248344e-137
1711	2.6921990552710846e-137
1712	9.63887969807178e-138
1713	3.444649440655803e-138
1714	1.2287457390718077e-138
1715	4.3749892025247334e-139
1716	1.5548530643227264e-139
1717	5.515673740880826e-140
1718	1.953008208696834e-140
1719	6.902482077576433e-141
1720	2.4350151043600422e-141
1721	8.574180374724596e-142
1722	3.0135443348086103e-142
1723	1.0571971793151848e-142
1724	3.701922075445229e-143
1725	1.2938705844599234e-143
1726	4.513839549638991e-144
1727	1.5717827781485427e-144
1728	5.462978387116321e-145
1729	1.8952059097234487e-145
1730	6.562551099382428e-146
1731	2.268181385286896e-146
1732	7.824760664521501e-147
1733	2.6943372009989003e-147
1734	9.260188802235903e-148
1735	3.176684964272085e-148
1736	1.0877128681580972e-148
1737	3.717402591115451e-149
1738	1.2680884201458976e-149
1739	4.31761067925202e-150
1740	1.4673064190737593e-150
1741	4.97715243136222e-151
1742	1.6850905394215494e-151
1743	5.694388576334714e-152
1744	1.9206662407591574e-152
1745	6.46601983813778e-153
1746	2.1727105266412256e-153
1747	7.286949969434727e-154
1748	2.4393165698791343e-154
1749	8.150202062050517e-155
1750	2.717977073978431e-155
1751	9.04689967110249e-156
1752	3.0055897249867253e-156
1753	9.966322201726036e-157
1754	3.298487285025804e-157
1755	1.0896041032234228e-157
1756	3.592493808035326e-158
1757	1.1822139085241864e-158
1758	3.883007163437764e-159
1759	1.2729512184570118e-159
1760	4.165106601539708e-160
1761	1.3602245796001828e-160
1762	4.433682572628044e-161
1763	1.4424055945566038e-161
1764	4.683584521792391e-162
1765	1.5178778577093565e-162
1766	4.909781032738138e-163
1767	1.5850887698021173e-163
1768	5.1075255940087384e-164
1769	1.6426019696234141e-164
1770	5.27252050699301e-165
1771	1.6891479468892962e-165
1772	5.4010711235019927e-166
1773	1.7236703687606727e-166
1774	5.490222740131969e-167
1775	1.7453657734305406e-167
1776	5.537873101546325e-168
1777	1.7537145566586802e-168
1778	5.542854552587229e-169
1779	1.7485015879449887e-169
1780	5.504981370309224e-170
1781	1.729825317960873e-170
1782	5.425059608963928e-171
1783	1.6980948441359193e-171
1784	5.30485878480236e-172
1785	1.6540150462476897e-172
1786	5.147046777626689e-173
1787	1.5985605442666228e-173
1788	4.955091291131745e-174
1789	1.5329398224297752e-174
1790	4.7331329593530026e-175
1791	1.4585513662815403e-175
1792	4.485836594687662e-176
1793	1.3769340401000888e-176
1794	4.218228053983229e-177
1795	1.289714167473329e-177
1796	3.9355246973380646e-178
1797	1.1985518561150177e-178
1798	3.6429674119490916e-179
1799	1.1050890298696738e-179
1800	3.3456616912459062e-180
1801	1.0109014085438877e-180
1802	3.048434353524306e-181
1803	9.174563322246573e-182
1804	2.7557112390015325e-182
1805	8.260778914890106e-183
1806	2.4714197447348896e-183
1807	7.379203336429094e-184
1808	2.1989184586879695e-184
1809	6.539502048377084e-185
1810	1.9409545532760027e-185
1811	5.749371941506421e-186
1812	1.699648101732525e-186
1813	5.014531998211304e-187
1814	1.4765011773428692e-187
1815	4.3387876476273055e-188
1816	1.2724285529666587e-188
1817	3.72415745378888e-189
1818	1.0878060773849039e-189
1819	3.171048933629416e-190
1820	9.225323803784908e-191
1821	2.6784694512927945e-191
1822	7.760994398949497e-192
1823	2.2442582108526293e-192
1824	6.476677009966724e-193
1825	1.86532624521593e-193
1826	5.3614182048508775e-194
1827	1.5378928077754437e-194
1828	4.402436660853082e-195
1829	1.2577085260436213e-195
1830	3.585798636945816e-196
1831	1.0202578796993949e-196
1832	2.8970190059115336e-197
1833	8.209358376413895e-198
1834	2.3215750266039186e-198
1835	6.551956723591793e-199
1836	1.8453266475436617e-199
1837	5.1866694041927976e-200
1838	1.4548429152912032e-200
1839	4.072442871378834e-201
1840	1.1376387961807877e-201
1841	3.171490507953983e-202
1842	8.823303033545107e-203
1843	2.4496659059874685e-203
1844	6.78718249095169e-204
1845	1.876628556891769e-204
1846	5.178122935619834e-205
1847	1.4258398493713329e-205
1848	3.918073731260786e-206
1849	1.074427293621833e-206
1850	2.9402423920505286e-207
1851	8.02952792312743e-208
1852	2.1882491199168926e-208
1853	5.95117166161495e-209
1854	1.6151254055923752e-209
1855	4.374285871844088e-210
1856	1.1822363313584175e-210
1857	3.1885758127459044e-211
1858	8.581902503943434e-212
1859	2.304962487888248e-212
1860	6.17784025059452e-213
1861	1.652346326144452e-213
1862	4.410178226293756e-214
1863	1.1746295398749376e-214
1864	3.1220112835786445e-215
1865	8.280486308709205e-216
1866	2.1916141354436693e-216
1867	5.78839636985833e-217
1868	1.525588458506298e-217
1869	4.0123658704042087e-218
1870	1.0530444339961047e-218
1871	2.757877261414811e-219
1872	7.20749362706728e-220
1873	1.879635852100027e-220
1874	4.891502886384388e-221
1875	1.2702495979117837e-221
1876	3.291644989416439e-222
1877	8.511637007338424e-223
1878	2.1962834352185065e-223
1879	5.655068470057855e-224
1880	1.4529830147834292e-224
1881	3.7252497181271294e-225
1882	9.530625793361828e-226
1883	2.4330868247426715e-226
1884	6.1981622606846345e-227
1885	1.5755652758956947e-227
1886	3.996473716507284e-228
1887	1.0115412424288744e-228
1888	2.5547903617622123e-229
1889	6.438592646112298e-230
1890	1.6191593622740578e-230
1891	4.0630312625731754e-231
1892	1.0173528537016864e-231
1893	2.5418673045257943e-232
1894	6.337134292202512e-233
1895	1.5764879478800525e-233
1896	3.913317138490684e-234
1897	9.69292858460167e-235
1898	2.3956285910998013e-235
1899	5.907957919758634e-236
1900	1.4538099954550737e-236
1901	3.56967908961571e-237
1902	8.745826948565257e-238
1903	2.1380687805724044e-238
1904	5.215434024923503e-239
1905	1.2694223222301286e-239
1906	3.082957887401475e-240
1907	7.470913903293341e-241
1908	1.806439558821391e-241
1909	4.358284594019916e-242
1910	1.0491777271631534e-242
1911	2.520128804917704e-243
1912	6.039979761630768e-244
1913	1.4443956206917958e-244
1914	3.4464631397304753e-245
1915	8.205343469839796e-246
1916	1.9491909939597996e-246
1917	4.620036204833566e-247
1918	1.092618517670592e-247
1919	2.5782365927723103e-248
1920	6.07025376829428e-249
1921	1.4260003230873337e-249
1922	3.3424115483991187e-250
1923	7.816756177483357e-251
1924	1.8239728389335048e-251
1925	4.246529432937296e-252
1926	9.864445713897719e-253
1927	2.2862978851529116e-253
1928	5.287048790895288e-254
1929	1.2198684261123883e-254
1930	2.808216711238971e-255
1931	6.450078315806437e-256
1932	1.4781376322138574e-256
1933	3.379707000094019e-257
1934	7.710033912550812e-258
1935	1.7548716129351913e-258
1936	3.985152925703363e-259
1937	9.029297667177355e-260
1938	2.0411317330064222e-260
1939	4.603571871654488e-261
1940	1.035915637803423e-261
1941	2.3257238813154054e-262
1942	5.209486856660949e-263
1943	1.1642158182199716e-263
1944	2.595807712298597e-264
1945	5.774451369985369e-265
1946	1.2815832827196165e-265
1947	2.8377853226095704e-266
1948	6.26913380915586e-267
1949	1.3817501832255742e-267
1950	3.038394767898739e-268
1951	6.665768519546439e-269
1952	1.4589697689377285e-269
1953	3.1858921252353316e-270
1954	6.940699060566338e-271
1955	1.5085558652165448e-271
1956	3.2711787161625007e-272
1957	7.076695137319161e-273
1958	1.527350413160617e-273
1959	3.2887246301737417e-274
1960	7.064730388773519e-275
1961	1.5140546782233146e-275
1962	3.237159019617541e-276
1963	6.904967396279718e-277
1964	1.4693760796417746e-277
1965	3.119440015655613e-278
1966	6.6068013935708566e-279
1967	1.3959677899854583e-279
1968	2.9425758381221775e-280
1969	6.187947702078081e-281
1970	1.298167952839655e-281
1971	2.7169333353406e-282
1972	5.672695797814704e-283
1973	1.1815741457641798e-283
1974	2.4552289077744794e-284
1975	5.0895697330701116e-285
1976	1.0525112840411686e-285
1977	2.1713388238159743e-286
1978	4.4687093472499025e-287
1979	9.174635400440109e-288
1980	1.8790841606935164e-288
1981	3.839307257627279e-289
1982	7.825412358360844e-290
1983	1.5911378789171323e-290
1984	3.227402336573744e-291
1985	6.530427300567438e-292
1986	1.3181710293024568e-292
1987	2.6542514955869074e-293
1988	5.331519336245118e-294
1989	1.0683092149919568e-294
1990	2.135396272135131e-295
1991	4.2578852289015346e-296
1992	8.469189005327253e-297
1993	1.680430419441886e-297
1994	3.3260479407788086e-298
1995	6.566956716679534e-299
1996	1.2933792629212438e-299
1997	2.541043668504984e-300
1998	4.979907281895669e-301
1999	9.735352241138956e-302
2000	1.898461309555697e-302
2001	3.69291980942959e-303
2002	7.165630655230804e-304
2003	1.3869274365730665e-304
2004	2.6777263623698405e-305
2005	5.156916885770497e-306
2006	9.90658326245295e-307
2007	1.8983042271405925e-307
2008	3.6283921715830123e-308
2009	6.91779093586133e-309
2010	1.31559968908705e-309
2011	2.49563756269336e-310
2012	4.722141372815e-311
2013	8.912395809646e-312
2014	1.67782336667e-312
2015	3.15059498686e-313
2016	5.9010833713e-314
2017	1.1024579057e-314
2018	2.05438401e-315
2019	3.8184651e-316
2020	7.079162e-317
2021	1.309058e-317
2022	2.41445e-318
2023	4.4418e-319
2024	8.1506e-320
2025	1.4916e-320
2026	2.72e-321
2027	4.94e-322
2028	9e-323
2029	1.5e-323
2030	5e-324
2031	0.0
2032	0.0
2033	0.0
2034	0.0
2035	0.0
2036	0.0
2037	0.0
2038	0.0
2039	0.0
2040	0.0
2041	0.0
2042	0.0
2043	0.0
2044	0.0
2045	0.0
2046	0.0
2047	0.0
2048	0.0
2049	0.0
2050	0.0
2051	0.0
2052	0.0
2053	0.0
2054	0.0
2055	0.0
2056	0.0
2057	0.0
2058	0.0
2059	0.0
2060	0.0
2061	0.0
2062	0.0
2063	0.0
2064	0.0
2065	0.0
2066	0.0
2067	0.0
2068	0.0
2069	0.0
2070	0.0
2071	0.0
2072	0.0
2073	0.0
2074	0.0
2075	0.0
2076	0.0
2077	0.0
2078	0.0
2079	0.0
2080	0.0
2081	0.0
2082	0.0
2083	0.0
2084	0.0
2085	0.0
2086	0.0
2087	0.0
2088	0.0
2089	0.0
2090	0.0
2091	0.0
2092	0.0
2093	0.0
2094	0.0
2095	0.0
2096	0.0
2097	0.0
2098	0.0
2099	0.0
2100	0.0
2101	0.0
2102	0.0
2103	0.0
2104	0.0
2105	0.0
2106	0.0
2107	0.0
2108	0.0
2109	0.0
2110	0.0
2111	0.0
2112	0.0
2113	0.0
2114	0.0
2115	0.0
2116	0.0
2117	0.0
2118	0.0
2119	0.0
2120	0.0
2121	0.0
2122	0.0
2123	0.0
2124	0.0
2125	0.0
2126	0.0
2127	0.0
2128	0.0
2129	0.0
2130	0.0
2131	0.0
2132	0.0
2133	0.0
2134	0.0
2135	0.0
2136	0.0
2137	0.0
2138	0.0
2139	0.0
2140	0.0
2141	0.0
2142	0.0
2143	0.0
2144	0.0
2145	0.0
2146	0.0
2147	0.0
2148	0.0
2149	0.0
2150	0.0
2151	0.0
2152	0.0
2153	0.0
2154	0.0
2155	0.0
2156	0.0
2157	0.0
2158	0.0
2159	0.0
2160	0.0
2161	0.0
2162	0.0
2163	0.0
2164	0.0
2165	0.0
2166	0.0
2167	0.0
2168	0.0
2169	0.0
2170	0.0
2171	0.0
2172	0.0
2173	0.0
2174	0.0
2175	0.0
2176	0.0
2177	0.0
2178	0.0
2179	0.0
2180	0.0
2181	0.0
2182	0.0
2183	0.0
2184	0.0
2185	0.0
2186	0.0
2187	0.0
2188	0.0
2189	0.0
2190	0.0
2191	0.0
2192	0.0
2193	0.0
2194	0.0
2195	0.0
2196	0.0
2197	0.0
2198	0.0
2199	0.0
2200	0.0
2201	0.0
2202	0.0
2203	0.0
2204	0.0
2205	0.0
2206	0.0
2207	0.0
2208	0.0
2209	0.0
2210	0.0
2211	0.0
2212	0.0
2213	0.0
2214	0.0
2215	0.0
2216	0.0
2217	0.0
2218	0.0
2219	0.0
2220	0.0
2221	0.0
2222	0.0
2223	0.0
2224	0.0
2225	0.0
2226	0.0
2227	0.0
2228	0.0
2229	0.0
2230	0.0
2231	0.0
2232	0.0
2233	0.0
2234	0.0
2235	0.0
2236	0.0
2237	0.0
2238	0.0
2239	0.0
2240	0.0
2241	0.0
2242	0.0
2243	0.0
2244	0.0
2245	0.0
2246	0.0
2247	0.0
2248	0.0
2249	0.0
2250	0.0
2251	0.0
2252	0.0
2253	0.0
2254	0.0
2255	0.0
2256	0.0
2257	0.0
2258	0.0
2259	0.0
2260	0.0
2261	0.0
2262	0.0
2263	0.0
2264	0.0
2265	0.0
2266	0.0
2267	0.0
2268	0.0
2269	0.0
2270	0.0
2271	0.0
2272	0.0
2273	0.0
2274	0.0
2275	0.0
2276	0.0
2277	0.0
2278	0.0
2279	0.0
2280	0.0
2281	0.0
2282	0.0
2283	0.0
2284	0.0
2285	0.0
2286	0.0
2287	0.0
2288	0.0
2289	0.0
2290	0.0
2291	0.0
2292	0.0
2293	0.0
2294	0.0
2295	0.0
2296	0.0
2297	0.0
2298	0.0
2299	0.0
2300	0.0
2301	0.0
2302	0.0
2303	0.0
2304	0.0
2305	0.0
2306	0.0
2307	0.0
2308	0.0
2309	0.0
2310	0.0
2311	0.0
2312	0.0
2313	0.0
2314	0.0
2315	0.0
2316	0.0
2317	0.0
2318	0.0
2319	0.0
2320	0.0
2321	0.0
2322	0.0
2323	0.0
2324	0.0
2325	0.0
2326	0.0
2327	0.0
2328	0.0
2329	0.0
2330	0.0
2331	0.0
2332	0.0
2333	0.0
2334	0.0
2335	0.0
2336	0.0
2337	0.0
2338	0.0
2339	0.0
2340	0.0
2341	0.0
2342	0.0
2343	0.0
2344	0.0
2345	0.0
2346	0.0
2347	0.0
2348	0.0
2349	0.0
2350	0.0
2351	0.0
2352	0.0
2353	0.0
2354	0.0
2355	0.0
2356	0.0
2357	0.0
2358	0.0
2359	0.0
2360	0.0
2361	0.0
2362	0.0
2363	0.0
2364	0.0
2365	0.0
2366	0.0
2367	0.0
2368	0.0
2369	0.0
2370	0.0
2371	0.0
2372	0.0
2373	0.0
2374	0.0
2375	0.0
2376	0.0
2377	0.0
2378	0.0
2379	0.0
2380	0.0
2381	0.0
2382	0.0
2383	0.0
2384	0.0
2385	0.0
2386	0.0
2387	0.0
2388	0.0
2389	0.0
2390	0.0
2391	0.0
2392	0.0
2393	0.0
2394	0.0
2395	0.0
2396	0.0
2397	0.0
2398	0.0
2399	0.0
2400	0.0
2401	0.0
2402	0.0
2403	0.0
2404	0.0
2405	0.0
2406	0.0
2407	0.0
2408	0.0
2409	0.0
2410	0.0
2411	0.0
2412	0.0
2413	0.0
2414	0.0
2415	0.0
2416	0.0
2417	0.0
2418	0.0
2419	0.0
2420	0.0
2421	0.0
2422	0.0
2423	0.0
2424	0.0
2425	0.0
2426	0.0
2427	0.0
2428	0.0
2429	0.0
2430	0.0
2431	0.0
2432	0.0
2433	0.0
2434	0.0
2435	0.0
2436	0.0
2437	0.0
2438	0.0
2439	0.0
2440	0.0
2441	0.0
2442	0.0
2443	0.0
2444	0.0
2445	0.0
2446	0.0
2447	0.0
2448	0.0
2449	0.0
2450	0.0
2451	0.0
2452	0.0
2453	0.0
2454	0.0
2455	0.0
2456	0.0
2457	0.0
2458	0.0
2459	0.0
2460	0.0
2461	0.0
2462	0.0
2463	0.0
2464	0.0
2465	0.0
2466	0.0
2467	0.0
2468	0.0
2469	0.0
2470	0.0
2471	0.0
2472	0.0
2473	0.0
2474	0.0
2475	0.0
2476	0.0
2477	0.0
2478	0.0
2479	0.0
2480	0.0
2481	0.0
2482	0.0
2483	0.0
2484	0.0
2485	0.0
2486	0.0
2487	0.0
2488	0.0
2489	0.0
2490	0.0
2491	0.0
2492	0.0
2493	0.0
2494	0.0
2495	0.0
2496	0.0
2497	0.0
2498	0.0
2499	0.0
2500	0.0
