k	pvalue
0	0.9999999999955553
1	0.9999999999955553
2	0.9999999999955553
3	0.9999999999955553
4	0.9999999999955553
5	0.9999999999955553
6	0.9999999999955553
7	0.9999999999955553
8	0.9999999999955553
9	0.9999999999955553
10	0.9999999999955553
11	0.9999999999955553
12	0.9999999999955553
13	0.9999999999955553
14	0.9999999999955553
15	0.9999999999955553
16	0.9999999999955553
17	0.9999999999955553
18	0.9999999999955553
19	0.9999999999955553
20	0.9999999999955553
21	0.9999999999955553
22	0.9999999999955553
23	0.9999999999955553
24	0.9999999999955553
25	0.9999999999955553
26	0.9999999999955553
27	0.9999999999955553
28	0.9999999999955553
29	0.9999999999955553
30	0.9999999999955553
31	0.9999999999955553
32	0.9999999999955553
33	0.9999999999955553
34	0.9999999999955553
35	0.9999999999955553
36	0.9999999999955553
37	0.9999999999955553
38	0.9999999999955553
39	0.9999999999955553
40	0.9999999999955553
41	0.9999999999955553
42	0.9999999999955553
43	0.9999999999955553
44	0.9999999999955553
45	0.9999999999955553
46	0.9999999999955553
47	0.9999999999955553
48	0.9999999999955553
49	0.9999999999955553
50	0.9999999999955553
51	0.9999999999955553
52	0.9999999999955553
53	0.9999999999955553
54	0.9999999999955553
55	0.9999999999955553
56	0.9999999999955553
57	0.9999999999955553
58	0.9999999999955553
59	0.9999999999955553
60	0.9999999999955553
61	0.9999999999955553
62	0.9999999999955553
63	0.9999999999955553
64	0.9999999999955553
65	0.9999999999955553
66	0.9999999999955553
67	0.9999999999955553
68	0.9999999999955553
69	0.9999999999955553
70	0.9999999999955553
71	0.9999999999955553
72	0.9999999999955553
73	0.9999999999955553
74	0.9999999999955553
75	0.9999999999955553
76	0.9999999999955553
77	0.9999999999955553
78	0.9999999999955553
79	0.9999999999955553
80	0.9999999999955553
81	0.9999999999955553
82	0.9999999999955553
83	0.9999999999955553
84	0.9999999999955553
85	0.9999999999955553
86	0.9999999999955553
87	0.9999999999955553
88	0.9999999999955553
89	0.9999999999955553
90	0.9999999999955553
91	0.9999999999955553
92	0.9999999999955553
93	0.9999999999955553
94	0.9999999999955553
95	0.9999999999955553
96	0.9999999999955553
97	0.9999999999955553
98	0.9999999999955553
99	0.9999999999955553
100	0.9999999999955553
101	0.9999999999955553
102	0.9999999999955553
103	0.9999999999955553
104	0.9999999999955553
105	0.9999999999955553
106	0.9999999999955553
107	0.9999999999955553
108	0.9999999999955553
109	0.9999999999955553
110	0.9999999999955553
111	0.9999999999955553
112	0.9999999999955553
113	0.9999999999955553
114	0.9999999999955553
115	0.9999999999955553
116	0.9999999999955553
117	0.9999999999955553
118	0.9999999999955553
119	0.9999999999955553
120	0.9999999999955553
121	0.9999999999955553
122	0.9999999999955553
123	0.9999999999955553
124	0.9999999999955553
125	0.9999999999955553
126	0.9999999999955553
127	0.9999999999955553
128	0.9999999999955553
129	0.9999999999955553
130	0.9999999999955553
131	0.9999999999955553
132	0.9999999999955553
133	0.9999999999955553
134	0.9999999999955553
135	0.9999999999955553
136	0.9999999999955553
137	0.9999999999955553
138	0.9999999999955553
139	0.9999999999955553
140	0.9999999999955553
141	0.9999999999955553
142	0.9999999999955553
143	0.9999999999955553
144	0.9999999999955553
145	0.9999999999955553
146	0.9999999999955553
147	0.9999999999955553
148	0.9999999999955553
149	0.9999999999955553
150	0.9999999999955553
151	0.9999999999955553
152	0.9999999999955553
153	0.9999999999955553
154	0.9999999999955553
155	0.9999999999955553
156	0.9999999999955553
157	0.9999999999955553
158	0.9999999999955553
159	0.9999999999955553
160	0.9999999999955553
161	0.9999999999955553
162	0.9999999999955553
163	0.9999999999955553
164	0.9999999999955553
165	0.9999999999955553
166	0.9999999999955553
167	0.9999999999955553
168	0.9999999999955553
169	0.9999999999955553
170	0.9999999999955553
171	0.9999999999955553
172	0.9999999999955553
173	0.9999999999955553
174	0.9999999999955553
175	0.9999999999955553
176	0.9999999999955553
177	0.9999999999955553
178	0.9999999999955553
179	0.9999999999955553
180	0.9999999999955553
181	0.9999999999955553
182	0.9999999999955553
183	0.9999999999955553
184	0.9999999999955553
185	0.9999999999955553
186	0.9999999999955553
187	0.9999999999955553
188	0.9999999999955553
189	0.9999999999955553
190	0.9999999999955553
191	0.9999999999955553
192	0.9999999999955553
193	0.9999999999955553
194	0.9999999999955553
195	0.9999999999955553
196	0.9999999999955553
197	0.9999999999955553
198	0.9999999999955553
199	0.9999999999955553
200	0.9999999999955553
201	0.9999999999955553
202	0.9999999999955553
203	0.9999999999955553
204	0.9999999999955553
205	0.9999999999955553
206	0.9999999999955553
207	0.9999999999955553
208	0.9999999999955553
209	0.9999999999955553
210	0.9999999999955553
211	0.9999999999955553
212	0.9999999999955553
213	0.9999999999955553
214	0.9999999999955553
215	0.9999999999955553
216	0.9999999999955553
217	0.9999999999955553
218	0.9999999999955553
219	0.9999999999955553
220	0.9999999999955553
221	0.9999999999955553
222	0.9999999999955553
223	0.9999999999955553
224	0.9999999999955553
225	0.9999999999955553
226	0.9999999999955553
227	0.9999999999955553
228	0.9999999999955553
229	0.9999999999955553
230	0.9999999999955553
231	0.9999999999955553
232	0.9999999999955553
233	0.9999999999955553
234	0.9999999999955553
235	0.9999999999955553
236	0.9999999999955553
237	0.9999999999955553
238	0.9999999999955553
239	0.9999999999955553
240	0.9999999999955553
241	0.9999999999955553
242	0.9999999999955553
243	0.9999999999955553
244	0.9999999999955553
245	0.9999999999955553
246	0.9999999999955553
247	0.9999999999955553
248	0.9999999999955553
249	0.9999999999955553
250	0.9999999999955553
251	0.9999999999955553
252	0.9999999999955553
253	0.9999999999955553
254	0.9999999999955553
255	0.9999999999955553
256	0.9999999999955553
257	0.9999999999955553
258	0.9999999999955553
259	0.9999999999955553
260	0.9999999999955553
261	0.9999999999955553
262	0.9999999999955553
263	0.9999999999955553
264	0.9999999999955553
265	0.9999999999955553
266	0.9999999999955553
267	0.9999999999955553
268	0.9999999999955553
269	0.9999999999955553
270	0.9999999999955553
271	0.9999999999955553
272	0.9999999999955553
273	0.9999999999955553
274	0.9999999999955553
275	0.9999999999955553
276	0.9999999999955553
277	0.9999999999955553
278	0.9999999999955553
279	0.9999999999955553
280	0.9999999999955553
281	0.9999999999955553
282	0.9999999999955553
283	0.9999999999955553
284	0.9999999999955553
285	0.9999999999955553
286	0.9999999999955553
287	0.9999999999955553
288	0.9999999999955553
289	0.9999999999955553
290	0.9999999999955553
291	0.9999999999955553
292	0.9999999999955553
293	0.9999999999955553
294	0.9999999999955553
295	0.9999999999955553
296	0.9999999999955553
297	0.9999999999955553
298	0.9999999999955553
299	0.9999999999955553
300	0.9999999999955553
301	0.9999999999955553
302	0.9999999999955553
303	0.9999999999955553
304	0.9999999999955553
305	0.9999999999955553
306	0.9999999999955553
307	0.9999999999955553
308	0.9999999999955553
309	0.9999999999955553
310	0.9999999999955553
311	0.9999999999955553
312	0.9999999999955553
313	0.9999999999955553
314	0.9999999999955553
315	0.9999999999955553
316	0.9999999999955553
317	0.9999999999955553
318	0.9999999999955553
319	0.9999999999955553
320	0.9999999999955553
321	0.9999999999955553
322	0.9999999999955553
323	0.9999999999955553
324	0.9999999999955553
325	0.9999999999955553
326	0.9999999999955553
327	0.9999999999955553
328	0.9999999999955553
329	0.9999999999955553
330	0.9999999999955553
331	0.9999999999955553
332	0.9999999999955553
333	0.9999999999955553
334	0.9999999999955553
335	0.9999999999955553
336	0.9999999999955553
337	0.9999999999955553
338	0.9999999999955553
339	0.9999999999955553
340	0.9999999999955553
341	0.9999999999955553
342	0.9999999999955553
343	0.9999999999955553
344	0.9999999999955553
345	0.9999999999955553
346	0.9999999999955553
347	0.9999999999955553
348	0.9999999999955553
349	0.9999999999955553
350	0.9999999999955553
351	0.9999999999955553
352	0.9999999999955553
353	0.9999999999955553
354	0.9999999999955553
355	0.9999999999955553
356	0.9999999999955553
357	0.9999999999955553
358	0.9999999999955553
359	0.9999999999955553
360	0.9999999999955553
361	0.9999999999955553
362	0.9999999999955553
363	0.9999999999955553
364	0.9999999999955553
365	0.9999999999955553
366	0.9999999999955553
367	0.9999999999955553
368	0.9999999999955553
369	0.9999999999955553
370	0.9999999999955553
371	0.9999999999955553
372	0.9999999999955553
373	0.9999999999955553
374	0.9999999999955553
375	0.9999999999955553
376	0.9999999999955553
377	0.9999999999955553
378	0.9999999999955553
379	0.9999999999955553
380	0.9999999999955553
381	0.9999999999955553
382	0.9999999999955553
383	0.9999999999955553
384	0.9999999999955553
385	0.9999999999955553
386	0.9999999999955553
387	0.9999999999955553
388	0.9999999999955553
389	0.9999999999955553
390	0.9999999999955553
391	0.9999999999955553
392	0.9999999999955553
393	0.9999999999955553
394	0.9999999999955553
395	0.9999999999955553
396	0.9999999999955553
397	0.9999999999955553
398	0.9999999999955553
399	0.9999999999955553
400	0.9999999999955553
401	0.9999999999955553
402	0.9999999999955553
403	0.9999999999955553
404	0.9999999999955553
405	0.9999999999955553
406	0.9999999999955553
407	0.9999999999955553
408	0.9999999999955553
409	0.9999999999955553
410	0.9999999999955553
411	0.9999999999955553
412	0.9999999999955553
413	0.9999999999955553
414	0.9999999999955553
415	0.9999999999955553
416	0.9999999999955553
417	0.9999999999955553
418	0.9999999999955553
419	0.9999999999955553
420	0.9999999999955553
421	0.9999999999955553
422	0.9999999999955553
423	0.9999999999955553
424	0.9999999999955553
425	0.9999999999955553
426	0.9999999999955553
427	0.9999999999955553
428	0.9999999999955553
429	0.9999999999955553
430	0.9999999999955553
431	0.9999999999955553
432	0.9999999999955553
433	0.9999999999955553
434	0.9999999999955553
435	0.9999999999955553
436	0.9999999999955553
437	0.9999999999955553
438	0.9999999999955553
439	0.9999999999955553
440	0.9999999999955553
441	0.9999999999955553
442	0.9999999999955553
443	0.9999999999955553
444	0.9999999999955553
445	0.9999999999955553
446	0.9999999999955553
447	0.9999999999955553
448	0.9999999999955553
449	0.9999999999955553
450	0.9999999999955553
451	0.9999999999955553
452	0.9999999999955553
453	0.9999999999955553
454	0.9999999999955553
455	0.9999999999955553
456	0.9999999999955553
457	0.9999999999955553
458	0.9999999999955553
459	0.9999999999955553
460	0.9999999999955553
461	0.9999999999955553
462	0.9999999999955553
463	0.9999999999955553
464	0.9999999999955553
465	0.9999999999955553
466	0.9999999999955553
467	0.9999999999955553
468	0.9999999999955553
469	0.9999999999955553
470	0.9999999999955553
471	0.9999999999955553
472	0.9999999999955553
473	0.9999999999955553
474	0.9999999999955553
475	0.9999999999955553
476	0.9999999999955553
477	0.9999999999955553
478	0.9999999999955553
479	0.9999999999955553
480	0.9999999999955553
481	0.9999999999955553
482	0.9999999999955553
483	0.9999999999955553
484	0.9999999999955553
485	0.9999999999955553
486	0.9999999999955553
487	0.9999999999955553
488	0.9999999999955553
489	0.9999999999955553
490	0.9999999999955553
491	0.9999999999955553
492	0.9999999999955553
493	0.9999999999955553
494	0.9999999999955553
495	0.9999999999955553
496	0.9999999999955553
497	0.9999999999955553
498	0.9999999999955553
499	0.9999999999955553
500	0.9999999999955553
501	0.9999999999955553
502	0.9999999999955553
503	0.9999999999955553
504	0.9999999999955553
505	0.9999999999955553
506	0.9999999999955553
507	0.9999999999955553
508	0.9999999999955553
509	0.9999999999955553
510	0.9999999999955553
511	0.9999999999955553
512	0.9999999999955553
513	0.9999999999955553
514	0.9999999999955553
515	0.9999999999955553
516	0.9999999999955553
517	0.9999999999955553
518	0.9999999999955553
519	0.9999999999955553
520	0.9999999999955553
521	0.9999999999955553
522	0.9999999999955553
523	0.9999999999955553
524	0.9999999999955553
525	0.9999999999955553
526	0.9999999999955553
527	0.9999999999955553
528	0.9999999999955553
529	0.9999999999955553
530	0.9999999999955553
531	0.9999999999955553
532	0.9999999999955553
533	0.9999999999955553
534	0.9999999999955553
535	0.9999999999955553
536	0.9999999999955553
537	0.9999999999955553
538	0.9999999999955553
539	0.9999999999955553
540	0.9999999999955553
541	0.9999999999955553
542	0.9999999999955553
543	0.9999999999955553
544	0.9999999999955553
545	0.9999999999955553
546	0.9999999999955553
547	0.9999999999955553
548	0.9999999999955553
549	0.9999999999955553
550	0.9999999999955553
551	0.9999999999955553
552	0.9999999999955553
553	0.9999999999955553
554	0.9999999999955553
555	0.9999999999955553
556	0.9999999999955553
557	0.9999999999955553
558	0.9999999999955553
559	0.9999999999955553
560	0.9999999999955553
561	0.9999999999955553
562	0.9999999999955553
563	0.9999999999955553
564	0.9999999999955553
565	0.9999999999955553
566	0.9999999999955553
567	0.9999999999955553
568	0.9999999999955553
569	0.9999999999955553
570	0.9999999999955553
571	0.9999999999955553
572	0.9999999999955553
573	0.9999999999955553
574	0.9999999999955553
575	0.9999999999955553
576	0.9999999999955553
577	0.9999999999955553
578	0.9999999999955553
579	0.9999999999955553
580	0.9999999999955553
581	0.9999999999955553
582	0.9999999999955553
583	0.9999999999955553
584	0.9999999999955553
585	0.9999999999955553
586	0.9999999999955553
587	0.9999999999955553
588	0.9999999999955553
589	0.9999999999955553
590	0.9999999999955553
591	0.9999999999955553
592	0.9999999999955553
593	0.9999999999955553
594	0.9999999999955553
595	0.9999999999955553
596	0.9999999999955553
597	0.9999999999955553
598	0.9999999999955553
599	0.9999999999955553
600	0.9999999999955553
601	0.9999999999955553
602	0.9999999999955553
603	0.9999999999955553
604	0.9999999999955553
605	0.9999999999955553
606	0.9999999999955553
607	0.9999999999955553
608	0.9999999999955553
609	0.9999999999955553
610	0.9999999999955553
611	0.9999999999955553
612	0.9999999999955553
613	0.9999999999955553
614	0.9999999999955553
615	0.9999999999955553
616	0.9999999999955553
617	0.9999999999955553
618	0.9999999999955553
619	0.9999999999955553
620	0.9999999999955553
621	0.9999999999955553
622	0.9999999999955553
623	0.9999999999955553
624	0.9999999999955553
625	0.9999999999955553
626	0.9999999999955553
627	0.9999999999955553
628	0.9999999999955553
629	0.9999999999955553
630	0.9999999999955553
631	0.9999999999955553
632	0.9999999999955553
633	0.9999999999955553
634	0.9999999999955553
635	0.9999999999955553
636	0.9999999999955553
637	0.9999999999955553
638	0.9999999999955553
639	0.9999999999955553
640	0.9999999999955553
641	0.9999999999955553
642	0.9999999999955553
643	0.9999999999955553
644	0.9999999999955553
645	0.9999999999955553
646	0.9999999999955553
647	0.9999999999955553
648	0.9999999999955553
649	0.9999999999955553
650	0.9999999999955553
651	0.9999999999955553
652	0.9999999999955553
653	0.9999999999955553
654	0.9999999999955553
655	0.9999999999955553
656	0.9999999999955553
657	0.9999999999955553
658	0.9999999999955553
659	0.9999999999955553
660	0.9999999999955553
661	0.9999999999955553
662	0.9999999999955553
663	0.9999999999955553
664	0.9999999999955553
665	0.9999999999955553
666	0.9999999999955553
667	0.9999999999955553
668	0.9999999999955553
669	0.9999999999955553
670	0.9999999999955553
671	0.9999999999955553
672	0.9999999999955553
673	0.9999999999955553
674	0.9999999999955553
675	0.9999999999955553
676	0.9999999999955553
677	0.9999999999955553
678	0.9999999999955553
679	0.9999999999955553
680	0.9999999999955553
681	0.9999999999955553
682	0.9999999999955553
683	0.9999999999955553
684	0.9999999999955553
685	0.9999999999955553
686	0.9999999999955553
687	0.9999999999955553
688	0.9999999999955553
689	0.9999999999955553
690	0.9999999999955553
691	0.9999999999955553
692	0.9999999999955553
693	0.9999999999955553
694	0.9999999999955553
695	0.9999999999955553
696	0.9999999999955553
697	0.9999999999955553
698	0.9999999999955553
699	0.9999999999955553
700	0.9999999999955553
701	0.9999999999955553
702	0.9999999999955553
703	0.9999999999955553
704	0.9999999999955553
705	0.9999999999955553
706	0.9999999999955553
707	0.9999999999955553
708	0.9999999999955553
709	0.9999999999955553
710	0.9999999999955553
711	0.9999999999955553
712	0.9999999999955553
713	0.9999999999955553
714	0.9999999999955553
715	0.9999999999955553
716	0.9999999999955553
717	0.9999999999955553
718	0.9999999999955553
719	0.9999999999955553
720	0.9999999999955553
721	0.9999999999955553
722	0.9999999999955553
723	0.9999999999955553
724	0.9999999999955553
725	0.9999999999955553
726	0.9999999999955553
727	0.9999999999955553
728	0.9999999999955553
729	0.9999999999955553
730	0.9999999999955553
731	0.9999999999955553
732	0.9999999999955553
733	0.9999999999955553
734	0.9999999999955553
735	0.9999999999955553
736	0.9999999999955553
737	0.9999999999955553
738	0.9999999999955553
739	0.9999999999955553
740	0.9999999999955553
741	0.9999999999955553
742	0.9999999999955553
743	0.9999999999955553
744	0.9999999999955553
745	0.9999999999955553
746	0.9999999999955553
747	0.9999999999955553
748	0.9999999999955553
749	0.9999999999955553
750	0.9999999999955553
751	0.9999999999955553
752	0.9999999999955553
753	0.9999999999955553
754	0.9999999999955553
755	0.9999999999955553
756	0.9999999999955553
757	0.9999999999955553
758	0.9999999999955553
759	0.9999999999955553
760	0.9999999999955553
761	0.9999999999955553
762	0.9999999999955553
763	0.9999999999955553
764	0.9999999999955553
765	0.9999999999955553
766	0.9999999999955553
767	0.9999999999955553
768	0.9999999999955553
769	0.9999999999955553
770	0.9999999999955553
771	0.9999999999955553
772	0.9999999999955553
773	0.9999999999955553
774	0.9999999999955553
775	0.9999999999955553
776	0.9999999999955553
777	0.9999999999955553
778	0.9999999999955553
779	0.9999999999955553
780	0.9999999999955553
781	0.9999999999955553
782	0.9999999999955553
783	0.9999999999955553
784	0.9999999999955553
785	0.9999999999955553
786	0.9999999999955553
787	0.9999999999955553
788	0.9999999999955553
789	0.9999999999955553
790	0.9999999999955553
791	0.9999999999955553
792	0.9999999999955553
793	0.9999999999955553
794	0.9999999999955553
795	0.9999999999955553
796	0.9999999999955553
797	0.9999999999955553
798	0.9999999999955553
799	0.9999999999955553
800	0.9999999999955553
801	0.9999999999955553
802	0.9999999999955553
803	0.9999999999955553
804	0.9999999999955553
805	0.9999999999955553
806	0.9999999999955553
807	0.9999999999955553
808	0.9999999999955553
809	0.9999999999955553
810	0.9999999999955553
811	0.9999999999955553
812	0.9999999999955553
813	0.9999999999955553
814	0.9999999999955553
815	0.9999999999955553
816	0.9999999999955553
817	0.9999999999955553
818	0.9999999999955553
819	0.9999999999955553
820	0.9999999999955553
821	0.9999999999955553
822	0.9999999999955553
823	0.9999999999955553
824	0.9999999999955553
825	0.9999999999955553
826	0.9999999999955553
827	0.9999999999955553
828	0.9999999999955553
829	0.9999999999955553
830	0.9999999999955553
831	0.9999999999955553
832	0.9999999999955553
833	0.9999999999955553
834	0.9999999999955553
835	0.9999999999955553
836	0.9999999999955553
837	0.9999999999955553
838	0.9999999999955553
839	0.9999999999955553
840	0.9999999999955553
841	0.9999999999955553
842	0.9999999999955553
843	0.9999999999955553
844	0.9999999999955553
845	0.9999999999955553
846	0.9999999999955553
847	0.9999999999955553
848	0.9999999999955553
849	0.9999999999955553
850	0.9999999999955553
851	0.9999999999955553
852	0.9999999999955553
853	0.9999999999955553
854	0.9999999999955553
855	0.9999999999955553
856	0.9999999999955553
857	0.9999999999955553
858	0.9999999999955553
859	0.9999999999955553
860	0.9999999999955553
861	0.9999999999955553
862	0.9999999999955553
863	0.9999999999955553
864	0.9999999999955553
865	0.9999999999955553
866	0.9999999999955553
867	0.9999999999955553
868	0.9999999999955553
869	0.9999999999955553
870	0.9999999999955553
871	0.9999999999955553
872	0.9999999999955553
873	0.9999999999955553
874	0.9999999999955553
875	0.9999999999955553
876	0.9999999999955553
877	0.9999999999955553
878	0.9999999999955553
879	0.9999999999955553
880	0.9999999999955553
881	0.9999999999955553
882	0.9999999999955553
883	0.9999999999955553
884	0.9999999999955553
885	0.9999999999955553
886	0.9999999999955553
887	0.9999999999955553
888	0.9999999999955553
889	0.9999999999955552
890	0.9999999999955552
891	0.9999999999955552
892	0.9999999999955551
893	0.999999999995555
894	0.9999999999955549
895	0.9999999999955548
896	0.9999999999955544
897	0.9999999999955541
898	0.9999999999955537
899	0.999999999995553
900	0.9999999999955521
901	0.9999999999955509
902	0.9999999999955492
903	0.9999999999955469
904	0.9999999999955437
905	0.9999999999955393
906	0.9999999999955334
907	0.9999999999955252
908	0.9999999999955141
909	0.9999999999954992
910	0.9999999999954788
911	0.9999999999954513
912	0.9999999999954141
913	0.9999999999953639
914	0.9999999999952964
915	0.9999999999952056
916	0.9999999999950838
917	0.9999999999949206
918	0.9999999999947023
919	0.999999999994411
920	0.9999999999940228
921	0.9999999999935062
922	0.9999999999928202
923	0.9999999999919107
924	0.9999999999907068
925	0.9999999999891162
926	0.9999999999870179
927	0.999999999984255
928	0.999999999980623
929	0.9999999999758569
930	0.9999999999696128
931	0.9999999999614466
932	0.9999999999507848
933	0.9999999999368885
934	0.9999999999188072
935	0.9999999998953205
936	0.9999999998648648
937	0.9999999998254391
938	0.9999999997744883
939	0.9999999997087552
940	0.9999999996240951
941	0.9999999995152438
942	0.9999999993755256
943	0.9999999991964926
944	0.9999999989674708
945	0.9999999986749993
946	0.9999999983021327
947	0.9999999978275768
948	0.9999999972246213
949	0.9999999964598221
950	0.9999999954913785
951	0.9999999942671399
952	0.999999992722159
953	0.999999990775698
954	0.9999999883275701
955	0.9999999852536775
956	0.9999999814005828
957	0.9999999765789136
958	0.9999999705553684
959	0.9999999630430456
960	0.9999999536897659
961	0.9999999420640021
962	0.9999999276379581
963	0.9999999097672612
964	0.9999998876666402
965	0.9999998603808515
966	0.9999998267499994
967	0.9999997853682508
968	0.9999997345347879
969	0.9999996721956598
970	0.9999995958749853
971	0.9999995025937258
972	0.9999993887739816
973	0.9999992501264678
974	0.9999990815184905
975	0.9999988768193709
976	0.9999986287198497
977	0.999998328521539
978	0.9999979658919844
979	0.9999975285803293
980	0.9999970020879642
981	0.9999963692878645
982	0.9999956099855916
983	0.9999947004141324
984	0.9999936126539073
985	0.9999923139683494
986	0.9999907660444921
987	0.9999889241269602
988	0.999986736032674
989	0.9999841410324402
990	0.9999810685844169
991	0.9999774369032314
992	0.9999731513472891
993	0.9999681026055692
994	0.9999621646639602
995	0.9999551925299784
996	0.9999470196935488
997	0.99993745530043
998	0.9999262810138806
999	0.9999132475393021
1000	0.9998980707859016
1001	0.9998804276389358
1002	0.9998599513158515
1003	0.999836226279698
1004	0.9998087826835651
1005	0.9997770903205797
1006	0.9997405520552054
1007	0.9996984967132803
1008	0.9996501714104727
1009	0.9995947333016596
1010	0.9995312407371989
1011	0.9994586438162303
1012	0.9993757743320205
1013	0.9992813351100295
1014	0.9991738887458345
1015	0.9990518457573279
1016	0.998913452173731
1017	0.9987567765929258
1018	0.9985796967484044
1019	0.9983798856377342
1020	0.9981547972758088
1021	0.9979016521482293
1022	0.9976174224528709
1023	0.9972988172309404
1024	0.9969422675024995
1025	0.9965439115353779
1026	0.9960995803904892
1027	0.9956047839005839
1028	0.9950546972532529
1029	0.9944441483622998
1030	0.9937676062241966
1031	0.9930191704679769
1032	0.9921925623173288
1033	0.9912811171925626
1034	0.9902777791872519
1035	0.9891750976594017
1036	0.9879652261797063
1037	0.986639924079529
1038	0.9851905608384339
1039	0.9836081235451424
1040	0.9818832276564993
1041	0.98000613126618
1042	0.9779667530783417
1043	0.9757546942610714
1044	0.9733592643302754
1045	0.970769511186568
1046	0.9679742553958012
1047	0.964962128768254
1048	0.9617216172523316
1049	0.9582411081161771
1050	0.9545089413451693
1051	0.950513465135265
1052	0.9462430953119917
1053	0.9416863784531305
1054	0.9368320584403209
1055	0.931669146111618
1056	0.926186991634114
1057	0.9203753591638368
1058	0.9142245033100109
1059	0.9077252468731993
1060	0.9008690592826256
1061	0.8936481351178884
1062	0.8860554720651095
1063	0.8780849476280242
1064	0.8697313938913493
1065	0.8609906696175631
1066	0.8518597289495975
1067	0.8423366859913357
1068	0.8324208745456266
1069	0.822112902306049
1070	0.8114146988240364
1071	0.8003295566072521
1072	0.788862164748185
1073	0.7770186345335901
1074	0.7648065165452566
1075	0.7522348088301603
1076	0.739313955792699
1077	0.7260558375426784
1078	0.7124737495191281
1079	0.6985823723009082
1080	0.684397731609345
1081	0.6699371486046518
1082	0.6552191806754532
1083	0.6402635530180616
1084	0.6250910813980034
1085	0.6097235865793528
1086	0.5941838009964692
1087	0.5784952683265047
1088	0.5626822366984058
1089	0.546769546343983
1090	0.5307825125579895
1091	0.5147468048861521
1092	0.4986883235020054
1093	0.4826330737645867
1094	0.4666070399691116
1095	0.4506360593113923
1096	0.43474569708384575
1097	0.4189611241065402
1098	0.4033069973710386
1099	0.38780734483821594
1100	0.37248545528427196
1101	0.35736377403252645
1102	0.34246380534307774
1103	0.32780602215896537
1104	0.31340978382714696
1105	0.2992932623264978
1106	0.28547337744436296
1107	0.27196574124917944
1108	0.25878461211059184
1109	0.24594285842159494
1110	0.23345193208078743
1111	0.2213218516980482
1112	0.2095611953950017
1113	0.19817710298362906
1114	0.1871752872233068
1115	0.17656005377933168
1116	0.16633432943541007
1117	0.15649969804933708
1118	0.14705644368570975
1119	0.1380036003124329
1120	0.12933900740926943
1121	0.12105937080691168
1122	0.1131603280540304
1123	0.10563651759739069
1124	0.09848165105618739
1125	0.0916885878759164
1126	0.08524941165893545
1127	0.079155507487855
1128	0.073397639583448
1129	0.06796602867021838
1130	0.06285042845941556
1131	0.058040200700387325
1132	0.05352438829596137
1133	0.0492917860252662
1134	0.04533100846727655
1135	0.04163055476964444
1136	0.03817886995932871
1137	0.03496440254347318
1138	0.031975658200260805
1139	0.029201249409494097
1140	0.026629940920884644
1141	0.024250691004000628
1142	0.022052688467113096
1143	0.02002538547245331
1144	0.018158526212371354
1145	0.01644217154435881
1146	0.014866719712721155
1147	0.013422923310776429
1148	0.012101902659789445
1149	0.010895155799456243
1150	0.009794565299709363
1151	0.008792402115044045
1152	0.007881326710629402
1153	0.007054387694360735
1154	0.006305018190949934
1155	0.0056270301933818625
1156	0.0050146071238427814
1157	0.0044622948308192046
1158	0.003964991241744425
1159	0.0035179348816078973
1160	0.0031166924576084922
1161	0.002757145698487855
1162	0.0024354776248752858
1163	0.00214815841404788
1164	0.0018919310091805664
1165	0.0016637966096341558
1166	0.0014610001652907917
1167	0.0012810159845609373
1168	0.0011215335525999806
1169	0.0009804436436112883
1170	0.0008558247989821466
1171	0.0007459302314862938
1172	0.000649175204960237
1173	0.0005641249287716959
1174	0.0004894829970825971
1175	0.00042408039438688314
1176	0.0003668650810823775
1177	0.0003168921659118796
1178	0.0002733146659669853
1179	0.00023537484956552484
1180	0.00020239615265934714
1181	0.00017377565546682186
1182	0.00014897710271263116
1183	0.00012752444815143982
1184	0.00010899590190487447
1185	9.301845750450982e-05
1186	7.926287435853418e-05
1187	6.743909059799078e-05
1188	5.7292040862636225e-05
1189	4.859785351072716e-05
1190	4.116040193773867e-05
1191	3.480818512485332e-05
1192	2.9391513170431676e-05
1193	2.4779974350895117e-05
1194	2.086016117879959e-05
1195	1.7533633945708502e-05
1196	1.4715101329170656e-05
1197	1.2330798783051636e-05
1198	1.0317046597923457e-05
1199	8.618970695221812e-06
1200	7.189370390073923e-06
1201	5.987718510163224e-06
1202	4.979280381060702e-06
1203	4.134339273503853e-06
1204	3.4275169483935924e-06
1205	2.8371789257214406e-06
1206	2.344915040623368e-06
1207	1.9350867309621407e-06
1208	1.5944333250604458e-06
1209	1.3117303651853173e-06
1210	1.0774937126606257e-06
1211	8.83723835254394e-07
1212	7.236852784760983e-07
1213	5.917168717648903e-07
1214	4.830687207037996e-07
1215	3.9376249003180215e-07
1216	3.204718921648444e-07
1217	2.6042066507729396e-07
1218	2.112956546587793e-07
1219	1.7117291294634308e-07
1220	1.384549877753806e-07
1221	1.1181781414044803e-07
1222	9.016582553956851e-08
1223	7.259408729193322e-08
1224	5.8356415623875195e-08
1225	4.683858841523805e-08
1226	3.753587793629861e-08
1227	3.003424457718603e-08
1228	2.3994625216672974e-08
1229	1.9139832085265358e-08
1230	1.524364919486428e-08
1231	1.2121774943197427e-08
1232	9.624312535772651e-09
1233	7.62955546040304e-09
1234	6.038854346062348e-09
1235	4.772384981849438e-09
1236	3.765665810835654e-09
1237	2.9666975083274503e-09
1238	2.333617886553063e-09
1239	1.8327828487513945e-09
1240	1.4371988919196734e-09
1241	1.125245118666204e-09
1242	8.796332033591664e-10
1243	6.865625595059998e-10
1244	5.350353275512961e-10
1245	4.1630196340950996e-10
1246	3.2341334560049537e-10
1247	2.5085959345295864e-10
1248	1.9427933766112506e-10
1249	1.5022612435689343e-10
1250	1.1598106403111715e-10
1251	8.940284117055308e-11
1252	6.880785040033072e-11
1253	5.287458009285165e-11
1254	4.0567475136697624e-11
1255	3.107641903858015e-11
1256	2.3768717039168842e-11
1257	1.8151065894605084e-11
1258	1.3839486906757006e-11
1259	1.0535597015223002e-11
1260	8.007915138088182e-12
1261	6.077161385621156e-12
1262	4.604716745712937e-12
1263	3.48357978869751e-12
1264	2.6312926054609714e-12
1265	1.984416915477521e-12
1266	1.4942282383093312e-12
1267	1.1233654327815882e-12
1268	8.432282035974384e-13
1269	6.319591393389527e-13
1270	4.728817321562291e-13
1271	3.5329345830732776e-13
1272	2.6353483726753686e-13
1273	1.9627261537671874e-13
1274	1.4594878491837603e-13
1275	1.0835780947422531e-13
1276	8.032278737456648e-14
1277	5.944783030100716e-14
1278	4.392904811906153e-14
1279	3.241051916216041e-14
1280	2.3874729409000323e-14
1281	1.755937562140886e-14
1282	1.289429752351556e-14
1283	9.453751405960718e-15
1284	6.920355575039288e-15
1285	5.057900123595193e-15
1286	3.690876940413098e-15
1287	2.689095504524061e-15
1288	1.9561407590797422e-15
1289	1.4207284001753908e-15
1290	1.0302413476876295e-15
1291	7.459053365427708e-16
1292	5.391941209059801e-16
1293	3.891554785776825e-16
1294	2.8042555482806295e-16
1295	2.017568723884523e-16
1296	1.4492899089172255e-16
1297	1.0394371975147651e-16
1298	7.443156801748961e-17
1299	5.321473236025111e-17
1300	3.79858868124456e-17
1301	2.707249014420813e-17
1302	1.9264137042404045e-17
1303	1.3686304807949654e-17
1304	9.708184573823415e-18
1305	6.8755094457668444e-18
1306	4.861683217778006e-18
1307	3.432284043641395e-18
1308	2.419326316073757e-18
1309	1.7026297436183121e-18
1310	1.1963558977696005e-18
1311	8.392954346224458e-19
1312	5.878729641523464e-19
1313	4.1111767650978983e-19
1314	2.8705341793019337e-19
1315	2.0011197508876932e-19
1316	1.3928267293904263e-19
1317	9.679092471845343e-20
1318	6.715611925815095e-20
1319	4.6521083861617404e-20
1320	3.2175641272520497e-20
1321	2.2218647854762278e-20
1322	1.5318665806310283e-20
1323	1.0544768075197374e-20
1324	7.247125308554067e-21
1325	4.972869131399148e-21
1326	3.4069101791941646e-21
1327	2.330379247509445e-21
1328	1.5914927469524326e-21
1329	1.085162393557585e-21
1330	7.38748631794096e-22
1331	5.021233293242122e-22
1332	3.4074989995673475e-22
1333	2.3087269505217447e-22
1334	1.561783311020783e-22
1335	1.054824535428774e-22
1336	7.112966757596143e-23
1337	4.788861930874414e-23
1338	3.219027624437666e-23
1339	2.160368377702587e-23
1340	1.4475764505413115e-23
1341	9.684242710847768e-24
1342	6.4684488533337844e-24
1343	4.3136492281362716e-24
1344	2.8721000737327014e-24
1345	1.9092563335293072e-24
1346	1.2671811657497843e-24
1347	8.396974666676369e-25
1348	5.555414999500296e-25
1349	3.6696071015733395e-25
1350	2.420092077606766e-25
1351	1.593504665043564e-25
1352	1.0475717542134488e-25
1353	6.875797478897863e-26
1354	4.5057915084432436e-26
1355	2.948001435684881e-26
1356	1.925718198572049e-26
1357	1.2559318853848944e-26
1358	8.178009444951028e-27
1359	5.316638847871906e-27
1360	3.450917721217236e-27
1361	2.2363501426814678e-27
1362	1.446946956198549e-27
1363	9.347013958495965e-28
1364	6.028378363784699e-28
1365	3.8818191888848237e-28
1366	2.49561248305274e-28
1367	1.6018649546141872e-28
1368	1.026553082751933e-28
1369	6.56815722169231e-29
1370	4.1957745164981106e-29
1371	2.6760059179284634e-29
1372	1.703994467397291e-29
1373	1.0833164235748073e-29
1374	6.876197842751499e-30
1375	4.357597795288017e-30
1376	2.7570936360983914e-30
1377	1.7416518090589602e-30
1378	1.0984402839990791e-30
1379	6.9166645885009915e-31
1380	4.348324808305745e-31
1381	2.7293050905577402e-31
1382	1.7103574680635155e-31
1383	1.0701046084270974e-31
1384	6.684516055952487e-32
1385	4.1688660807852107e-32
1386	2.5957926638725454e-32
1387	1.6137118405632782e-32
1388	1.0015802305496531e-32
1389	6.206533717716646e-33
1390	3.8398649928131716e-33
1391	2.3718438536768375e-33
1392	1.4627138701169985e-33
1393	9.006076912124757e-34
1394	5.536237989837742e-34
1395	3.397789879943773e-34
1396	2.0820003249206825e-34
1397	1.2737007753393263e-34
1398	7.779581182356207e-35
1399	4.7440257992593397e-35
1400	2.888282871803997e-35
1401	1.7556344769072816e-35
1402	1.0654424729625733e-35
1403	6.455461172552045e-36
1404	3.905042257471517e-36
1405	2.3584421726696866e-36
1406	1.4220851075193754e-36
1407	8.561042207114921e-37
1408	5.145507461311734e-37
1409	3.087664757121684e-37
1410	1.8498318503467978e-37
1411	1.1064565832771524e-37
1412	6.607487365964158e-38
1413	3.9394715884209737e-38
1414	2.344979752821012e-38
1415	1.3936045019232932e-38
1416	8.26873602470563e-39
1417	4.8982131726515124e-39
1418	2.896910160481544e-39
1419	1.7105311411775212e-39
1420	1.0083826810339306e-39
1421	5.934963146430667e-40
1422	3.487456109192712e-40
1423	2.0459610872931905e-40
1424	1.1983500593059056e-40
1425	7.007571939192486e-41
1426	4.0911817735266754e-41
1427	2.384663754389147e-41
1428	1.3877220998863002e-41
1429	8.06259141912634e-42
1430	4.6767419400729987e-42
1431	2.7083736555212464e-42
1432	1.5659214993878143e-42
1433	9.039146720661201e-43
1434	5.209316421647721e-43
1435	2.9972964733138785e-43
1436	1.7217660443893068e-43
1437	9.874471340301177e-44
1438	5.653906921131934e-44
1439	3.23205205895782e-44
1440	1.844602264326102e-44
1441	1.0510457707091462e-44
1442	5.979086351137468e-45
1443	3.3958002029462057e-45
1444	1.925499205353925e-45
1445	1.0900295407789048e-45
1446	6.160652356733588e-46
1447	3.4762295460398953e-46
1448	1.9583183727957663e-46
1449	1.1014151746246829e-46
1450	6.184598553981494e-47
1451	3.4670848547994925e-47
1452	1.9404824502110263e-47
1453	1.0842939978486757e-47
1454	6.048898080823208e-48
1455	3.368970059282119e-48
1456	1.8733093369348233e-48
1457	1.0399515258936617e-48
1458	5.763784528506619e-49
1459	3.189284098038528e-49
1460	1.7618514800260483e-49
1461	9.717080216915093e-50
1462	5.350476613922904e-50
1463	2.941298672879108e-50
1464	1.6142676450356684e-50
1465	8.845074572787723e-51
1466	4.838567217117119e-51
1467	2.6425375224039862e-51
1468	1.4408356025699807e-51
1469	7.843255508812148e-52
1470	4.262523014546254e-52
1471	2.3127321064262994e-52
1472	1.2527716516217598e-52
1473	6.774952830195462e-53
1474	3.6578692637395446e-53
1475	1.9716844034966222e-53
1476	1.0610447815763782e-53
1477	5.700551700452252e-54
1478	3.0576424329493976e-54
1479	1.6373552141203377e-54
1480	8.753571603387073e-55
1481	4.672115910797783e-55
1482	2.4895888717320138e-55
1483	1.3244242693445495e-55
1484	7.034153839505312e-56
1485	3.7297660666920322e-56
1486	1.9744042925839636e-56
1487	1.043458312983627e-56
1488	5.50552075783132e-57
1489	2.900051762086332e-57
1490	1.5250950004810727e-57
1491	8.007032764372645e-58
1492	4.196909756262509e-58
1493	2.1961941428521505e-58
1494	1.14734665648105e-58
1495	5.9841319455393055e-59
1496	3.1159465612900373e-59
1497	1.61979825270794e-59
1498	8.4064703820795e-60
1499	4.3556004453730234e-60
1500	2.2530130833317343e-60
1501	1.1634841601691436e-60
1502	5.998436479407574e-61
1503	3.0874236490889726e-61
1504	1.586480381958389e-61
1505	8.138666383607046e-62
1506	4.168229182005645e-62
1507	2.1312258605146716e-62
1508	1.0878941693142253e-62
1509	5.543995183809756e-63
1510	2.820575965742448e-63
1511	1.432620811916748e-63
1512	7.264453449940772e-64
1513	3.6774993404891815e-64
1514	1.8585744589971597e-64
1515	9.377450089073525e-65
1516	4.72353051205318e-65
1517	2.3753389291493803e-65
1518	1.1925073782463042e-65
1519	5.97685773370796e-66
1520	2.9906173246512303e-66
1521	1.4939105008064803e-66
1522	7.450129964343312e-67
1523	3.7091839818673295e-67
1524	1.8436050240636947e-67
1525	9.148125053171454e-68
1526	4.531799899651031e-68
1527	2.241214898508392e-68
1528	1.1065476930098184e-68
1529	5.454191115884319e-69
1530	2.6838847375662096e-69
1531	1.3184703845703419e-69
1532	6.46620726305041e-70
1533	3.1659299343092766e-70
1534	1.5474802865200037e-70
1535	7.551284095107799e-71
1536	3.678646547555329e-71
1537	1.7890669384960828e-71
1538	8.686325540602581e-72
1539	4.21033160410484e-72
1540	2.0373558771843852e-72
1541	9.842095808727577e-73
1542	4.746550221801873e-73
1543	2.285272921796876e-73
1544	1.0984170576362283e-73
1545	5.270664397135095e-74
1546	2.524829510672118e-74
1547	1.2074441352259881e-74
1548	5.764611258635416e-75
1549	2.7475189063319676e-75
1550	1.3073104461761923e-75
1551	6.209889082850835e-76
1552	2.944799396228839e-76
1553	1.3941003548539603e-76
1554	6.588681264735811e-77
1555	3.1086282182522697e-77
1556	1.4642140940411461e-77
1557	6.885025881799185e-78
1558	3.2320007379434777e-78
1559	1.5146137234284805e-78
1560	7.085925256615645e-79
1561	3.309445013567253e-79
1562	1.5430406743559673e-79
1563	7.182288696965379e-80
1564	3.3374233268846584e-80
1565	1.5481832582986846e-80
1566	7.169613439402148e-81
1567	3.3145997344442607e-81
1568	1.5297768686119333e-81
1569	7.048332871568082e-82
1570	3.24194549935812e-82
1571	1.488626230266615e-82
1572	6.823794591475888e-83
1573	3.1226708487153517e-83
1574	1.426547121977694e-83
1575	6.505869485618374e-84
1576	2.961989702371346e-84
1577	1.3462334425240765e-84
1578	6.108231622630302e-85
1579	2.7667413962902406e-85
1580	1.251063184641558e-85
1581	5.647382192910544e-86
1582	2.5449076625182178e-86
1583	1.1448628002255908e-86
1584	5.141514624688167e-87
1585	2.3050724115426353e-87
1586	1.0316528557274987e-87
1587	4.6093295315216296e-88
1588	2.0558751556742922e-88
1589	9.153984446664286e-89
1590	4.0689063723757526e-89
1591	1.8055060971404168e-89
1592	7.997856337673133e-90
1593	3.5367246882275635e-90
1594	1.5612827550650068e-90
1595	6.880407514379139e-91
1596	3.026904264245049e-91
1597	1.3293360045450765e-91
1598	5.828033522127202e-92
1599	2.5507044316817856e-92
1600	1.1144194522188655e-92
1601	4.860571225458938e-93
1602	2.1162922716967764e-93
1603	9.198421639290293e-94
1604	3.9911673368035587e-94
1605	1.7287617306307475e-94
1606	7.475126463218991e-95
1607	3.226634475543993e-95
1608	1.3903637458950527e-95
1609	5.98072945448808e-96
1610	2.5681864603088754e-96
1611	1.1008933144771802e-96
1612	4.710964342909766e-97
1613	2.0124259641996355e-97
1614	8.581735583181885e-98
1615	3.6532136984214333e-98
1616	1.5524562295412048e-98
1617	6.585785717141866e-99
1618	2.7889413189749365e-99
1619	1.1790013692356122e-99
1620	4.975445762607459e-100
1621	2.0960036638044942e-100
1622	8.814425908950452e-101
1623	3.700305456348235e-101
1624	1.5506802903758203e-101
1625	6.487056768044682e-102
1626	2.7090278120192853e-102
1627	1.1293255511013424e-102
1628	4.699637494262628e-103
1629	1.9523095093177793e-103
1630	8.096021825060333e-104
1631	3.351451565463967e-104
1632	1.3849435923797479e-104
1633	5.713058438981284e-105
1634	2.352568469926434e-105
1635	9.670579106519096e-106
1636	3.968248619224451e-106
1637	1.6254777330010049e-106
1638	6.64658417644572e-107
1639	2.7130069200984058e-107
1640	1.1054466128573645e-107
1641	4.496335355193487e-108
1642	1.8256319862346287e-108
1643	7.399475964974197e-109
1644	2.993790761808946e-109
1645	1.2091334639092979e-109
1646	4.8748237401251025e-110
1647	1.9618917232764577e-110
1648	7.881740885636628e-111
1649	3.160820477008842e-111
1650	1.2653411227685671e-111
1651	5.056442643111081e-112
1652	2.0170272786195316e-112
1653	8.031695477265421e-113
1654	3.1925008508104106e-113
1655	1.2667259981308225e-113
1656	5.017204093601415e-114
1657	1.9836626621255853e-114
1658	7.828893414823955e-115
1659	3.084316911645161e-115
1660	1.21295085082378e-115
1661	4.7615959963484583e-116
1662	1.8658922257405705e-116
1663	7.298687539972953e-117
1664	2.8498810131909707e-117
1665	1.1107899872491898e-117
1666	4.32175345297735e-118
1667	1.6784575078962723e-118
1668	6.507026478535033e-119
1669	2.5181186075072835e-119
1670	9.727263934452782e-120
1671	3.7508150470598905e-120
1672	1.4437119521701724e-120
1673	5.546958619311244e-121
1674	2.127395759868477e-121
1675	8.144419920278875e-122
1676	3.112361572168839e-122
1677	1.1872371089990388e-122
1678	4.5206608098805844e-123
1679	1.7182364716388554e-123
1680	6.518985296780785e-124
1681	2.4688382250144992e-124
1682	9.332979914938035e-125
1683	3.52178304429513e-125
1684	1.3265356750692457e-125
1685	4.987568086896221e-126
1686	1.8718532799405136e-126
1687	7.0124104948275325e-127
1688	2.6222549229375827e-127
1689	9.788001590475844e-128
1690	3.646902781593306e-128
1691	1.3563284199128006e-128
1692	5.035186306262994e-129
1693	1.8658456661338288e-129
1694	6.901521817982986e-130
1695	2.548135195570301e-130
1696	9.390916966505468e-131
1697	3.454625262013367e-131
1698	1.2685300901178237e-131
1699	4.6495075841817e-132
1700	1.701057434157025e-132
1701	6.212069321531869e-133
1702	2.264427271777756e-133
1703	8.23919331832518e-134
1704	2.992365963338976e-134
1705	1.08479550931863e-134
1706	3.9253977632541196e-135
1707	1.4178214438169065e-135
1708	5.111648061132315e-136
1709	1.8395065483394432e-136
1710	6.607576094799046e-137
1711	2.3690973174884255e-137
1712	8.478577029080355e-138
1713	3.0287388460114555e-138
1714	1.0799382382918858e-138
1715	3.84356019099962e-139
1716	1.3654178376273297e-139
1717	4.841656948521653e-140
1718	1.7136355035990712e-140
1719	6.053942863225632e-141
1720	2.1347796150554507e-141
1721	7.513842209791875e-142
1722	2.6397622742270224e-142
1723	9.256796496935524e-143
1724	3.240031190443545e-143
1725	1.1319563122831812e-143
1726	3.947312969182717e-144
1727	1.3739290239534824e-144
1728	4.773284195154389e-145
1729	1.6552361406645786e-145
1730	5.729170070974825e-146
1731	1.979301558476146e-146
1732	6.825274548958547e-147
1733	2.3491762358871164e-147
1734	8.070450744175999e-148
1735	2.767362845150738e-148
1736	9.471525728735579e-149
1737	3.2356288774611634e-149
1738	1.1032699282280984e-149
1739	3.7548152411115343e-150
1740	1.2754941438682493e-150
1741	4.3246489732217706e-151
1742	1.4635418293465556e-151
1743	4.943569992472617e-152
1744	1.6666979061180727e-152
1745	5.608582706598132e-153
1746	1.883773934361804e-153
1747	6.315143616897844e-154
1748	2.1130795584060193e-154
1749	7.05709571769422e-155
1750	2.352410342785373e-155
1751	7.826659392735065e-156
1752	2.5990548009125574e-156
1753	8.61448763316294e-157
1754	2.849822703290352e-157
1755	9.409790771737146e-158
1756	3.1010958113045647e-158
1757	1.020053263878276e-158
1758	3.3489010557432246e-159
1759	1.0973696254631466e-159
1760	3.5890049257929996e-160
1761	1.1715613097430037e-160
1762	3.817026530681423e-161
1763	1.2412345886630838e-161
1764	4.0285655306470267e-162
1765	1.3050110991859112e-162
1766	4.21934000024492e-163
1767	1.36157233103172e-163
1768	4.385328376716502e-164
1769	1.4097044029857905e-164
1770	4.5229090404705885e-165
1771	1.4483410340537584e-165
1772	4.628990836800166e-166
1773	1.4766026037502168e-166
1774	4.7011280160879535e-167
1775	1.4938293148405478e-167
1776	4.73761365268601e-168
1777	1.4996067196666092e-168
1778	4.737546577237205e-169
1779	1.4937822354347112e-169
1780	4.700868168992474e-170
1781	1.4764717327070706e-170
1782	4.628366921395444e-171
1783	1.4480558051003576e-171
1784	4.521650411969024e-172
1785	1.4091658815332944e-172
1786	4.3830860592131114e-173
1787	1.3606608872835331e-173
1788	4.215713714062281e-174
1789	1.3035956590708785e-174
1790	4.023134597383728e-175
1791	1.2391827385054044e-175
1792	3.809382259990276e-176
1793	1.1687494800633441e-176
1794	3.578782033904288e-177
1795	1.0936925955129523e-177
1796	3.3358058192158247e-178
1797	1.0154323076244583e-178
1798	3.084928998663004e-179
1799	9.353682037814285e-180
1800	2.83049581354531e-180
1801	8.548386763937573e-181
1802	2.5765987207556225e-181
1803	7.750855319875896e-182
1804	2.3269761565612836e-182
1805	6.972249711342015e-183
1806	2.084931849665172e-183
1807	6.222257174884678e-184
1808	1.853277453390776e-184
1809	5.508946377719264e-185
1810	1.6342989031812974e-185
1811	4.838697756636525e-186
1812	1.4297456409196396e-186
1813	4.2162034750425303e-187
1814	1.2408407565364583e-187
1815	3.6445293708457865e-188
1816	1.0683092347505001e-188
1817	3.1252289441711026e-189
1818	9.124208929843943e-190
1819	2.658497959138311e-190
1820	7.730442653114327e-191
1821	2.243357605162522e-191
1822	6.4970761565443984e-192
1823	1.877854316161217e-192
1824	5.416634228297011e-193
1825	1.559265167986684e-193
1826	4.479530288661924e-194
1827	1.2842991193257696e-194
1828	3.6746863082714196e-195
1829	1.049286066116067e-195
1830	2.990103726771273e-196
1831	8.503475793270147e-197
1832	2.413369067824028e-197
1833	6.835451373590764e-198
1834	1.9320839900012828e-198
1835	5.450035156872322e-199
1836	1.5342150968673353e-199
1837	4.3100865459139227e-200
1838	1.2083636768431315e-200
1839	3.380807194655592e-201
1840	9.439594790771559e-202
1841	2.630241575271367e-202
1842	7.313855771291212e-203
1843	2.029573289521627e-203
1844	5.6204333413383394e-204
1845	1.5532476301008743e-204
1846	4.283675354541203e-205
1847	1.178952925908798e-205
1848	3.2380202047057767e-206
1849	8.874929780071334e-207
1850	2.427457760102699e-207
1851	6.625809153095673e-208
1852	1.8047861321795658e-208
1853	4.905815864148191e-209
1854	1.3307439697765782e-209
1855	3.602256410145583e-210
1856	9.73084768764466e-211
1857	2.6231416483242388e-211
1858	7.05646032367721e-212
1859	1.8942846123681186e-212
1860	5.0745296604156524e-213
1861	1.3565557987711898e-213
1862	3.6188442761301202e-214
1863	9.633665311660359e-215
1864	2.5591850809061205e-215
1865	6.784211385059119e-216
1866	1.794665985494341e-216
1867	4.737546895387105e-217
1868	1.2479813189645457e-217
1869	3.280547707457895e-218
1870	8.60532698703112e-219
1871	2.252527877421506e-219
1872	5.8837441200222714e-220
1873	1.5336180453425827e-220
1874	3.9889582743184283e-221
1875	1.0353320175889992e-221
1876	2.6814930598844947e-222
1877	6.930261159308163e-223
1878	1.787299860580282e-223
1879	4.599590217240554e-224
1880	1.1811736767313435e-224
1881	3.026775926188091e-225
1882	7.739584861958078e-226
1883	1.974808252457143e-226
1884	5.028066991743812e-227
1885	1.27745324022412e-227
1886	3.238588577614498e-228
1887	8.192799567661434e-229
1888	2.068109986112635e-229
1889	5.209291358884897e-230
1890	1.3093216257105073e-230
1891	3.283792192323819e-231
1892	8.217989378993577e-232
1893	2.0521779587136958e-232
1894	5.113555100461142e-233
1895	1.2714177782725147e-233
1896	3.154350690140853e-234
1897	7.808847799046711e-235
1898	1.9289375063511772e-235
1899	4.754474231423526e-236
1900	1.1693348666182824e-236
1901	2.8696324742984794e-237
1902	7.026896340138376e-238
1903	1.7169182341203864e-238
1904	4.185847291598682e-239
1905	1.0182718750160498e-239
1906	2.471665030364017e-240
1907	5.9863191272866365e-241
1908	1.4466830444407715e-241
1909	3.488422465592184e-242
1910	8.393165624727444e-243
1911	2.0149414042003618e-243
1912	4.8265613173185695e-244
1913	1.1535883964483701e-244
1914	2.75106236217652e-245
1915	6.54614096627796e-246
1916	1.554191341482094e-246
1917	3.681770202172966e-247
1918	8.702434767913561e-248
1919	2.0523698118161265e-248
1920	4.829476276540918e-249
1921	1.1338950602927144e-249
1922	2.6562743094496002e-250
1923	6.208676523962799e-251
1924	1.4479381588985525e-251
1925	3.3691835680705085e-252
1926	7.822072210352947e-253
1927	1.8119251638426064e-253
1928	4.1877310106054595e-254
1929	9.656865395685749e-255
1930	2.221832136727065e-255
1931	5.1003826486399675e-256
1932	1.1681792899901587e-256
1933	2.6695019750498133e-257
1934	6.0864458132851755e-258
1935	1.3845505182195194e-258
1936	3.142419384476941e-259
1937	7.115878590490159e-260
1938	1.6076840718676625e-260
1939	3.6239268873950094e-261
1940	8.150109116067029e-262
1941	1.8287377545390756e-262
1942	4.0939466564277174e-263
1943	9.143961580002537e-264
1944	2.0376368634885243e-264
1945	4.53020736960088e-265
1946	1.0048632903362495e-265
1947	2.2237818851438996e-266
1948	4.909897233004548e-267
1949	1.081549288074758e-267
1950	2.3769093363048395e-268
1951	5.211586935364787e-269
1952	1.140032161168788e-269
1953	2.4880129579030005e-270
1954	5.417204826809799e-271
1955	1.1767484115122559e-271
1956	2.55021258850439e-272
1957	5.513815121940217e-273
1958	1.1893500905157507e-273
1959	2.5594553262993744e-274
1960	5.4949578376637234e-275
1961	1.1769520517177446e-275
1962	2.5149502208220262e-276
1963	5.36135852190792e-277
1964	1.1402333819546051e-277
1965	2.4192720193284915e-278
1966	5.120900090769396e-279
1967	1.0813770439219073e-279
1968	2.278115923545536e-280
1969	4.7878540835848015e-281
1970	1.0038549888544803e-281
1971	2.0997356227240906e-282
1972	4.381475366752978e-283
1973	9.120881522491898e-284
1974	1.8941418023356518e-284
1975	3.924153107313693e-285
1976	8.1102776031081e-286
1977	1.6721697047540402e-286
1978	3.439365775462192e-287
1979	7.057132718803927e-288
1980	1.4445368514039368e-288
1981	2.9497003282423613e-289
1982	6.008618091999008e-290
1983	1.2210044205141654e-290
1984	2.4751657823642363e-291
1985	5.005347731448427e-292
1986	1.009730788590458e-292
1987	2.0319676906230246e-293
1988	4.0791184511854187e-294
1989	8.168693724174666e-295
1990	1.6318270904865236e-295
1991	3.2518412743589324e-296
1992	6.464227800656046e-297
1993	1.2818420413463803e-297
1994	2.5356034859776487e-298
1995	5.003288635538951e-299
1996	9.848170876572217e-300
1997	1.9336585969364427e-300
1998	3.787273108108297e-301
1999	7.399364879911569e-302
2000	1.442054392572756e-302
2001	2.803409848568674e-303
2002	5.43635329649643e-304
2003	1.0515822308962497e-304
2004	2.029044861077916e-305
2005	3.9052716789585634e-306
2006	7.497567576904843e-307
2007	1.4358113896227009e-307
2008	2.7427144500342213e-308
2009	5.225986819903896e-309
2010	9.9325063809852e-310
2011	1.8830008990555e-310
2012	3.5607512168387e-311
2013	6.716305688914e-312
2014	1.26361647419e-312
2015	2.3713430204e-313
2016	4.438804569e-314
2017	8.287594074e-315
2018	1.54340525e-315
2019	2.8669411e-316
2020	5.311817e-317
2021	9.81638e-318
2022	1.809426e-318
2023	3.3267e-319
2024	6.1e-320
2025	1.1156e-320
2026	2.036e-321
2027	3.7e-322
2028	7e-323
2029	1e-323
2030	0.0
2031	0.0
2032	0.0
2033	0.0
2034	0.0
2035	0.0
2036	0.0
2037	0.0
2038	0.0
2039	0.0
2040	0.0
2041	0.0
2042	0.0
2043	0.0
2044	0.0
2045	0.0
2046	0.0
2047	0.0
2048	0.0
2049	0.0
2050	0.0
2051	0.0
2052	0.0
2053	0.0
2054	0.0
2055	0.0
2056	0.0
2057	0.0
2058	0.0
2059	0.0
2060	0.0
2061	0.0
2062	0.0
2063	0.0
2064	0.0
2065	0.0
2066	0.0
2067	0.0
2068	0.0
2069	0.0
2070	0.0
2071	0.0
2072	0.0
2073	0.0
2074	0.0
2075	0.0
2076	0.0
2077	0.0
2078	0.0
2079	0.0
2080	0.0
2081	0.0
2082	0.0
2083	0.0
2084	0.0
2085	0.0
2086	0.0
2087	0.0
2088	0.0
2089	0.0
2090	0.0
2091	0.0
2092	0.0
2093	0.0
2094	0.0
2095	0.0
2096	0.0
2097	0.0
2098	0.0
2099	0.0
2100	0.0
2101	0.0
2102	0.0
2103	0.0
2104	0.0
2105	0.0
2106	0.0
2107	0.0
2108	0.0
2109	0.0
2110	0.0
2111	0.0
2112	0.0
2113	0.0
2114	0.0
2115	0.0
2116	0.0
2117	0.0
2118	0.0
2119	0.0
2120	0.0
2121	0.0
2122	0.0
2123	0.0
2124	0.0
2125	0.0
2126	0.0
2127	0.0
2128	0.0
2129	0.0
2130	0.0
2131	0.0
2132	0.0
2133	0.0
2134	0.0
2135	0.0
2136	0.0
2137	0.0
2138	0.0
2139	0.0
2140	0.0
2141	0.0
2142	0.0
2143	0.0
2144	0.0
2145	0.0
2146	0.0
2147	0.0
2148	0.0
2149	0.0
2150	0.0
2151	0.0
2152	0.0
2153	0.0
2154	0.0
2155	0.0
2156	0.0
2157	0.0
2158	0.0
2159	0.0
2160	0.0
2161	0.0
2162	0.0
2163	0.0
2164	0.0
2165	0.0
2166	0.0
2167	0.0
2168	0.0
2169	0.0
2170	0.0
2171	0.0
2172	0.0
2173	0.0
2174	0.0
2175	0.0
2176	0.0
2177	0.0
2178	0.0
2179	0.0
2180	0.0
2181	0.0
2182	0.0
2183	0.0
2184	0.0
2185	0.0
2186	0.0
2187	0.0
2188	0.0
2189	0.0
2190	0.0
2191	0.0
2192	0.0
2193	0.0
2194	0.0
2195	0.0
2196	0.0
2197	0.0
2198	0.0
2199	0.0
2200	0.0
2201	0.0
2202	0.0
2203	0.0
2204	0.0
2205	0.0
2206	0.0
2207	0.0
2208	0.0
2209	0.0
2210	0.0
2211	0.0
2212	0.0
2213	0.0
2214	0.0
2215	0.0
2216	0.0
2217	0.0
2218	0.0
2219	0.0
2220	0.0
2221	0.0
2222	0.0
2223	0.0
2224	0.0
2225	0.0
2226	0.0
2227	0.0
2228	0.0
2229	0.0
2230	0.0
2231	0.0
2232	0.0
2233	0.0
2234	0.0
2235	0.0
2236	0.0
2237	0.0
2238	0.0
2239	0.0
2240	0.0
2241	0.0
2242	0.0
2243	0.0
2244	0.0
2245	0.0
2246	0.0
2247	0.0
2248	0.0
2249	0.0
2250	0.0
2251	0.0
2252	0.0
2253	0.0
2254	0.0
2255	0.0
2256	0.0
2257	0.0
2258	0.0
2259	0.0
2260	0.0
2261	0.0
2262	0.0
2263	0.0
2264	0.0
2265	0.0
2266	0.0
2267	0.0
2268	0.0
2269	0.0
2270	0.0
2271	0.0
2272	0.0
2273	0.0
2274	0.0
2275	0.0
2276	0.0
2277	0.0
2278	0.0
2279	0.0
2280	0.0
2281	0.0
2282	0.0
2283	0.0
2284	0.0
2285	0.0
2286	0.0
2287	0.0
2288	0.0
2289	0.0
2290	0.0
2291	0.0
2292	0.0
2293	0.0
2294	0.0
2295	0.0
2296	0.0
2297	0.0
2298	0.0
2299	0.0
2300	0.0
2301	0.0
2302	0.0
2303	0.0
2304	0.0
2305	0.0
2306	0.0
2307	0.0
2308	0.0
2309	0.0
2310	0.0
2311	0.0
2312	0.0
2313	0.0
2314	0.0
2315	0.0
2316	0.0
2317	0.0
2318	0.0
2319	0.0
2320	0.0
2321	0.0
2322	0.0
2323	0.0
2324	0.0
2325	0.0
2326	0.0
2327	0.0
2328	0.0
2329	0.0
2330	0.0
2331	0.0
2332	0.0
2333	0.0
2334	0.0
2335	0.0
2336	0.0
2337	0.0
2338	0.0
2339	0.0
2340	0.0
2341	0.0
2342	0.0
2343	0.0
2344	0.0
2345	0.0
2346	0.0
2347	0.0
2348	0.0
2349	0.0
2350	0.0
2351	0.0
2352	0.0
2353	0.0
2354	0.0
2355	0.0
2356	0.0
2357	0.0
2358	0.0
2359	0.0
2360	0.0
2361	0.0
2362	0.0
2363	0.0
2364	0.0
2365	0.0
2366	0.0
2367	0.0
2368	0.0
2369	0.0
2370	0.0
2371	0.0
2372	0.0
2373	0.0
2374	0.0
2375	0.0
2376	0.0
2377	0.0
2378	0.0
2379	0.0
2380	0.0
2381	0.0
2382	0.0
2383	0.0
2384	0.0
2385	0.0
2386	0.0
2387	0.0
2388	0.0
2389	0.0
2390	0.0
2391	0.0
2392	0.0
2393	0.0
2394	0.0
2395	0.0
2396	0.0
2397	0.0
2398	0.0
2399	0.0
2400	0.0
2401	0.0
2402	0.0
2403	0.0
2404	0.0
2405	0.0
2406	0.0
2407	0.0
2408	0.0
2409	0.0
2410	0.0
2411	0.0
2412	0.0
2413	0.0
2414	0.0
2415	0.0
2416	0.0
2417	0.0
2418	0.0
2419	0.0
2420	0.0
2421	0.0
2422	0.0
2423	0.0
2424	0.0
2425	0.0
2426	0.0
2427	0.0
2428	0.0
2429	0.0
2430	0.0
2431	0.0
2432	0.0
2433	0.0
2434	0.0
2435	0.0
2436	0.0
2437	0.0
2438	0.0
2439	0.0
2440	0.0
2441	0.0
2442	0.0
2443	0.0
2444	0.0
2445	0.0
2446	0.0
2447	0.0
2448	0.0
2449	0.0
2450	0.0
2451	0.0
2452	0.0
2453	0.0
2454	0.0
2455	0.0
2456	0.0
2457	0.0
2458	0.0
2459	0.0
2460	0.0
2461	0.0
2462	0.0
2463	0.0
2464	0.0
2465	0.0
2466	0.0
2467	0.0
2468	0.0
2469	0.0
2470	0.0
2471	0.0
2472	0.0
2473	0.0
2474	0.0
2475	0.0
2476	0.0
2477	0.0
2478	0.0
2479	0.0
2480	0.0
2481	0.0
2482	0.0
2483	0.0
2484	0.0
2485	0.0
2486	0.0
2487	0.0
2488	0.0
2489	0.0
2490	0.0
2491	0.0
2492	0.0
2493	0.0
2494	0.0
2495	0.0
2496	0.0
2497	0.0
2498	0.0
2499	0.0
2500	0.0
