k	pvalue
0	1.0000000000023934
1	1.0000000000023934
2	1.0000000000023934
3	1.0000000000023934
4	1.0000000000023934
5	1.0000000000023934
6	1.0000000000023934
7	1.0000000000023934
8	1.0000000000023934
9	1.0000000000023934
10	1.0000000000023934
11	1.0000000000023934
12	1.0000000000023934
13	1.0000000000023934
14	1.0000000000023934
15	1.0000000000023934
16	1.0000000000023934
17	1.0000000000023934
18	1.0000000000023934
19	1.0000000000023934
20	1.0000000000023934
21	1.0000000000023934
22	1.0000000000023934
23	1.0000000000023934
24	1.0000000000023934
25	1.0000000000023934
26	1.0000000000023934
27	1.0000000000023934
28	1.0000000000023934
29	1.0000000000023934
30	1.0000000000023934
31	1.0000000000023934
32	1.0000000000023934
33	1.0000000000023934
34	1.0000000000023934
35	1.0000000000023934
36	1.0000000000023934
37	1.0000000000023934
38	1.0000000000023934
39	1.0000000000023934
40	1.0000000000023934
41	1.0000000000023934
42	1.0000000000023934
43	1.0000000000023934
44	1.0000000000023934
45	1.0000000000023934
46	1.0000000000023934
47	1.0000000000023934
48	1.0000000000023934
49	1.0000000000023934
50	1.0000000000023934
51	1.0000000000023934
52	1.0000000000023934
53	1.0000000000023934
54	1.0000000000023934
55	1.0000000000023934
56	1.0000000000023934
57	1.0000000000023934
58	1.0000000000023934
59	1.0000000000023934
60	1.0000000000023934
61	1.0000000000023934
62	1.0000000000023934
63	1.0000000000023934
64	1.0000000000023934
65	1.0000000000023934
66	1.0000000000023934
67	1.0000000000023934
68	1.0000000000023934
69	1.0000000000023934
70	1.0000000000023934
71	1.0000000000023934
72	1.0000000000023934
73	1.0000000000023934
74	1.0000000000023934
75	1.0000000000023934
76	1.0000000000023934
77	1.0000000000023934
78	1.0000000000023934
79	1.0000000000023934
80	1.0000000000023934
81	1.0000000000023934
82	1.0000000000023934
83	1.0000000000023934
84	1.0000000000023934
85	1.0000000000023934
86	1.0000000000023934
87	1.0000000000023934
88	1.0000000000023934
89	1.0000000000023934
90	1.0000000000023934
91	1.0000000000023934
92	1.0000000000023934
93	1.0000000000023934
94	1.0000000000023934
95	1.0000000000023934
96	1.0000000000023934
97	1.0000000000023934
98	1.0000000000023934
99	1.0000000000023934
100	1.0000000000023934
101	1.0000000000023934
102	1.0000000000023934
103	1.0000000000023934
104	1.0000000000023934
105	1.0000000000023934
106	1.0000000000023934
107	1.0000000000023934
108	1.0000000000023934
109	1.0000000000023934
110	1.0000000000023934
111	1.0000000000023934
112	1.0000000000023934
113	1.0000000000023934
114	1.0000000000023934
115	1.0000000000023934
116	1.0000000000023934
117	1.0000000000023934
118	1.0000000000023934
119	1.0000000000023934
120	1.0000000000023934
121	1.0000000000023934
122	1.0000000000023934
123	1.0000000000023934
124	1.0000000000023934
125	1.0000000000023934
126	1.0000000000023934
127	1.0000000000023934
128	1.0000000000023934
129	1.0000000000023934
130	1.0000000000023934
131	1.0000000000023934
132	1.0000000000023934
133	1.0000000000023934
134	1.0000000000023934
135	1.0000000000023934
136	1.0000000000023934
137	1.0000000000023934
138	1.0000000000023934
139	1.0000000000023934
140	1.0000000000023934
141	1.0000000000023934
142	1.0000000000023934
143	1.0000000000023934
144	1.0000000000023934
145	1.0000000000023934
146	1.0000000000023934
147	1.0000000000023934
148	1.0000000000023934
149	1.0000000000023934
150	1.0000000000023934
151	1.0000000000023934
152	1.0000000000023934
153	1.0000000000023934
154	1.0000000000023934
155	1.0000000000023934
156	1.0000000000023934
157	1.0000000000023934
158	1.0000000000023934
159	1.0000000000023934
160	1.0000000000023934
161	1.0000000000023934
162	1.0000000000023934
163	1.0000000000023934
164	1.0000000000023934
165	1.0000000000023934
166	1.0000000000023934
167	1.0000000000023934
168	1.0000000000023934
169	1.0000000000023934
170	1.0000000000023934
171	1.0000000000023934
172	1.0000000000023934
173	1.0000000000023934
174	1.0000000000023934
175	1.0000000000023934
176	1.0000000000023934
177	1.0000000000023934
178	1.0000000000023934
179	1.0000000000023934
180	1.0000000000023934
181	1.0000000000023934
182	1.0000000000023934
183	1.0000000000023934
184	1.0000000000023934
185	1.0000000000023934
186	1.0000000000023934
187	1.0000000000023934
188	1.0000000000023934
189	1.0000000000023934
190	1.0000000000023934
191	1.0000000000023934
192	1.0000000000023934
193	1.0000000000023934
194	1.0000000000023934
195	1.0000000000023934
196	1.0000000000023934
197	1.0000000000023934
198	1.0000000000023934
199	1.0000000000023934
200	1.0000000000023934
201	1.0000000000023934
202	1.0000000000023934
203	1.0000000000023934
204	1.0000000000023934
205	1.0000000000023934
206	1.0000000000023934
207	1.0000000000023934
208	1.0000000000023934
209	1.0000000000023934
210	1.0000000000023934
211	1.0000000000023934
212	1.0000000000023934
213	1.0000000000023934
214	1.0000000000023934
215	1.0000000000023934
216	1.0000000000023934
217	1.0000000000023934
218	1.0000000000023934
219	1.0000000000023934
220	1.0000000000023934
221	1.0000000000023934
222	1.0000000000023934
223	1.0000000000023934
224	1.0000000000023934
225	1.0000000000023934
226	1.0000000000023934
227	1.0000000000023934
228	1.0000000000023934
229	1.0000000000023934
230	1.0000000000023934
231	1.0000000000023934
232	1.0000000000023934
233	1.0000000000023934
234	1.0000000000023934
235	1.0000000000023934
236	1.0000000000023934
237	1.0000000000023934
238	1.0000000000023934
239	1.0000000000023934
240	1.0000000000023934
241	1.0000000000023934
242	1.0000000000023934
243	1.0000000000023934
244	1.0000000000023934
245	1.0000000000023934
246	1.0000000000023934
247	1.0000000000023934
248	1.0000000000023934
249	1.0000000000023934
250	1.0000000000023934
251	1.0000000000023934
252	1.0000000000023934
253	1.0000000000023934
254	1.0000000000023934
255	1.0000000000023934
256	1.0000000000023934
257	1.0000000000023934
258	1.0000000000023934
259	1.0000000000023934
260	1.0000000000023934
261	1.0000000000023934
262	1.0000000000023934
263	1.0000000000023934
264	1.0000000000023934
265	1.0000000000023934
266	1.0000000000023934
267	1.0000000000023934
268	1.0000000000023934
269	1.0000000000023934
270	1.0000000000023934
271	1.0000000000023934
272	1.0000000000023934
273	1.0000000000023934
274	1.0000000000023934
275	1.0000000000023934
276	1.0000000000023934
277	1.0000000000023934
278	1.0000000000023934
279	1.0000000000023934
280	1.0000000000023934
281	1.0000000000023934
282	1.0000000000023934
283	1.0000000000023934
284	1.0000000000023934
285	1.0000000000023934
286	1.0000000000023934
287	1.0000000000023934
288	1.0000000000023934
289	1.0000000000023934
290	1.0000000000023934
291	1.0000000000023934
292	1.0000000000023934
293	1.0000000000023934
294	1.0000000000023934
295	1.0000000000023934
296	1.0000000000023934
297	1.0000000000023934
298	1.0000000000023934
299	1.0000000000023934
300	1.0000000000023934
301	1.0000000000023934
302	1.0000000000023934
303	1.0000000000023934
304	1.0000000000023934
305	1.0000000000023934
306	1.0000000000023934
307	1.0000000000023934
308	1.0000000000023934
309	1.0000000000023934
310	1.0000000000023934
311	1.0000000000023934
312	1.0000000000023934
313	1.0000000000023934
314	1.0000000000023934
315	1.0000000000023934
316	1.0000000000023934
317	1.0000000000023934
318	1.0000000000023934
319	1.0000000000023934
320	1.0000000000023934
321	1.0000000000023934
322	1.0000000000023934
323	1.0000000000023934
324	1.0000000000023934
325	1.0000000000023934
326	1.0000000000023934
327	1.0000000000023934
328	1.0000000000023934
329	1.0000000000023934
330	1.0000000000023934
331	1.0000000000023934
332	1.0000000000023934
333	1.0000000000023934
334	1.0000000000023934
335	1.0000000000023934
336	1.0000000000023934
337	1.0000000000023934
338	1.0000000000023934
339	1.0000000000023934
340	1.0000000000023934
341	1.0000000000023934
342	1.0000000000023934
343	1.0000000000023934
344	1.0000000000023934
345	1.0000000000023934
346	1.0000000000023934
347	1.0000000000023934
348	1.0000000000023934
349	1.0000000000023934
350	1.0000000000023934
351	1.0000000000023934
352	1.0000000000023934
353	1.0000000000023934
354	1.0000000000023934
355	1.0000000000023934
356	1.0000000000023934
357	1.0000000000023934
358	1.0000000000023934
359	1.0000000000023934
360	1.0000000000023934
361	1.0000000000023934
362	1.0000000000023934
363	1.0000000000023934
364	1.0000000000023934
365	1.0000000000023934
366	1.0000000000023934
367	1.0000000000023934
368	1.0000000000023934
369	1.0000000000023934
370	1.0000000000023934
371	1.0000000000023934
372	1.0000000000023934
373	1.0000000000023934
374	1.0000000000023934
375	1.0000000000023934
376	1.0000000000023934
377	1.0000000000023934
378	1.0000000000023934
379	1.0000000000023934
380	1.0000000000023934
381	1.0000000000023934
382	1.0000000000023934
383	1.0000000000023934
384	1.0000000000023934
385	1.0000000000023934
386	1.0000000000023934
387	1.0000000000023934
388	1.0000000000023934
389	1.0000000000023934
390	1.0000000000023934
391	1.0000000000023934
392	1.0000000000023934
393	1.0000000000023934
394	1.0000000000023934
395	1.0000000000023934
396	1.0000000000023934
397	1.0000000000023934
398	1.0000000000023934
399	1.0000000000023934
400	1.0000000000023934
401	1.0000000000023934
402	1.0000000000023934
403	1.0000000000023934
404	1.0000000000023934
405	1.0000000000023934
406	1.0000000000023934
407	1.0000000000023934
408	1.0000000000023934
409	1.0000000000023934
410	1.0000000000023934
411	1.0000000000023934
412	1.0000000000023934
413	1.0000000000023934
414	1.0000000000023934
415	1.0000000000023934
416	1.0000000000023934
417	1.0000000000023934
418	1.0000000000023934
419	1.0000000000023934
420	1.0000000000023934
421	1.0000000000023934
422	1.0000000000023934
423	1.0000000000023934
424	1.0000000000023934
425	1.0000000000023934
426	1.0000000000023934
427	1.0000000000023934
428	1.0000000000023934
429	1.0000000000023934
430	1.0000000000023934
431	1.0000000000023934
432	1.0000000000023934
433	1.0000000000023934
434	1.0000000000023934
435	1.0000000000023934
436	1.0000000000023934
437	1.0000000000023934
438	1.0000000000023934
439	1.0000000000023934
440	1.0000000000023934
441	1.0000000000023934
442	1.0000000000023934
443	1.0000000000023934
444	1.0000000000023934
445	1.0000000000023934
446	1.0000000000023934
447	1.0000000000023934
448	1.0000000000023934
449	1.0000000000023934
450	1.0000000000023934
451	1.0000000000023934
452	1.0000000000023934
453	1.0000000000023934
454	1.0000000000023934
455	1.0000000000023934
456	1.0000000000023934
457	1.0000000000023934
458	1.0000000000023934
459	1.0000000000023934
460	1.0000000000023934
461	1.0000000000023934
462	1.0000000000023934
463	1.0000000000023934
464	1.0000000000023934
465	1.0000000000023934
466	1.0000000000023934
467	1.0000000000023934
468	1.0000000000023934
469	1.0000000000023934
470	1.0000000000023934
471	1.0000000000023934
472	1.0000000000023934
473	1.0000000000023934
474	1.0000000000023934
475	1.0000000000023934
476	1.0000000000023934
477	1.0000000000023934
478	1.0000000000023934
479	1.0000000000023934
480	1.0000000000023934
481	1.0000000000023934
482	1.0000000000023934
483	1.0000000000023934
484	1.0000000000023934
485	1.0000000000023934
486	1.0000000000023934
487	1.0000000000023934
488	1.0000000000023934
489	1.0000000000023934
490	1.0000000000023934
491	1.0000000000023934
492	1.0000000000023934
493	1.0000000000023934
494	1.0000000000023934
495	1.0000000000023934
496	1.0000000000023934
497	1.0000000000023934
498	1.0000000000023934
499	1.0000000000023934
500	1.0000000000023934
501	1.0000000000023934
502	1.0000000000023934
503	1.0000000000023934
504	1.0000000000023934
505	1.0000000000023934
506	1.0000000000023934
507	1.0000000000023934
508	1.0000000000023934
509	1.0000000000023934
510	1.0000000000023934
511	1.0000000000023934
512	1.0000000000023934
513	1.0000000000023934
514	1.0000000000023934
515	1.0000000000023934
516	1.0000000000023934
517	1.0000000000023934
518	1.0000000000023934
519	1.0000000000023934
520	1.0000000000023934
521	1.0000000000023934
522	1.0000000000023934
523	1.0000000000023934
524	1.0000000000023934
525	1.0000000000023934
526	1.0000000000023934
527	1.0000000000023934
528	1.0000000000023934
529	1.0000000000023934
530	1.0000000000023934
531	1.0000000000023934
532	1.0000000000023934
533	1.0000000000023934
534	1.0000000000023934
535	1.0000000000023934
536	1.0000000000023934
537	1.0000000000023934
538	1.0000000000023934
539	1.0000000000023934
540	1.0000000000023934
541	1.0000000000023934
542	1.0000000000023934
543	1.0000000000023934
544	1.0000000000023934
545	1.0000000000023934
546	1.0000000000023934
547	1.0000000000023934
548	1.0000000000023934
549	1.0000000000023934
550	1.0000000000023934
551	1.0000000000023934
552	1.0000000000023934
553	1.0000000000023934
554	1.0000000000023934
555	1.0000000000023934
556	1.0000000000023934
557	1.0000000000023934
558	1.0000000000023934
559	1.0000000000023934
560	1.0000000000023934
561	1.0000000000023934
562	1.0000000000023934
563	1.0000000000023934
564	1.0000000000023934
565	1.0000000000023934
566	1.0000000000023934
567	1.0000000000023934
568	1.0000000000023934
569	1.0000000000023934
570	1.0000000000023934
571	1.0000000000023934
572	1.0000000000023934
573	1.0000000000023934
574	1.0000000000023934
575	1.0000000000023934
576	1.0000000000023934
577	1.0000000000023934
578	1.0000000000023934
579	1.0000000000023934
580	1.0000000000023934
581	1.0000000000023934
582	1.0000000000023934
583	1.0000000000023934
584	1.0000000000023934
585	1.0000000000023934
586	1.0000000000023934
587	1.0000000000023934
588	1.0000000000023934
589	1.0000000000023934
590	1.0000000000023934
591	1.0000000000023934
592	1.0000000000023934
593	1.0000000000023934
594	1.0000000000023934
595	1.0000000000023934
596	1.0000000000023934
597	1.0000000000023934
598	1.0000000000023934
599	1.0000000000023934
600	1.0000000000023934
601	1.0000000000023934
602	1.0000000000023934
603	1.0000000000023934
604	1.0000000000023934
605	1.0000000000023934
606	1.0000000000023934
607	1.0000000000023934
608	1.0000000000023934
609	1.0000000000023934
610	1.0000000000023934
611	1.0000000000023934
612	1.0000000000023934
613	1.0000000000023934
614	1.0000000000023934
615	1.0000000000023934
616	1.0000000000023934
617	1.0000000000023934
618	1.0000000000023934
619	1.0000000000023934
620	1.0000000000023934
621	1.0000000000023934
622	1.0000000000023934
623	1.0000000000023934
624	1.0000000000023934
625	1.0000000000023934
626	1.0000000000023934
627	1.0000000000023934
628	1.0000000000023934
629	1.0000000000023934
630	1.0000000000023934
631	1.0000000000023934
632	1.0000000000023934
633	1.0000000000023934
634	1.0000000000023934
635	1.0000000000023934
636	1.0000000000023934
637	1.0000000000023934
638	1.0000000000023934
639	1.0000000000023934
640	1.0000000000023934
641	1.0000000000023934
642	1.0000000000023934
643	1.0000000000023934
644	1.0000000000023934
645	1.0000000000023934
646	1.0000000000023934
647	1.0000000000023934
648	1.0000000000023934
649	1.0000000000023934
650	1.0000000000023934
651	1.0000000000023934
652	1.0000000000023934
653	1.0000000000023934
654	1.0000000000023934
655	1.0000000000023934
656	1.0000000000023934
657	1.0000000000023934
658	1.0000000000023934
659	1.0000000000023934
660	1.0000000000023934
661	1.0000000000023934
662	1.0000000000023934
663	1.0000000000023934
664	1.0000000000023934
665	1.0000000000023934
666	1.0000000000023934
667	1.0000000000023934
668	1.0000000000023934
669	1.0000000000023934
670	1.0000000000023934
671	1.0000000000023934
672	1.0000000000023934
673	1.0000000000023934
674	1.0000000000023934
675	1.0000000000023934
676	1.0000000000023934
677	1.0000000000023934
678	1.0000000000023934
679	1.0000000000023934
680	1.0000000000023934
681	1.0000000000023934
682	1.0000000000023934
683	1.0000000000023934
684	1.0000000000023934
685	1.0000000000023934
686	1.0000000000023934
687	1.0000000000023934
688	1.0000000000023934
689	1.0000000000023934
690	1.0000000000023934
691	1.0000000000023934
692	1.0000000000023934
693	1.0000000000023934
694	1.0000000000023934
695	1.0000000000023934
696	1.0000000000023934
697	1.0000000000023934
698	1.0000000000023934
699	1.0000000000023934
700	1.0000000000023934
701	1.0000000000023934
702	1.0000000000023934
703	1.0000000000023934
704	1.0000000000023934
705	1.0000000000023934
706	1.0000000000023934
707	1.0000000000023934
708	1.0000000000023934
709	1.0000000000023934
710	1.0000000000023934
711	1.0000000000023934
712	1.0000000000023934
713	1.0000000000023934
714	1.0000000000023934
715	1.0000000000023934
716	1.0000000000023934
717	1.0000000000023934
718	1.0000000000023934
719	1.0000000000023934
720	1.0000000000023934
721	1.0000000000023934
722	1.0000000000023934
723	1.0000000000023934
724	1.0000000000023934
725	1.0000000000023934
726	1.0000000000023934
727	1.0000000000023934
728	1.0000000000023934
729	1.0000000000023934
730	1.0000000000023934
731	1.0000000000023934
732	1.0000000000023934
733	1.0000000000023934
734	1.0000000000023934
735	1.0000000000023934
736	1.0000000000023934
737	1.0000000000023934
738	1.0000000000023934
739	1.0000000000023934
740	1.0000000000023934
741	1.0000000000023934
742	1.0000000000023934
743	1.0000000000023934
744	1.0000000000023934
745	1.0000000000023934
746	1.0000000000023934
747	1.0000000000023934
748	1.0000000000023934
749	1.0000000000023934
750	1.0000000000023934
751	1.0000000000023934
752	1.0000000000023934
753	1.0000000000023934
754	1.0000000000023934
755	1.0000000000023934
756	1.0000000000023934
757	1.0000000000023934
758	1.0000000000023934
759	1.0000000000023934
760	1.0000000000023934
761	1.0000000000023934
762	1.0000000000023934
763	1.0000000000023934
764	1.0000000000023934
765	1.0000000000023934
766	1.0000000000023934
767	1.0000000000023934
768	1.0000000000023934
769	1.0000000000023934
770	1.0000000000023934
771	1.0000000000023934
772	1.0000000000023934
773	1.0000000000023934
774	1.0000000000023934
775	1.0000000000023934
776	1.0000000000023934
777	1.0000000000023934
778	1.0000000000023934
779	1.0000000000023934
780	1.0000000000023934
781	1.0000000000023934
782	1.0000000000023934
783	1.0000000000023934
784	1.0000000000023934
785	1.0000000000023934
786	1.0000000000023934
787	1.0000000000023934
788	1.0000000000023934
789	1.0000000000023934
790	1.0000000000023934
791	1.0000000000023934
792	1.0000000000023934
793	1.0000000000023934
794	1.0000000000023934
795	1.0000000000023934
796	1.0000000000023934
797	1.0000000000023934
798	1.0000000000023934
799	1.0000000000023934
800	1.0000000000023934
801	1.0000000000023934
802	1.0000000000023934
803	1.0000000000023934
804	1.0000000000023934
805	1.0000000000023934
806	1.0000000000023934
807	1.0000000000023934
808	1.0000000000023934
809	1.0000000000023934
810	1.0000000000023934
811	1.0000000000023934
812	1.0000000000023934
813	1.0000000000023934
814	1.0000000000023934
815	1.0000000000023934
816	1.0000000000023934
817	1.0000000000023934
818	1.0000000000023934
819	1.0000000000023934
820	1.0000000000023934
821	1.0000000000023934
822	1.0000000000023934
823	1.0000000000023934
824	1.0000000000023934
825	1.0000000000023934
826	1.0000000000023934
827	1.0000000000023934
828	1.0000000000023934
829	1.0000000000023934
830	1.0000000000023934
831	1.0000000000023934
832	1.0000000000023934
833	1.0000000000023934
834	1.0000000000023934
835	1.0000000000023934
836	1.0000000000023934
837	1.0000000000023934
838	1.0000000000023934
839	1.0000000000023934
840	1.0000000000023934
841	1.0000000000023934
842	1.0000000000023934
843	1.0000000000023934
844	1.0000000000023934
845	1.0000000000023934
846	1.0000000000023934
847	1.0000000000023934
848	1.0000000000023934
849	1.0000000000023934
850	1.0000000000023934
851	1.0000000000023934
852	1.0000000000023934
853	1.0000000000023934
854	1.0000000000023934
855	1.0000000000023934
856	1.0000000000023934
857	1.0000000000023934
858	1.0000000000023934
859	1.0000000000023934
860	1.0000000000023934
861	1.0000000000023934
862	1.0000000000023934
863	1.0000000000023934
864	1.0000000000023934
865	1.0000000000023934
866	1.0000000000023934
867	1.0000000000023934
868	1.0000000000023934
869	1.0000000000023934
870	1.0000000000023934
871	1.0000000000023934
872	1.0000000000023934
873	1.0000000000023934
874	1.0000000000023934
875	1.0000000000023934
876	1.0000000000023934
877	1.0000000000023934
878	1.0000000000023934
879	1.0000000000023934
880	1.0000000000023934
881	1.0000000000023934
882	1.0000000000023934
883	1.0000000000023934
884	1.0000000000023934
885	1.0000000000023934
886	1.0000000000023934
887	1.0000000000023934
888	1.0000000000023934
889	1.0000000000023934
890	1.0000000000023934
891	1.0000000000023934
892	1.0000000000023934
893	1.0000000000023934
894	1.0000000000023934
895	1.0000000000023934
896	1.0000000000023934
897	1.0000000000023934
898	1.0000000000023934
899	1.0000000000023934
900	1.0000000000023934
901	1.0000000000023934
902	1.0000000000023934
903	1.0000000000023934
904	1.0000000000023934
905	1.0000000000023934
906	1.0000000000023934
907	1.0000000000023934
908	1.0000000000023934
909	1.0000000000023934
910	1.0000000000023934
911	1.0000000000023934
912	1.0000000000023934
913	1.0000000000023934
914	1.0000000000023934
915	1.0000000000023934
916	1.0000000000023934
917	1.0000000000023934
918	1.0000000000023934
919	1.0000000000023934
920	1.0000000000023934
921	1.0000000000023934
922	1.0000000000023934
923	1.0000000000023934
924	1.0000000000023934
925	1.0000000000023934
926	1.0000000000023934
927	1.0000000000023934
928	1.0000000000023934
929	1.0000000000023934
930	1.0000000000023934
931	1.0000000000023934
932	1.0000000000023934
933	1.0000000000023934
934	1.0000000000023934
935	1.0000000000023934
936	1.0000000000023934
937	1.0000000000023934
938	1.0000000000023934
939	1.0000000000023934
940	1.0000000000023934
941	1.0000000000023934
942	1.0000000000023934
943	1.0000000000023934
944	1.0000000000023934
945	1.0000000000023934
946	1.0000000000023934
947	1.0000000000023934
948	1.0000000000023934
949	1.0000000000023934
950	1.0000000000023934
951	1.0000000000023934
952	1.0000000000023934
953	1.0000000000023934
954	1.0000000000023934
955	1.0000000000023934
956	1.0000000000023934
957	1.0000000000023934
958	1.0000000000023934
959	1.0000000000023934
960	1.0000000000023934
961	1.0000000000023934
962	1.0000000000023934
963	1.0000000000023934
964	1.0000000000023934
965	1.0000000000023934
966	1.0000000000023934
967	1.0000000000023934
968	1.0000000000023934
969	1.0000000000023934
970	1.0000000000023934
971	1.0000000000023934
972	1.0000000000023934
973	1.0000000000023934
974	1.0000000000023934
975	1.0000000000023934
976	1.0000000000023934
977	1.0000000000023934
978	1.0000000000023934
979	1.0000000000023934
980	1.0000000000023934
981	1.0000000000023934
982	1.0000000000023934
983	1.0000000000023934
984	1.0000000000023934
985	1.0000000000023934
986	1.0000000000023934
987	1.0000000000023934
988	1.0000000000023934
989	1.0000000000023934
990	1.0000000000023934
991	1.0000000000023934
992	1.0000000000023934
993	1.0000000000023934
994	1.0000000000023934
995	1.0000000000023934
996	1.0000000000023934
997	1.0000000000023934
998	1.0000000000023934
999	1.0000000000023934
1000	1.0000000000023934
1001	1.0000000000023934
1002	1.0000000000023934
1003	1.0000000000023934
1004	1.0000000000023934
1005	1.0000000000023934
1006	1.0000000000023934
1007	1.0000000000023934
1008	1.0000000000023934
1009	1.0000000000023934
1010	1.0000000000023934
1011	1.0000000000023934
1012	1.0000000000023934
1013	1.0000000000023934
1014	1.0000000000023934
1015	1.0000000000023934
1016	1.0000000000023934
1017	1.0000000000023934
1018	1.0000000000023934
1019	1.0000000000023934
1020	1.0000000000023934
1021	1.0000000000023934
1022	1.0000000000023934
1023	1.0000000000023934
1024	1.0000000000023934
1025	1.0000000000023934
1026	1.0000000000023934
1027	1.0000000000023934
1028	1.0000000000023934
1029	1.0000000000023934
1030	1.0000000000023934
1031	1.0000000000023934
1032	1.0000000000023934
1033	1.0000000000023934
1034	1.0000000000023934
1035	1.0000000000023934
1036	1.0000000000023934
1037	1.0000000000023934
1038	1.0000000000023934
1039	1.0000000000023934
1040	1.0000000000023934
1041	1.0000000000023934
1042	1.0000000000023934
1043	1.0000000000023934
1044	1.0000000000023934
1045	1.0000000000023934
1046	1.0000000000023934
1047	1.0000000000023934
1048	1.0000000000023934
1049	1.0000000000023934
1050	1.0000000000023934
1051	1.0000000000023934
1052	1.0000000000023934
1053	1.0000000000023934
1054	1.0000000000023934
1055	1.0000000000023934
1056	1.0000000000023934
1057	1.0000000000023934
1058	1.0000000000023934
1059	1.0000000000023934
1060	1.0000000000023934
1061	1.0000000000023934
1062	1.0000000000023934
1063	1.0000000000023934
1064	1.0000000000023934
1065	1.0000000000023934
1066	1.0000000000023934
1067	1.0000000000023934
1068	1.0000000000023934
1069	1.0000000000023934
1070	1.0000000000023934
1071	1.0000000000023934
1072	1.0000000000023934
1073	1.0000000000023934
1074	1.0000000000023934
1075	1.0000000000023934
1076	1.0000000000023934
1077	1.0000000000023934
1078	1.0000000000023934
1079	1.0000000000023934
1080	1.0000000000023934
1081	1.0000000000023934
1082	1.0000000000023934
1083	1.0000000000023934
1084	1.0000000000023934
1085	1.0000000000023934
1086	1.0000000000023934
1087	1.0000000000023934
1088	1.0000000000023934
1089	1.0000000000023934
1090	1.0000000000023934
1091	1.0000000000023934
1092	1.0000000000023934
1093	1.0000000000023934
1094	1.0000000000023934
1095	1.0000000000023934
1096	1.0000000000023934
1097	1.0000000000023934
1098	1.0000000000023934
1099	1.0000000000023934
1100	1.0000000000023934
1101	1.0000000000023934
1102	1.0000000000023934
1103	1.0000000000023934
1104	1.0000000000023934
1105	1.0000000000023934
1106	1.0000000000023934
1107	1.0000000000023934
1108	1.0000000000023934
1109	1.0000000000023934
1110	1.0000000000023934
1111	1.0000000000023934
1112	1.0000000000023934
1113	1.0000000000023934
1114	1.0000000000023934
1115	1.0000000000023934
1116	1.0000000000023934
1117	1.0000000000023934
1118	1.0000000000023934
1119	1.0000000000023934
1120	1.0000000000023934
1121	1.0000000000023934
1122	1.0000000000023934
1123	1.0000000000023934
1124	1.0000000000023934
1125	1.0000000000023934
1126	1.0000000000023934
1127	1.0000000000023934
1128	1.0000000000023934
1129	1.0000000000023934
1130	1.0000000000023934
1131	1.0000000000023934
1132	1.0000000000023934
1133	1.0000000000023934
1134	1.0000000000023934
1135	1.0000000000023934
1136	1.0000000000023934
1137	1.0000000000023934
1138	1.0000000000023934
1139	1.0000000000023934
1140	1.0000000000023934
1141	1.0000000000023934
1142	1.0000000000023934
1143	1.0000000000023934
1144	1.0000000000023934
1145	1.0000000000023934
1146	1.0000000000023934
1147	1.0000000000023934
1148	1.0000000000023934
1149	1.0000000000023934
1150	1.0000000000023934
1151	1.0000000000023934
1152	1.0000000000023934
1153	1.0000000000023934
1154	1.0000000000023934
1155	1.0000000000023934
1156	1.0000000000023934
1157	1.0000000000023934
1158	1.0000000000023934
1159	1.0000000000023934
1160	1.0000000000023934
1161	1.0000000000023934
1162	1.0000000000023934
1163	1.0000000000023934
1164	1.0000000000023934
1165	1.0000000000023934
1166	1.0000000000023934
1167	1.0000000000023934
1168	1.0000000000023934
1169	1.0000000000023934
1170	1.0000000000023934
1171	1.0000000000023934
1172	1.0000000000023934
1173	1.0000000000023934
1174	1.0000000000023934
1175	1.0000000000023934
1176	1.0000000000023934
1177	1.0000000000023934
1178	1.0000000000023934
1179	1.0000000000023934
1180	1.0000000000023934
1181	1.0000000000023934
1182	1.0000000000023934
1183	1.0000000000023934
1184	1.0000000000023934
1185	1.0000000000023934
1186	1.0000000000023934
1187	1.0000000000023934
1188	1.0000000000023934
1189	1.0000000000023934
1190	1.0000000000023934
1191	1.0000000000023934
1192	1.0000000000023934
1193	1.0000000000023934
1194	1.0000000000023934
1195	1.0000000000023934
1196	1.0000000000023934
1197	1.0000000000023934
1198	1.0000000000023934
1199	1.0000000000023934
1200	1.0000000000023934
1201	1.0000000000023934
1202	1.0000000000023934
1203	1.0000000000023934
1204	1.0000000000023934
1205	1.0000000000023934
1206	1.0000000000023934
1207	1.0000000000023934
1208	1.0000000000023934
1209	1.0000000000023934
1210	1.0000000000023934
1211	1.0000000000023934
1212	1.0000000000023934
1213	1.0000000000023934
1214	1.0000000000023934
1215	1.0000000000023934
1216	1.0000000000023934
1217	1.0000000000023934
1218	1.0000000000023934
1219	1.0000000000023934
1220	1.0000000000023934
1221	1.0000000000023934
1222	1.0000000000023934
1223	1.0000000000023934
1224	1.0000000000023934
1225	1.0000000000023934
1226	1.0000000000023934
1227	1.0000000000023934
1228	1.0000000000023934
1229	1.0000000000023934
1230	1.0000000000023934
1231	1.0000000000023934
1232	1.0000000000023934
1233	1.0000000000023934
1234	1.0000000000023934
1235	1.0000000000023934
1236	1.0000000000023934
1237	1.0000000000023934
1238	1.0000000000023934
1239	1.0000000000023934
1240	1.0000000000023934
1241	1.0000000000023934
1242	1.0000000000023934
1243	1.0000000000023934
1244	1.0000000000023934
1245	1.0000000000023934
1246	1.0000000000023934
1247	1.0000000000023934
1248	1.0000000000023934
1249	1.0000000000023934
1250	1.0000000000023934
1251	1.0000000000023934
1252	1.0000000000023934
1253	1.0000000000023934
1254	1.0000000000023934
1255	1.0000000000023934
1256	1.0000000000023934
1257	1.0000000000023934
1258	1.0000000000023934
1259	1.0000000000023934
1260	1.0000000000023934
1261	1.0000000000023934
1262	1.0000000000023934
1263	1.0000000000023934
1264	1.0000000000023934
1265	1.0000000000023934
1266	1.0000000000023934
1267	1.0000000000023934
1268	1.0000000000023934
1269	1.0000000000023934
1270	1.0000000000023934
1271	1.0000000000023934
1272	1.0000000000023934
1273	1.0000000000023934
1274	1.0000000000023934
1275	1.0000000000023934
1276	1.0000000000023934
1277	1.0000000000023934
1278	1.0000000000023934
1279	1.0000000000023934
1280	1.0000000000023934
1281	1.0000000000023934
1282	1.0000000000023934
1283	1.0000000000023934
1284	1.0000000000023934
1285	1.0000000000023934
1286	1.0000000000023934
1287	1.0000000000023934
1288	1.0000000000023934
1289	1.0000000000023934
1290	1.0000000000023934
1291	1.0000000000023934
1292	1.0000000000023934
1293	1.0000000000023934
1294	1.0000000000023934
1295	1.0000000000023934
1296	1.0000000000023934
1297	1.0000000000023934
1298	1.0000000000023934
1299	1.0000000000023934
1300	1.0000000000023934
1301	1.0000000000023934
1302	1.0000000000023934
1303	1.0000000000023934
1304	1.0000000000023934
1305	1.0000000000023934
1306	1.0000000000023934
1307	1.0000000000023934
1308	1.0000000000023934
1309	1.0000000000023934
1310	1.0000000000023934
1311	1.0000000000023934
1312	1.0000000000023934
1313	1.0000000000023934
1314	1.0000000000023934
1315	1.0000000000023934
1316	1.0000000000023934
1317	1.0000000000023934
1318	1.0000000000023934
1319	1.0000000000023934
1320	1.0000000000023934
1321	1.0000000000023934
1322	1.0000000000023934
1323	1.0000000000023934
1324	1.0000000000023934
1325	1.0000000000023934
1326	1.0000000000023934
1327	1.0000000000023934
1328	1.0000000000023934
1329	1.0000000000023934
1330	1.0000000000023934
1331	1.0000000000023934
1332	1.0000000000023934
1333	1.0000000000023934
1334	1.0000000000023934
1335	1.0000000000023934
1336	1.0000000000023934
1337	1.0000000000023934
1338	1.0000000000023934
1339	1.0000000000023934
1340	1.0000000000023934
1341	1.0000000000023934
1342	1.0000000000023934
1343	1.0000000000023934
1344	1.0000000000023934
1345	1.0000000000023934
1346	1.0000000000023934
1347	1.0000000000023934
1348	1.0000000000023934
1349	1.0000000000023934
1350	1.0000000000023934
1351	1.0000000000023934
1352	1.0000000000023934
1353	1.0000000000023934
1354	1.0000000000023934
1355	1.0000000000023934
1356	1.0000000000023934
1357	1.0000000000023934
1358	1.0000000000023934
1359	1.0000000000023934
1360	1.0000000000023934
1361	1.0000000000023934
1362	1.0000000000023934
1363	1.0000000000023934
1364	1.0000000000023934
1365	1.0000000000023934
1366	1.0000000000023934
1367	1.0000000000023934
1368	1.0000000000023934
1369	1.0000000000023934
1370	1.0000000000023934
1371	1.0000000000023934
1372	1.0000000000023934
1373	1.0000000000023934
1374	1.0000000000023934
1375	1.0000000000023934
1376	1.0000000000023934
1377	1.0000000000023934
1378	1.0000000000023934
1379	1.0000000000023934
1380	1.0000000000023934
1381	1.0000000000023934
1382	1.0000000000023934
1383	1.0000000000023934
1384	1.0000000000023934
1385	1.0000000000023934
1386	1.0000000000023934
1387	1.0000000000023934
1388	1.0000000000023934
1389	1.0000000000023934
1390	1.0000000000023934
1391	1.0000000000023934
1392	1.0000000000023934
1393	1.0000000000023934
1394	1.0000000000023934
1395	1.0000000000023934
1396	1.0000000000023934
1397	1.0000000000023934
1398	1.0000000000023934
1399	1.0000000000023934
1400	1.0000000000023934
1401	1.0000000000023934
1402	1.0000000000023934
1403	1.0000000000023934
1404	1.0000000000023934
1405	1.0000000000023934
1406	1.0000000000023934
1407	1.0000000000023934
1408	1.0000000000023934
1409	1.0000000000023934
1410	1.0000000000023934
1411	1.0000000000023934
1412	1.0000000000023934
1413	1.0000000000023934
1414	1.0000000000023934
1415	1.0000000000023934
1416	1.0000000000023934
1417	1.0000000000023934
1418	1.0000000000023934
1419	1.0000000000023934
1420	1.0000000000023934
1421	1.0000000000023934
1422	1.0000000000023934
1423	1.0000000000023934
1424	1.0000000000023934
1425	1.0000000000023934
1426	1.0000000000023934
1427	1.0000000000023934
1428	1.0000000000023934
1429	1.0000000000023934
1430	1.0000000000023934
1431	1.0000000000023934
1432	1.0000000000023934
1433	1.0000000000023934
1434	1.0000000000023934
1435	1.0000000000023934
1436	1.0000000000023934
1437	1.0000000000023934
1438	1.0000000000023934
1439	1.0000000000023934
1440	1.0000000000023934
1441	1.0000000000023934
1442	1.0000000000023934
1443	1.0000000000023934
1444	1.0000000000023934
1445	1.0000000000023934
1446	1.0000000000023934
1447	1.0000000000023934
1448	1.0000000000023934
1449	1.0000000000023934
1450	1.0000000000023934
1451	1.0000000000023934
1452	1.0000000000023934
1453	1.0000000000023934
1454	1.0000000000023934
1455	1.0000000000023934
1456	1.0000000000023934
1457	1.0000000000023934
1458	1.0000000000023934
1459	1.0000000000023934
1460	1.0000000000023934
1461	1.0000000000023934
1462	1.0000000000023934
1463	1.0000000000023934
1464	1.0000000000023934
1465	1.0000000000023934
1466	1.0000000000023934
1467	1.0000000000023934
1468	1.0000000000023934
1469	1.0000000000023934
1470	1.0000000000023934
1471	1.0000000000023934
1472	1.0000000000023934
1473	1.0000000000023934
1474	1.0000000000023934
1475	1.0000000000023934
1476	1.0000000000023934
1477	1.0000000000023934
1478	1.0000000000023934
1479	1.0000000000023934
1480	1.0000000000023934
1481	1.0000000000023934
1482	1.0000000000023934
1483	1.0000000000023934
1484	1.0000000000023934
1485	1.0000000000023934
1486	1.0000000000023934
1487	1.0000000000023934
1488	1.0000000000023934
1489	1.0000000000023934
1490	1.0000000000023934
1491	1.0000000000023934
1492	1.0000000000023934
1493	1.0000000000023934
1494	1.0000000000023934
1495	1.0000000000023934
1496	1.0000000000023934
1497	1.0000000000023934
1498	1.0000000000023934
1499	1.0000000000023934
1500	1.0000000000023934
1501	1.0000000000023934
1502	1.0000000000023934
1503	1.0000000000023934
1504	1.0000000000023934
1505	1.0000000000023934
1506	1.0000000000023934
1507	1.0000000000023934
1508	1.0000000000023934
1509	1.0000000000023934
1510	1.0000000000023934
1511	1.0000000000023934
1512	1.0000000000023934
1513	1.0000000000023934
1514	1.0000000000023934
1515	1.0000000000023934
1516	1.0000000000023934
1517	1.0000000000023934
1518	1.0000000000023934
1519	1.0000000000023934
1520	1.0000000000023934
1521	1.0000000000023934
1522	1.0000000000023934
1523	1.0000000000023934
1524	1.0000000000023934
1525	1.0000000000023934
1526	1.0000000000023934
1527	1.0000000000023934
1528	1.0000000000023934
1529	1.0000000000023934
1530	1.0000000000023934
1531	1.0000000000023934
1532	1.0000000000023934
1533	1.0000000000023934
1534	1.0000000000023934
1535	1.0000000000023934
1536	1.0000000000023934
1537	1.0000000000023934
1538	1.0000000000023934
1539	1.0000000000023934
1540	1.0000000000023934
1541	1.0000000000023934
1542	1.0000000000023934
1543	1.0000000000023934
1544	1.0000000000023934
1545	1.0000000000023934
1546	1.0000000000023934
1547	1.0000000000023934
1548	1.0000000000023934
1549	1.0000000000023934
1550	1.0000000000023934
1551	1.0000000000023934
1552	1.0000000000023934
1553	1.0000000000023934
1554	1.0000000000023934
1555	1.0000000000023934
1556	1.0000000000023934
1557	1.0000000000023934
1558	1.0000000000023934
1559	1.0000000000023934
1560	1.0000000000023934
1561	1.0000000000023934
1562	1.0000000000023934
1563	1.0000000000023934
1564	1.0000000000023934
1565	1.0000000000023934
1566	1.0000000000023934
1567	1.0000000000023934
1568	1.0000000000023934
1569	1.0000000000023934
1570	1.0000000000023934
1571	1.0000000000023934
1572	1.0000000000023934
1573	1.0000000000023934
1574	1.0000000000023934
1575	1.0000000000023934
1576	1.0000000000023934
1577	1.0000000000023934
1578	1.0000000000023934
1579	1.0000000000023934
1580	1.0000000000023934
1581	1.0000000000023934
1582	1.0000000000023934
1583	1.0000000000023934
1584	1.0000000000023934
1585	1.0000000000023934
1586	1.0000000000023934
1587	1.0000000000023934
1588	1.0000000000023934
1589	1.0000000000023934
1590	1.0000000000023934
1591	1.0000000000023934
1592	1.0000000000023934
1593	1.0000000000023934
1594	1.0000000000023934
1595	1.0000000000023934
1596	1.0000000000023934
1597	1.0000000000023934
1598	1.0000000000023934
1599	1.0000000000023934
1600	1.0000000000023934
1601	1.0000000000023934
1602	1.0000000000023934
1603	1.0000000000023934
1604	1.0000000000023934
1605	1.0000000000023934
1606	1.0000000000023934
1607	1.0000000000023934
1608	1.0000000000023934
1609	1.0000000000023934
1610	1.0000000000023934
1611	1.0000000000023934
1612	1.0000000000023934
1613	1.0000000000023934
1614	1.0000000000023934
1615	1.0000000000023934
1616	1.0000000000023934
1617	1.0000000000023934
1618	1.0000000000023934
1619	1.0000000000023934
1620	1.0000000000023934
1621	1.0000000000023934
1622	1.0000000000023934
1623	1.0000000000023934
1624	1.0000000000023934
1625	1.0000000000023934
1626	1.0000000000023934
1627	1.0000000000023934
1628	1.0000000000023934
1629	1.0000000000023934
1630	1.0000000000023934
1631	1.0000000000023934
1632	1.0000000000023934
1633	1.0000000000023934
1634	1.0000000000023934
1635	1.0000000000023934
1636	1.0000000000023934
1637	1.0000000000023934
1638	1.0000000000023934
1639	1.0000000000023934
1640	1.0000000000023934
1641	1.0000000000023934
1642	1.0000000000023934
1643	1.0000000000023934
1644	1.0000000000023934
1645	1.0000000000023934
1646	1.0000000000023934
1647	1.0000000000023934
1648	1.0000000000023934
1649	1.0000000000023934
1650	1.0000000000023934
1651	1.0000000000023934
1652	1.0000000000023934
1653	1.0000000000023934
1654	1.0000000000023934
1655	1.0000000000023934
1656	1.0000000000023934
1657	1.0000000000023934
1658	1.0000000000023934
1659	1.0000000000023934
1660	1.0000000000023934
1661	1.0000000000023934
1662	1.0000000000023934
1663	1.0000000000023934
1664	1.0000000000023934
1665	1.0000000000023934
1666	1.0000000000023934
1667	1.0000000000023934
1668	1.0000000000023934
1669	1.0000000000023934
1670	1.0000000000023934
1671	1.0000000000023934
1672	1.0000000000023934
1673	1.0000000000023934
1674	1.0000000000023934
1675	1.0000000000023934
1676	1.0000000000023934
1677	1.0000000000023934
1678	1.0000000000023934
1679	1.0000000000023934
1680	1.0000000000023934
1681	1.0000000000023934
1682	1.0000000000023934
1683	1.0000000000023934
1684	1.0000000000023934
1685	1.0000000000023934
1686	1.0000000000023934
1687	1.0000000000023934
1688	1.0000000000023934
1689	1.0000000000023934
1690	1.0000000000023934
1691	1.0000000000023934
1692	1.0000000000023934
1693	1.0000000000023934
1694	1.0000000000023934
1695	1.0000000000023934
1696	1.0000000000023934
1697	1.0000000000023934
1698	1.0000000000023934
1699	1.0000000000023934
1700	1.0000000000023934
1701	1.0000000000023934
1702	1.0000000000023934
1703	1.0000000000023934
1704	1.0000000000023934
1705	1.0000000000023934
1706	1.0000000000023934
1707	1.0000000000023934
1708	1.0000000000023934
1709	1.0000000000023934
1710	1.0000000000023934
1711	1.0000000000023934
1712	1.0000000000023934
1713	1.0000000000023934
1714	1.0000000000023934
1715	1.0000000000023934
1716	1.0000000000023934
1717	1.0000000000023934
1718	1.0000000000023934
1719	1.0000000000023934
1720	1.0000000000023934
1721	1.0000000000023934
1722	1.0000000000023934
1723	1.0000000000023934
1724	1.0000000000023934
1725	1.0000000000023934
1726	1.0000000000023934
1727	1.0000000000023934
1728	1.0000000000023934
1729	1.0000000000023934
1730	1.0000000000023934
1731	1.0000000000023934
1732	1.0000000000023934
1733	1.0000000000023934
1734	1.0000000000023934
1735	1.0000000000023934
1736	1.0000000000023934
1737	1.0000000000023934
1738	1.0000000000023934
1739	1.0000000000023934
1740	1.0000000000023934
1741	1.0000000000023934
1742	1.0000000000023934
1743	1.0000000000023934
1744	1.0000000000023934
1745	1.0000000000023934
1746	1.0000000000023934
1747	1.0000000000023934
1748	1.0000000000023934
1749	1.0000000000023934
1750	1.0000000000023934
1751	1.0000000000023934
1752	1.0000000000023934
1753	1.0000000000023934
1754	1.0000000000023934
1755	1.0000000000023934
1756	1.0000000000023934
1757	1.0000000000023934
1758	1.0000000000023934
1759	1.0000000000023934
1760	1.0000000000023934
1761	1.0000000000023934
1762	1.0000000000023934
1763	1.0000000000023934
1764	1.0000000000023934
1765	1.0000000000023934
1766	1.0000000000023934
1767	1.0000000000023934
1768	1.0000000000023934
1769	1.0000000000023934
1770	1.0000000000023934
1771	1.0000000000023934
1772	1.0000000000023934
1773	1.0000000000023934
1774	1.0000000000023934
1775	1.0000000000023934
1776	1.0000000000023934
1777	1.0000000000023934
1778	1.0000000000023934
1779	1.0000000000023934
1780	1.0000000000023934
1781	1.0000000000023934
1782	1.0000000000023934
1783	1.0000000000023934
1784	1.0000000000023934
1785	1.0000000000023934
1786	1.0000000000023934
1787	1.0000000000023934
1788	1.0000000000023934
1789	1.0000000000023934
1790	1.0000000000023934
1791	1.0000000000023934
1792	1.0000000000023934
1793	1.0000000000023934
1794	1.0000000000023934
1795	1.0000000000023934
1796	1.0000000000023934
1797	1.0000000000023934
1798	1.0000000000023934
1799	1.0000000000023934
1800	1.0000000000023934
1801	1.0000000000023934
1802	1.0000000000023934
1803	1.0000000000023934
1804	1.0000000000023934
1805	1.0000000000023934
1806	1.0000000000023934
1807	1.0000000000023934
1808	1.0000000000023934
1809	1.0000000000023934
1810	1.0000000000023934
1811	1.0000000000023934
1812	1.0000000000023934
1813	1.0000000000023934
1814	1.0000000000023934
1815	1.0000000000023934
1816	1.0000000000023934
1817	1.0000000000023934
1818	1.0000000000023934
1819	1.0000000000023934
1820	1.0000000000023934
1821	1.0000000000023934
1822	1.0000000000023934
1823	1.0000000000023934
1824	1.0000000000023934
1825	1.0000000000023934
1826	1.0000000000023934
1827	1.0000000000023934
1828	1.0000000000023934
1829	1.0000000000023934
1830	1.0000000000023934
1831	1.0000000000023934
1832	1.0000000000023934
1833	1.0000000000023934
1834	1.0000000000023934
1835	1.0000000000023934
1836	1.0000000000023934
1837	1.0000000000023934
1838	1.0000000000023934
1839	1.0000000000023934
1840	1.0000000000023934
1841	1.0000000000023934
1842	1.0000000000023934
1843	1.0000000000023934
1844	1.0000000000023934
1845	1.0000000000023934
1846	1.0000000000023934
1847	1.0000000000023934
1848	1.0000000000023934
1849	1.0000000000023934
1850	1.0000000000023934
1851	1.0000000000023934
1852	1.0000000000023934
1853	1.0000000000023934
1854	1.0000000000023934
1855	1.0000000000023934
1856	1.0000000000023934
1857	1.0000000000023934
1858	1.0000000000023934
1859	1.0000000000023934
1860	1.0000000000023934
1861	1.0000000000023934
1862	1.0000000000023934
1863	1.0000000000023934
1864	1.0000000000023934
1865	1.0000000000023934
1866	1.0000000000023934
1867	1.0000000000023934
1868	1.0000000000023934
1869	1.0000000000023934
1870	1.0000000000023934
1871	1.0000000000023934
1872	1.0000000000023934
1873	1.0000000000023934
1874	1.0000000000023934
1875	1.0000000000023934
1876	1.0000000000023934
1877	1.0000000000023934
1878	1.0000000000023934
1879	1.0000000000023934
1880	1.0000000000023934
1881	1.0000000000023934
1882	1.0000000000023934
1883	1.0000000000023934
1884	1.0000000000023934
1885	1.0000000000023934
1886	1.0000000000023934
1887	1.0000000000023934
1888	1.0000000000023934
1889	1.0000000000023934
1890	1.0000000000023934
1891	1.0000000000023934
1892	1.0000000000023934
1893	1.0000000000023934
1894	1.0000000000023934
1895	1.0000000000023934
1896	1.0000000000023934
1897	1.0000000000023934
1898	1.0000000000023934
1899	1.0000000000023934
1900	1.0000000000023934
1901	1.0000000000023934
1902	1.0000000000023934
1903	1.0000000000023934
1904	1.0000000000023934
1905	1.0000000000023934
1906	1.0000000000023934
1907	1.0000000000023934
1908	1.0000000000023934
1909	1.0000000000023934
1910	1.0000000000023934
1911	1.0000000000023934
1912	1.0000000000023934
1913	1.0000000000023934
1914	1.0000000000023934
1915	1.0000000000023934
1916	1.0000000000023934
1917	1.0000000000023934
1918	1.0000000000023934
1919	1.0000000000023934
1920	1.0000000000023934
1921	1.0000000000023934
1922	1.0000000000023934
1923	1.0000000000023934
1924	1.0000000000023934
1925	1.0000000000023934
1926	1.0000000000023934
1927	1.0000000000023934
1928	1.0000000000023934
1929	1.0000000000023934
1930	1.0000000000023934
1931	1.0000000000023934
1932	1.0000000000023934
1933	1.0000000000023934
1934	1.0000000000023934
1935	1.0000000000023934
1936	1.0000000000023934
1937	1.0000000000023934
1938	1.0000000000023934
1939	1.0000000000023934
1940	1.0000000000023934
1941	1.0000000000023934
1942	1.0000000000023934
1943	1.0000000000023934
1944	1.0000000000023934
1945	1.0000000000023934
1946	1.0000000000023934
1947	1.0000000000023934
1948	1.0000000000023934
1949	1.0000000000023934
1950	1.0000000000023934
1951	1.0000000000023934
1952	1.0000000000023934
1953	1.0000000000023934
1954	1.0000000000023934
1955	1.0000000000023934
1956	1.0000000000023934
1957	1.0000000000023934
1958	1.0000000000023934
1959	1.0000000000023934
1960	1.0000000000023934
1961	1.0000000000023934
1962	1.0000000000023934
1963	1.0000000000023934
1964	1.0000000000023934
1965	1.0000000000023934
1966	1.0000000000023934
1967	1.0000000000023934
1968	1.0000000000023934
1969	1.0000000000023934
1970	1.0000000000023934
1971	1.0000000000023934
1972	1.0000000000023934
1973	1.0000000000023934
1974	1.0000000000023934
1975	1.0000000000023934
1976	1.0000000000023934
1977	1.0000000000023934
1978	1.0000000000023934
1979	1.0000000000023934
1980	1.0000000000023934
1981	1.0000000000023934
1982	1.0000000000023934
1983	1.0000000000023934
1984	1.0000000000023934
1985	1.0000000000023934
1986	1.0000000000023934
1987	1.0000000000023934
1988	1.0000000000023934
1989	1.0000000000023934
1990	1.0000000000023934
1991	1.0000000000023934
1992	1.0000000000023934
1993	1.0000000000023934
1994	1.0000000000023934
1995	1.0000000000023934
1996	1.0000000000023934
1997	1.0000000000023934
1998	1.0000000000023934
1999	1.0000000000023934
2000	1.0000000000023934
2001	1.0000000000023934
2002	1.0000000000023934
2003	1.0000000000023934
2004	1.0000000000023934
2005	1.0000000000023934
2006	1.0000000000023934
2007	1.0000000000023934
2008	1.0000000000023934
2009	1.0000000000023934
2010	1.0000000000023934
2011	1.0000000000023934
2012	1.0000000000023934
2013	1.0000000000023934
2014	1.0000000000023934
2015	1.0000000000023934
2016	1.0000000000023934
2017	1.0000000000023934
2018	1.0000000000023934
2019	1.0000000000023934
2020	1.0000000000023934
2021	1.0000000000023934
2022	1.0000000000023934
2023	1.0000000000023934
2024	1.0000000000023934
2025	1.0000000000023934
2026	1.0000000000023934
2027	1.0000000000023934
2028	1.0000000000023934
2029	1.0000000000023934
2030	1.0000000000023934
2031	1.0000000000023934
2032	1.0000000000023934
2033	1.0000000000023934
2034	1.0000000000023934
2035	1.0000000000023934
2036	1.0000000000023934
2037	1.0000000000023934
2038	1.0000000000023934
2039	1.0000000000023934
2040	1.0000000000023934
2041	1.0000000000023934
2042	1.0000000000023934
2043	1.0000000000023934
2044	1.0000000000023934
2045	1.0000000000023934
2046	1.0000000000023934
2047	1.0000000000023934
2048	1.0000000000023934
2049	1.0000000000023934
2050	1.0000000000023934
2051	1.0000000000023934
2052	1.0000000000023934
2053	1.0000000000023934
2054	1.0000000000023934
2055	1.0000000000023934
2056	1.0000000000023934
2057	1.0000000000023934
2058	1.0000000000023934
2059	1.0000000000023934
2060	1.0000000000023934
2061	1.0000000000023934
2062	1.0000000000023934
2063	1.0000000000023934
2064	1.0000000000023934
2065	1.0000000000023934
2066	1.0000000000023934
2067	1.0000000000023934
2068	1.0000000000023934
2069	1.0000000000023934
2070	1.0000000000023934
2071	1.0000000000023934
2072	1.0000000000023934
2073	1.0000000000023934
2074	1.0000000000023934
2075	1.0000000000023934
2076	1.0000000000023934
2077	1.0000000000023934
2078	1.0000000000023934
2079	1.0000000000023934
2080	1.0000000000023934
2081	1.0000000000023934
2082	1.0000000000023934
2083	1.0000000000023934
2084	1.0000000000023934
2085	1.0000000000023934
2086	1.0000000000023934
2087	1.0000000000023934
2088	1.0000000000023934
2089	1.0000000000023934
2090	1.0000000000023934
2091	1.0000000000023934
2092	1.0000000000023934
2093	1.0000000000023934
2094	1.0000000000023934
2095	1.0000000000023934
2096	1.0000000000023934
2097	1.0000000000023934
2098	1.0000000000023934
2099	1.0000000000023934
2100	1.0000000000023934
2101	1.0000000000023934
2102	1.0000000000023934
2103	1.0000000000023934
2104	1.0000000000023934
2105	1.0000000000023934
2106	1.0000000000023934
2107	1.0000000000023934
2108	1.0000000000023934
2109	1.0000000000023934
2110	1.0000000000023934
2111	1.0000000000023934
2112	1.0000000000023934
2113	1.0000000000023934
2114	1.0000000000023934
2115	1.0000000000023934
2116	1.0000000000023934
2117	1.0000000000023934
2118	1.0000000000023934
2119	1.0000000000023934
2120	1.0000000000023934
2121	1.0000000000023934
2122	1.0000000000023934
2123	1.0000000000023934
2124	1.0000000000023934
2125	1.0000000000023934
2126	1.0000000000023934
2127	1.0000000000023934
2128	1.0000000000023934
2129	1.0000000000023934
2130	1.0000000000023934
2131	1.0000000000023934
2132	1.0000000000023934
2133	1.0000000000023934
2134	1.0000000000023934
2135	1.0000000000023934
2136	1.0000000000023934
2137	1.0000000000023934
2138	1.0000000000023934
2139	1.0000000000023934
2140	1.0000000000023934
2141	1.0000000000023934
2142	1.0000000000023934
2143	1.0000000000023934
2144	1.0000000000023934
2145	1.0000000000023934
2146	1.0000000000023934
2147	1.0000000000023934
2148	1.0000000000023934
2149	1.0000000000023934
2150	1.0000000000023934
2151	1.0000000000023934
2152	1.0000000000023934
2153	1.0000000000023934
2154	1.0000000000023934
2155	1.0000000000023934
2156	1.0000000000023934
2157	1.0000000000023934
2158	1.0000000000023934
2159	1.0000000000023934
2160	1.0000000000023934
2161	1.0000000000023934
2162	1.0000000000023934
2163	1.0000000000023934
2164	1.0000000000023934
2165	1.0000000000023934
2166	1.0000000000023934
2167	1.0000000000023934
2168	1.0000000000023934
2169	1.0000000000023934
2170	1.0000000000023934
2171	1.0000000000023934
2172	1.0000000000023934
2173	1.0000000000023934
2174	1.0000000000023934
2175	1.0000000000023934
2176	1.0000000000023934
2177	1.0000000000023934
2178	1.0000000000023934
2179	1.0000000000023934
2180	1.0000000000023934
2181	1.0000000000023934
2182	1.0000000000023934
2183	1.0000000000023934
2184	1.0000000000023934
2185	1.0000000000023934
2186	1.0000000000023934
2187	1.0000000000023934
2188	1.0000000000023934
2189	1.0000000000023934
2190	1.0000000000023934
2191	1.0000000000023934
2192	1.0000000000023934
2193	1.0000000000023934
2194	1.0000000000023934
2195	1.0000000000023934
2196	1.0000000000023934
2197	1.0000000000023934
2198	1.0000000000023934
2199	1.0000000000023934
2200	1.0000000000023934
2201	1.0000000000023934
2202	1.0000000000023934
2203	1.0000000000023934
2204	1.0000000000023934
2205	1.0000000000023934
2206	1.0000000000023934
2207	1.0000000000023934
2208	1.0000000000023934
2209	1.0000000000023934
2210	1.0000000000023934
2211	1.0000000000023934
2212	1.0000000000023934
2213	1.0000000000023934
2214	1.0000000000023934
2215	1.0000000000023934
2216	1.0000000000023934
2217	1.0000000000023934
2218	1.0000000000023934
2219	1.0000000000023934
2220	1.0000000000023934
2221	1.0000000000023934
2222	1.0000000000023934
2223	1.0000000000023934
2224	1.0000000000023934
2225	1.0000000000023934
2226	1.0000000000023934
2227	1.0000000000023934
2228	1.0000000000023934
2229	1.0000000000023934
2230	1.0000000000023934
2231	1.0000000000023934
2232	1.0000000000023934
2233	1.0000000000023934
2234	1.0000000000023934
2235	1.0000000000023934
2236	1.0000000000023934
2237	1.0000000000023934
2238	1.0000000000023934
2239	1.0000000000023934
2240	1.0000000000023934
2241	1.0000000000023934
2242	1.0000000000023934
2243	1.0000000000023934
2244	1.0000000000023934
2245	1.0000000000023934
2246	1.0000000000023934
2247	1.0000000000023934
2248	1.0000000000023934
2249	1.0000000000023934
2250	1.0000000000023934
2251	1.0000000000023934
2252	1.0000000000023934
2253	1.0000000000023934
2254	1.0000000000023934
2255	1.0000000000023934
2256	1.0000000000023934
2257	1.0000000000023934
2258	1.0000000000023934
2259	1.0000000000023934
2260	1.0000000000023934
2261	1.0000000000023934
2262	1.0000000000023934
2263	1.0000000000023934
2264	1.0000000000023934
2265	1.0000000000023934
2266	1.0000000000023934
2267	1.0000000000023934
2268	1.0000000000023934
2269	1.0000000000023934
2270	1.0000000000023934
2271	1.0000000000023934
2272	1.0000000000023934
2273	1.0000000000023934
2274	1.0000000000023934
2275	1.0000000000023934
2276	1.0000000000023934
2277	1.0000000000023934
2278	1.0000000000023934
2279	1.0000000000023934
2280	1.0000000000023934
2281	1.0000000000023934
2282	1.0000000000023934
2283	1.0000000000023934
2284	1.0000000000023934
2285	1.0000000000023934
2286	1.0000000000023934
2287	1.0000000000023934
2288	1.0000000000023934
2289	1.0000000000023934
2290	1.0000000000023934
2291	1.0000000000023934
2292	1.0000000000023934
2293	1.0000000000023934
2294	1.0000000000023934
2295	1.0000000000023934
2296	1.0000000000023934
2297	1.0000000000023934
2298	1.0000000000023934
2299	1.0000000000023934
2300	1.0000000000023934
2301	1.0000000000023934
2302	1.0000000000023934
2303	1.0000000000023934
2304	1.0000000000023934
2305	1.0000000000023934
2306	1.0000000000023934
2307	1.0000000000023934
2308	1.0000000000023934
2309	1.0000000000023934
2310	1.0000000000023934
2311	1.0000000000023934
2312	1.0000000000023934
2313	1.0000000000023934
2314	1.0000000000023934
2315	1.0000000000023934
2316	1.0000000000023934
2317	1.0000000000023934
2318	1.0000000000023934
2319	1.0000000000023934
2320	1.0000000000023934
2321	1.0000000000023934
2322	1.0000000000023934
2323	1.0000000000023934
2324	1.0000000000023934
2325	1.0000000000023934
2326	1.0000000000023934
2327	1.0000000000023934
2328	1.0000000000023934
2329	1.0000000000023934
2330	1.0000000000023934
2331	1.0000000000023934
2332	1.0000000000023934
2333	1.0000000000023934
2334	1.0000000000023934
2335	1.0000000000023934
2336	1.0000000000023934
2337	1.0000000000023934
2338	1.0000000000023934
2339	1.0000000000023934
2340	1.0000000000023934
2341	1.0000000000023934
2342	1.0000000000023934
2343	1.0000000000023934
2344	1.0000000000023934
2345	1.0000000000023934
2346	1.0000000000023934
2347	1.0000000000023934
2348	1.0000000000023934
2349	1.0000000000023934
2350	1.0000000000023934
2351	1.0000000000023934
2352	1.0000000000023934
2353	1.0000000000023934
2354	1.0000000000023934
2355	1.0000000000023934
2356	1.0000000000023934
2357	1.0000000000023934
2358	1.0000000000023934
2359	1.0000000000023934
2360	1.0000000000023934
2361	1.0000000000023934
2362	1.0000000000023934
2363	1.0000000000023934
2364	1.0000000000023934
2365	1.0000000000023934
2366	1.0000000000023934
2367	1.0000000000023934
2368	1.0000000000023934
2369	1.0000000000023934
2370	1.0000000000023934
2371	1.0000000000023934
2372	1.0000000000023934
2373	1.0000000000023934
2374	1.0000000000023934
2375	1.0000000000023934
2376	1.0000000000023934
2377	1.0000000000023934
2378	1.0000000000023934
2379	1.0000000000023934
2380	1.0000000000023934
2381	1.0000000000023934
2382	1.0000000000023934
2383	1.0000000000023934
2384	1.0000000000023934
2385	1.0000000000023934
2386	1.0000000000023934
2387	1.0000000000023934
2388	1.0000000000023934
2389	1.0000000000023934
2390	1.0000000000023934
2391	1.0000000000023934
2392	1.0000000000023934
2393	1.0000000000023934
2394	1.0000000000023934
2395	1.0000000000023934
2396	1.0000000000023934
2397	1.0000000000023934
2398	1.0000000000023934
2399	1.0000000000023934
2400	1.0000000000023934
2401	1.0000000000023934
2402	1.0000000000023934
2403	1.0000000000023934
2404	1.0000000000023934
2405	1.0000000000023934
2406	1.0000000000023934
2407	1.0000000000023934
2408	1.0000000000023934
2409	1.0000000000023934
2410	1.0000000000023934
2411	1.0000000000023934
2412	1.0000000000023934
2413	1.0000000000023934
2414	1.0000000000023934
2415	1.0000000000023934
2416	1.0000000000023934
2417	1.0000000000023934
2418	1.0000000000023934
2419	1.0000000000023934
2420	1.0000000000023934
2421	1.0000000000023934
2422	1.0000000000023934
2423	1.0000000000023934
2424	1.0000000000023934
2425	1.0000000000023934
2426	1.0000000000023934
2427	1.0000000000023934
2428	1.0000000000023934
2429	1.0000000000023934
2430	1.0000000000023934
2431	1.0000000000023934
2432	1.0000000000023934
2433	1.0000000000023934
2434	1.0000000000023934
2435	1.0000000000023934
2436	1.0000000000023934
2437	1.0000000000023934
2438	1.0000000000023934
2439	1.0000000000023934
2440	1.0000000000023934
2441	1.0000000000023934
2442	1.0000000000023934
2443	1.0000000000023934
2444	1.0000000000023934
2445	1.0000000000023934
2446	1.0000000000023934
2447	1.0000000000023934
2448	1.0000000000023934
2449	1.0000000000023934
2450	1.0000000000023934
2451	1.0000000000023934
2452	1.0000000000023934
2453	1.0000000000023934
2454	1.0000000000023934
2455	1.0000000000023934
2456	1.0000000000023934
2457	1.0000000000023934
2458	1.0000000000023934
2459	1.0000000000023934
2460	1.0000000000023934
2461	1.0000000000023934
2462	1.0000000000023934
2463	1.0000000000023934
2464	1.0000000000023934
2465	1.0000000000023934
2466	1.0000000000023934
2467	1.0000000000023934
2468	1.0000000000023934
2469	1.0000000000023934
2470	1.0000000000023934
2471	1.0000000000023934
2472	1.0000000000023934
2473	1.0000000000023934
2474	1.0000000000023934
2475	1.0000000000023934
2476	1.0000000000023934
2477	1.0000000000023934
2478	1.0000000000023934
2479	1.0000000000023934
2480	1.0000000000023934
2481	1.0000000000023934
2482	1.0000000000023934
2483	1.0000000000023934
2484	1.0000000000023934
2485	1.0000000000023934
2486	1.0000000000023934
2487	1.0000000000023934
2488	1.0000000000023934
2489	1.0000000000023934
2490	1.0000000000023934
2491	1.0000000000023934
2492	1.0000000000023934
2493	1.0000000000023934
2494	1.0000000000023757
2495	0.9999999999990217
2496	0.9999999994524238
2497	0.9999999252523034
2498	0.999991870339044
2499	0.9993363170742647
2500	0.9637819045617926
