k	pvalue
0	1.0000000000023856
1	1.0000000000023856
2	1.0000000000023856
3	1.0000000000023856
4	1.0000000000023856
5	1.0000000000023856
6	1.0000000000023856
7	1.0000000000023856
8	1.0000000000023856
9	1.0000000000023856
10	1.0000000000023856
11	1.0000000000023856
12	1.0000000000023856
13	1.0000000000023856
14	1.0000000000023856
15	1.0000000000023856
16	1.0000000000023856
17	1.0000000000023856
18	1.0000000000023856
19	1.0000000000023856
20	1.0000000000023856
21	1.0000000000023856
22	1.0000000000023856
23	1.0000000000023856
24	1.0000000000023856
25	1.0000000000023856
26	1.0000000000023856
27	1.0000000000023856
28	1.0000000000023856
29	1.0000000000023856
30	1.0000000000023856
31	1.0000000000023856
32	1.0000000000023856
33	1.0000000000023856
34	1.0000000000023856
35	1.0000000000023856
36	1.0000000000023856
37	1.0000000000023856
38	1.0000000000023856
39	1.0000000000023856
40	1.0000000000023856
41	1.0000000000023856
42	1.0000000000023856
43	1.0000000000023856
44	1.0000000000023856
45	1.0000000000023856
46	1.0000000000023856
47	1.0000000000023856
48	1.0000000000023856
49	1.0000000000023856
50	1.0000000000023856
51	1.0000000000023856
52	1.0000000000023856
53	1.0000000000023856
54	1.0000000000023856
55	1.0000000000023856
56	1.0000000000023856
57	1.0000000000023856
58	1.0000000000023856
59	1.0000000000023856
60	1.0000000000023856
61	1.0000000000023856
62	1.0000000000023856
63	1.0000000000023856
64	1.0000000000023856
65	1.0000000000023856
66	1.0000000000023856
67	1.0000000000023856
68	1.0000000000023856
69	1.0000000000023856
70	1.0000000000023856
71	1.0000000000023856
72	1.0000000000023856
73	1.0000000000023856
74	1.0000000000023856
75	1.0000000000023856
76	1.0000000000023856
77	1.0000000000023856
78	1.0000000000023856
79	1.0000000000023856
80	1.0000000000023856
81	1.0000000000023856
82	1.0000000000023856
83	1.0000000000023856
84	1.0000000000023856
85	1.0000000000023856
86	1.0000000000023856
87	1.0000000000023856
88	1.0000000000023856
89	1.0000000000023856
90	1.0000000000023856
91	1.0000000000023856
92	1.0000000000023856
93	1.0000000000023856
94	1.0000000000023856
95	1.0000000000023856
96	1.0000000000023856
97	1.0000000000023856
98	1.0000000000023856
99	1.0000000000023856
100	1.0000000000023856
101	1.0000000000023856
102	1.0000000000023856
103	1.0000000000023856
104	1.0000000000023856
105	1.0000000000023856
106	1.0000000000023856
107	1.0000000000023856
108	1.0000000000023856
109	1.0000000000023856
110	1.0000000000023856
111	1.0000000000023856
112	1.0000000000023856
113	1.0000000000023856
114	1.0000000000023856
115	1.0000000000023856
116	1.0000000000023856
117	1.0000000000023856
118	1.0000000000023856
119	1.0000000000023856
120	1.0000000000023856
121	1.0000000000023856
122	1.0000000000023856
123	1.0000000000023856
124	1.0000000000023856
125	1.0000000000023856
126	1.0000000000023856
127	1.0000000000023856
128	1.0000000000023856
129	1.0000000000023856
130	1.0000000000023856
131	1.0000000000023856
132	1.0000000000023856
133	1.0000000000023856
134	1.0000000000023856
135	1.0000000000023856
136	1.0000000000023856
137	1.0000000000023856
138	1.0000000000023856
139	1.0000000000023856
140	1.0000000000023856
141	1.0000000000023856
142	1.0000000000023856
143	1.0000000000023856
144	1.0000000000023856
145	1.0000000000023856
146	1.0000000000023856
147	1.0000000000023856
148	1.0000000000023856
149	1.0000000000023856
150	1.0000000000023856
151	1.0000000000023856
152	1.0000000000023856
153	1.0000000000023856
154	1.0000000000023856
155	1.0000000000023856
156	1.0000000000023856
157	1.0000000000023856
158	1.0000000000023856
159	1.0000000000023856
160	1.0000000000023856
161	1.0000000000023856
162	1.0000000000023856
163	1.0000000000023856
164	1.0000000000023856
165	1.0000000000023856
166	1.0000000000023856
167	1.0000000000023856
168	1.0000000000023856
169	1.0000000000023856
170	1.0000000000023856
171	1.0000000000023856
172	1.0000000000023856
173	1.0000000000023856
174	1.0000000000023856
175	1.0000000000023856
176	1.0000000000023856
177	1.0000000000023856
178	1.0000000000023856
179	1.0000000000023856
180	1.0000000000023856
181	1.0000000000023856
182	1.0000000000023856
183	1.0000000000023856
184	1.0000000000023856
185	1.0000000000023856
186	1.0000000000023856
187	1.0000000000023856
188	1.0000000000023856
189	1.0000000000023856
190	1.0000000000023856
191	1.0000000000023856
192	1.0000000000023856
193	1.0000000000023856
194	1.0000000000023856
195	1.0000000000023856
196	1.0000000000023856
197	1.0000000000023856
198	1.0000000000023856
199	1.0000000000023856
200	1.0000000000023856
201	1.0000000000023856
202	1.0000000000023856
203	1.0000000000023856
204	1.0000000000023856
205	1.0000000000023856
206	1.0000000000023856
207	1.0000000000023856
208	1.0000000000023856
209	1.0000000000023856
210	1.0000000000023856
211	1.0000000000023856
212	1.0000000000023856
213	1.0000000000023856
214	1.0000000000023856
215	1.0000000000023856
216	1.0000000000023856
217	1.0000000000023856
218	1.0000000000023856
219	1.0000000000023856
220	1.0000000000023856
221	1.0000000000023856
222	1.0000000000023856
223	1.0000000000023856
224	1.0000000000023856
225	1.0000000000023856
226	1.0000000000023856
227	1.0000000000023856
228	1.0000000000023856
229	1.0000000000023856
230	1.0000000000023856
231	1.0000000000023856
232	1.0000000000023856
233	1.0000000000023856
234	1.0000000000023856
235	1.0000000000023856
236	1.0000000000023856
237	1.0000000000023856
238	1.0000000000023856
239	1.0000000000023856
240	1.0000000000023856
241	1.0000000000023856
242	1.0000000000023856
243	1.0000000000023856
244	1.0000000000023856
245	1.0000000000023856
246	1.0000000000023856
247	1.0000000000023856
248	1.0000000000023856
249	1.0000000000023856
250	1.0000000000023856
251	1.0000000000023856
252	1.0000000000023856
253	1.0000000000023856
254	1.0000000000023856
255	1.0000000000023856
256	1.0000000000023856
257	1.0000000000023856
258	1.0000000000023856
259	1.0000000000023856
260	1.0000000000023856
261	1.0000000000023856
262	1.0000000000023856
263	1.0000000000023856
264	1.0000000000023856
265	1.0000000000023856
266	1.0000000000023856
267	1.0000000000023856
268	1.0000000000023856
269	1.0000000000023856
270	1.0000000000023856
271	1.0000000000023856
272	1.0000000000023856
273	1.0000000000023856
274	1.0000000000023856
275	1.0000000000023856
276	1.0000000000023856
277	1.0000000000023856
278	1.0000000000023856
279	1.0000000000023856
280	1.0000000000023856
281	1.0000000000023856
282	1.0000000000023856
283	1.0000000000023856
284	1.0000000000023856
285	1.0000000000023856
286	1.0000000000023856
287	1.0000000000023856
288	1.0000000000023856
289	1.0000000000023856
290	1.0000000000023856
291	1.0000000000023856
292	1.0000000000023856
293	1.0000000000023856
294	1.0000000000023856
295	1.0000000000023856
296	1.0000000000023856
297	1.0000000000023856
298	1.0000000000023856
299	1.0000000000023856
300	1.0000000000023856
301	1.0000000000023856
302	1.0000000000023856
303	1.0000000000023856
304	1.0000000000023856
305	1.0000000000023856
306	1.0000000000023856
307	1.0000000000023856
308	1.0000000000023856
309	1.0000000000023856
310	1.0000000000023856
311	1.0000000000023856
312	1.0000000000023856
313	1.0000000000023856
314	1.0000000000023856
315	1.0000000000023856
316	1.0000000000023856
317	1.0000000000023856
318	1.0000000000023856
319	1.0000000000023856
320	1.0000000000023856
321	1.0000000000023856
322	1.0000000000023856
323	1.0000000000023856
324	1.0000000000023856
325	1.0000000000023856
326	1.0000000000023856
327	1.0000000000023856
328	1.0000000000023856
329	1.0000000000023856
330	1.0000000000023856
331	1.0000000000023856
332	1.0000000000023856
333	1.0000000000023856
334	1.0000000000023856
335	1.0000000000023856
336	1.0000000000023856
337	1.0000000000023856
338	1.0000000000023856
339	1.0000000000023856
340	1.0000000000023856
341	1.0000000000023856
342	1.0000000000023856
343	1.0000000000023856
344	1.0000000000023856
345	1.0000000000023856
346	1.0000000000023856
347	1.0000000000023856
348	1.0000000000023856
349	1.0000000000023856
350	1.0000000000023856
351	1.0000000000023856
352	1.0000000000023856
353	1.0000000000023856
354	1.0000000000023856
355	1.0000000000023856
356	1.0000000000023856
357	1.0000000000023856
358	1.0000000000023856
359	1.0000000000023856
360	1.0000000000023856
361	1.0000000000023856
362	1.0000000000023856
363	1.0000000000023856
364	1.0000000000023856
365	1.0000000000023856
366	1.0000000000023856
367	1.0000000000023856
368	1.0000000000023856
369	1.0000000000023856
370	1.0000000000023856
371	1.0000000000023856
372	1.0000000000023856
373	1.0000000000023856
374	1.0000000000023856
375	1.0000000000023856
376	1.0000000000023856
377	1.0000000000023856
378	1.0000000000023856
379	1.0000000000023856
380	1.0000000000023856
381	1.0000000000023856
382	1.0000000000023856
383	1.0000000000023856
384	1.0000000000023856
385	1.0000000000023856
386	1.0000000000023856
387	1.0000000000023856
388	1.0000000000023856
389	1.0000000000023856
390	1.0000000000023856
391	1.0000000000023856
392	1.0000000000023856
393	1.0000000000023856
394	1.0000000000023856
395	1.0000000000023856
396	1.0000000000023856
397	1.0000000000023856
398	1.0000000000023856
399	1.0000000000023856
400	1.0000000000023856
401	1.0000000000023856
402	1.0000000000023856
403	1.0000000000023856
404	1.0000000000023856
405	1.0000000000023856
406	1.0000000000023856
407	1.0000000000023856
408	1.0000000000023856
409	1.0000000000023856
410	1.0000000000023856
411	1.0000000000023856
412	1.0000000000023856
413	1.0000000000023856
414	1.0000000000023856
415	1.0000000000023856
416	1.0000000000023856
417	1.0000000000023856
418	1.0000000000023856
419	1.0000000000023856
420	1.0000000000023856
421	1.0000000000023856
422	1.0000000000023856
423	1.0000000000023856
424	1.0000000000023856
425	1.0000000000023856
426	1.0000000000023856
427	1.0000000000023856
428	1.0000000000023856
429	1.0000000000023856
430	1.0000000000023856
431	1.0000000000023856
432	1.0000000000023856
433	1.0000000000023856
434	1.0000000000023856
435	1.0000000000023856
436	1.0000000000023856
437	1.0000000000023856
438	1.0000000000023856
439	1.0000000000023856
440	1.0000000000023856
441	1.0000000000023856
442	1.0000000000023856
443	1.0000000000023856
444	1.0000000000023856
445	1.0000000000023856
446	1.0000000000023856
447	1.0000000000023856
448	1.0000000000023856
449	1.0000000000023856
450	1.0000000000023856
451	1.0000000000023856
452	1.0000000000023856
453	1.0000000000023856
454	1.0000000000023856
455	1.0000000000023856
456	1.0000000000023856
457	1.0000000000023856
458	1.0000000000023856
459	1.0000000000023856
460	1.0000000000023856
461	1.0000000000023856
462	1.0000000000023856
463	1.0000000000023856
464	1.0000000000023856
465	1.0000000000023856
466	1.0000000000023856
467	1.0000000000023856
468	1.0000000000023856
469	1.0000000000023856
470	1.0000000000023856
471	1.0000000000023856
472	1.0000000000023856
473	1.0000000000023856
474	1.0000000000023856
475	1.0000000000023856
476	1.0000000000023856
477	1.0000000000023856
478	1.0000000000023856
479	1.0000000000023856
480	1.0000000000023856
481	1.0000000000023856
482	1.0000000000023856
483	1.0000000000023856
484	1.0000000000023856
485	1.0000000000023856
486	1.0000000000023856
487	1.0000000000023856
488	1.0000000000023856
489	1.0000000000023856
490	1.0000000000023856
491	1.0000000000023856
492	1.0000000000023856
493	1.0000000000023856
494	1.0000000000023856
495	1.0000000000023856
496	1.0000000000023856
497	1.0000000000023856
498	1.0000000000023856
499	1.0000000000023856
500	1.0000000000023856
501	1.0000000000023856
502	1.0000000000023856
503	1.0000000000023856
504	1.0000000000023856
505	1.0000000000023856
506	1.0000000000023856
507	1.0000000000023856
508	1.0000000000023856
509	1.0000000000023856
510	1.0000000000023856
511	1.0000000000023856
512	1.0000000000023856
513	1.0000000000023856
514	1.0000000000023856
515	1.0000000000023856
516	1.0000000000023856
517	1.0000000000023856
518	1.0000000000023856
519	1.0000000000023856
520	1.0000000000023856
521	1.0000000000023856
522	1.0000000000023856
523	1.0000000000023856
524	1.0000000000023856
525	1.0000000000023856
526	1.0000000000023856
527	1.0000000000023856
528	1.0000000000023856
529	1.0000000000023856
530	1.0000000000023856
531	1.0000000000023856
532	1.0000000000023856
533	1.0000000000023856
534	1.0000000000023856
535	1.0000000000023856
536	1.0000000000023856
537	1.0000000000023856
538	1.0000000000023856
539	1.0000000000023856
540	1.0000000000023856
541	1.0000000000023856
542	1.0000000000023856
543	1.0000000000023856
544	1.0000000000023856
545	1.0000000000023856
546	1.0000000000023856
547	1.0000000000023856
548	1.0000000000023856
549	1.0000000000023856
550	1.0000000000023856
551	1.0000000000023856
552	1.0000000000023856
553	1.0000000000023856
554	1.0000000000023856
555	1.0000000000023856
556	1.0000000000023856
557	1.0000000000023856
558	1.0000000000023856
559	1.0000000000023856
560	1.0000000000023856
561	1.0000000000023856
562	1.0000000000023856
563	1.0000000000023856
564	1.0000000000023856
565	1.0000000000023856
566	1.0000000000023856
567	1.0000000000023856
568	1.0000000000023856
569	1.0000000000023856
570	1.0000000000023856
571	1.0000000000023856
572	1.0000000000023856
573	1.0000000000023856
574	1.0000000000023856
575	1.0000000000023856
576	1.0000000000023856
577	1.0000000000023856
578	1.0000000000023856
579	1.0000000000023856
580	1.0000000000023856
581	1.0000000000023856
582	1.0000000000023856
583	1.0000000000023856
584	1.0000000000023856
585	1.0000000000023856
586	1.0000000000023856
587	1.0000000000023856
588	1.0000000000023856
589	1.0000000000023856
590	1.0000000000023856
591	1.0000000000023856
592	1.0000000000023856
593	1.0000000000023856
594	1.0000000000023856
595	1.0000000000023856
596	1.0000000000023856
597	1.0000000000023856
598	1.0000000000023856
599	1.0000000000023856
600	1.0000000000023856
601	1.0000000000023856
602	1.0000000000023856
603	1.0000000000023856
604	1.0000000000023856
605	1.0000000000023856
606	1.0000000000023856
607	1.0000000000023856
608	1.0000000000023856
609	1.0000000000023856
610	1.0000000000023856
611	1.0000000000023856
612	1.0000000000023856
613	1.0000000000023856
614	1.0000000000023856
615	1.0000000000023856
616	1.0000000000023856
617	1.0000000000023856
618	1.0000000000023856
619	1.0000000000023856
620	1.0000000000023856
621	1.0000000000023856
622	1.0000000000023856
623	1.0000000000023856
624	1.0000000000023856
625	1.0000000000023856
626	1.0000000000023856
627	1.0000000000023856
628	1.0000000000023856
629	1.0000000000023856
630	1.0000000000023856
631	1.0000000000023856
632	1.0000000000023856
633	1.0000000000023856
634	1.0000000000023856
635	1.0000000000023856
636	1.0000000000023856
637	1.0000000000023856
638	1.0000000000023856
639	1.0000000000023856
640	1.0000000000023856
641	1.0000000000023856
642	1.0000000000023856
643	1.0000000000023856
644	1.0000000000023856
645	1.0000000000023856
646	1.0000000000023856
647	1.0000000000023856
648	1.0000000000023856
649	1.0000000000023856
650	1.0000000000023856
651	1.0000000000023856
652	1.0000000000023856
653	1.0000000000023856
654	1.0000000000023856
655	1.0000000000023856
656	1.0000000000023856
657	1.0000000000023856
658	1.0000000000023856
659	1.0000000000023856
660	1.0000000000023856
661	1.0000000000023856
662	1.0000000000023856
663	1.0000000000023856
664	1.0000000000023856
665	1.0000000000023856
666	1.0000000000023856
667	1.0000000000023856
668	1.0000000000023856
669	1.0000000000023856
670	1.0000000000023856
671	1.0000000000023856
672	1.0000000000023856
673	1.0000000000023856
674	1.0000000000023856
675	1.0000000000023856
676	1.0000000000023856
677	1.0000000000023856
678	1.0000000000023856
679	1.0000000000023856
680	1.0000000000023856
681	1.0000000000023856
682	1.0000000000023856
683	1.0000000000023856
684	1.0000000000023856
685	1.0000000000023856
686	1.0000000000023856
687	1.0000000000023856
688	1.0000000000023856
689	1.0000000000023856
690	1.0000000000023856
691	1.0000000000023856
692	1.0000000000023856
693	1.0000000000023856
694	1.0000000000023856
695	1.0000000000023856
696	1.0000000000023856
697	1.0000000000023856
698	1.0000000000023856
699	1.0000000000023856
700	1.0000000000023856
701	1.0000000000023856
702	1.0000000000023856
703	1.0000000000023856
704	1.0000000000023856
705	1.0000000000023856
706	1.0000000000023856
707	1.0000000000023856
708	1.0000000000023856
709	1.0000000000023856
710	1.0000000000023856
711	1.0000000000023856
712	1.0000000000023856
713	1.0000000000023856
714	1.0000000000023856
715	1.0000000000023856
716	1.0000000000023856
717	1.0000000000023856
718	1.0000000000023856
719	1.0000000000023856
720	1.0000000000023856
721	1.0000000000023856
722	1.0000000000023856
723	1.0000000000023856
724	1.0000000000023856
725	1.0000000000023856
726	1.0000000000023856
727	1.0000000000023856
728	1.0000000000023856
729	1.0000000000023856
730	1.0000000000023856
731	1.0000000000023856
732	1.0000000000023856
733	1.0000000000023856
734	1.0000000000023856
735	1.0000000000023856
736	1.0000000000023856
737	1.0000000000023856
738	1.0000000000023856
739	1.0000000000023856
740	1.0000000000023856
741	1.0000000000023856
742	1.0000000000023856
743	1.0000000000023856
744	1.0000000000023856
745	1.0000000000023856
746	1.0000000000023856
747	1.0000000000023856
748	1.0000000000023856
749	1.0000000000023856
750	1.0000000000023856
751	1.0000000000023856
752	1.0000000000023856
753	1.0000000000023856
754	1.0000000000023856
755	1.0000000000023856
756	1.0000000000023856
757	1.0000000000023856
758	1.0000000000023856
759	1.0000000000023856
760	1.0000000000023856
761	1.0000000000023856
762	1.0000000000023856
763	1.0000000000023856
764	1.0000000000023856
765	1.0000000000023856
766	1.0000000000023856
767	1.0000000000023856
768	1.0000000000023856
769	1.0000000000023856
770	1.0000000000023856
771	1.0000000000023856
772	1.0000000000023856
773	1.0000000000023856
774	1.0000000000023856
775	1.0000000000023856
776	1.0000000000023856
777	1.0000000000023856
778	1.0000000000023856
779	1.0000000000023856
780	1.0000000000023856
781	1.0000000000023856
782	1.0000000000023856
783	1.0000000000023856
784	1.0000000000023856
785	1.0000000000023856
786	1.0000000000023856
787	1.0000000000023856
788	1.0000000000023856
789	1.0000000000023856
790	1.0000000000023856
791	1.0000000000023856
792	1.0000000000023856
793	1.0000000000023856
794	1.0000000000023856
795	1.0000000000023856
796	1.0000000000023856
797	1.0000000000023856
798	1.0000000000023856
799	1.0000000000023856
800	1.0000000000023856
801	1.0000000000023856
802	1.0000000000023856
803	1.0000000000023856
804	1.0000000000023856
805	1.0000000000023856
806	1.0000000000023856
807	1.0000000000023856
808	1.0000000000023856
809	1.0000000000023856
810	1.0000000000023856
811	1.0000000000023856
812	1.0000000000023856
813	1.0000000000023856
814	1.0000000000023856
815	1.0000000000023856
816	1.0000000000023856
817	1.0000000000023856
818	1.0000000000023856
819	1.0000000000023856
820	1.0000000000023856
821	1.0000000000023856
822	1.0000000000023856
823	1.0000000000023856
824	1.0000000000023856
825	1.0000000000023856
826	1.0000000000023856
827	1.0000000000023856
828	1.0000000000023856
829	1.0000000000023856
830	1.0000000000023856
831	1.0000000000023856
832	1.0000000000023856
833	1.0000000000023856
834	1.0000000000023856
835	1.0000000000023856
836	1.0000000000023856
837	1.0000000000023856
838	1.0000000000023856
839	1.0000000000023856
840	1.0000000000023856
841	1.0000000000023856
842	1.0000000000023856
843	1.0000000000023856
844	1.0000000000023856
845	1.0000000000023856
846	1.0000000000023856
847	1.0000000000023856
848	1.0000000000023856
849	1.0000000000023856
850	1.0000000000023856
851	1.0000000000023856
852	1.0000000000023856
853	1.0000000000023856
854	1.0000000000023856
855	1.0000000000023856
856	1.0000000000023856
857	1.0000000000023856
858	1.0000000000023856
859	1.0000000000023856
860	1.0000000000023856
861	1.0000000000023856
862	1.0000000000023856
863	1.0000000000023856
864	1.0000000000023856
865	1.0000000000023856
866	1.0000000000023856
867	1.0000000000023856
868	1.0000000000023856
869	1.0000000000023856
870	1.0000000000023856
871	1.0000000000023856
872	1.0000000000023856
873	1.0000000000023856
874	1.0000000000023856
875	1.0000000000023856
876	1.0000000000023856
877	1.0000000000023856
878	1.0000000000023856
879	1.0000000000023856
880	1.0000000000023856
881	1.0000000000023856
882	1.0000000000023856
883	1.0000000000023856
884	1.0000000000023856
885	1.0000000000023856
886	1.0000000000023856
887	1.0000000000023856
888	1.0000000000023856
889	1.0000000000023856
890	1.0000000000023856
891	1.0000000000023856
892	1.0000000000023856
893	1.0000000000023856
894	1.0000000000023856
895	1.0000000000023856
896	1.0000000000023856
897	1.0000000000023856
898	1.0000000000023856
899	1.0000000000023856
900	1.0000000000023856
901	1.0000000000023856
902	1.0000000000023856
903	1.0000000000023856
904	1.0000000000023856
905	1.0000000000023856
906	1.0000000000023856
907	1.0000000000023856
908	1.0000000000023856
909	1.0000000000023856
910	1.0000000000023856
911	1.0000000000023856
912	1.0000000000023856
913	1.0000000000023856
914	1.0000000000023856
915	1.0000000000023856
916	1.0000000000023856
917	1.0000000000023856
918	1.0000000000023856
919	1.0000000000023856
920	1.0000000000023856
921	1.0000000000023856
922	1.0000000000023856
923	1.0000000000023856
924	1.0000000000023856
925	1.0000000000023856
926	1.0000000000023856
927	1.0000000000023856
928	1.0000000000023856
929	1.0000000000023856
930	1.0000000000023856
931	1.0000000000023856
932	1.0000000000023856
933	1.0000000000023856
934	1.0000000000023856
935	1.0000000000023856
936	1.0000000000023856
937	1.0000000000023856
938	1.0000000000023856
939	1.0000000000023856
940	1.0000000000023856
941	1.0000000000023856
942	1.0000000000023856
943	1.0000000000023856
944	1.0000000000023856
945	1.0000000000023856
946	1.0000000000023856
947	1.0000000000023856
948	1.0000000000023856
949	1.0000000000023856
950	1.0000000000023856
951	1.0000000000023856
952	1.0000000000023856
953	1.0000000000023856
954	1.0000000000023856
955	1.0000000000023856
956	1.0000000000023856
957	1.0000000000023856
958	1.0000000000023856
959	1.0000000000023856
960	1.0000000000023856
961	1.0000000000023856
962	1.0000000000023856
963	1.0000000000023856
964	1.0000000000023856
965	1.0000000000023856
966	1.0000000000023856
967	1.0000000000023856
968	1.0000000000023856
969	1.0000000000023856
970	1.0000000000023856
971	1.0000000000023856
972	1.0000000000023856
973	1.0000000000023856
974	1.0000000000023856
975	1.0000000000023856
976	1.0000000000023856
977	1.0000000000023856
978	1.0000000000023856
979	1.0000000000023856
980	1.0000000000023856
981	1.0000000000023856
982	1.0000000000023856
983	1.0000000000023856
984	1.0000000000023856
985	1.0000000000023856
986	1.0000000000023856
987	1.0000000000023856
988	1.0000000000023856
989	1.0000000000023856
990	1.0000000000023856
991	1.0000000000023856
992	1.0000000000023856
993	1.0000000000023856
994	1.0000000000023856
995	1.0000000000023856
996	1.0000000000023856
997	1.0000000000023856
998	1.0000000000023856
999	1.0000000000023856
1000	1.0000000000023856
1001	1.0000000000023856
1002	1.0000000000023856
1003	1.0000000000023856
1004	1.0000000000023856
1005	1.0000000000023856
1006	1.0000000000023856
1007	1.0000000000023856
1008	1.0000000000023856
1009	1.0000000000023856
1010	1.0000000000023856
1011	1.0000000000023856
1012	1.0000000000023856
1013	1.0000000000023856
1014	1.0000000000023856
1015	1.0000000000023856
1016	1.0000000000023856
1017	1.0000000000023856
1018	1.0000000000023856
1019	1.0000000000023856
1020	1.0000000000023856
1021	1.0000000000023856
1022	1.0000000000023856
1023	1.0000000000023856
1024	1.0000000000023856
1025	1.0000000000023856
1026	1.0000000000023856
1027	1.0000000000023856
1028	1.0000000000023856
1029	1.0000000000023856
1030	1.0000000000023856
1031	1.0000000000023856
1032	1.0000000000023856
1033	1.0000000000023856
1034	1.0000000000023856
1035	1.0000000000023856
1036	1.0000000000023856
1037	1.0000000000023856
1038	1.0000000000023856
1039	1.0000000000023856
1040	1.0000000000023856
1041	1.0000000000023856
1042	1.0000000000023856
1043	1.0000000000023856
1044	1.0000000000023856
1045	1.0000000000023856
1046	1.0000000000023856
1047	1.0000000000023856
1048	1.0000000000023856
1049	1.0000000000023856
1050	1.0000000000023856
1051	1.0000000000023856
1052	1.0000000000023856
1053	1.0000000000023856
1054	1.0000000000023856
1055	1.0000000000023856
1056	1.0000000000023856
1057	1.0000000000023856
1058	1.0000000000023856
1059	1.0000000000023856
1060	1.0000000000023856
1061	1.0000000000023856
1062	1.0000000000023856
1063	1.0000000000023856
1064	1.0000000000023856
1065	1.0000000000023856
1066	1.0000000000023856
1067	1.0000000000023856
1068	1.0000000000023856
1069	1.0000000000023856
1070	1.0000000000023856
1071	1.0000000000023856
1072	1.0000000000023856
1073	1.0000000000023856
1074	1.0000000000023856
1075	1.0000000000023856
1076	1.0000000000023856
1077	1.0000000000023856
1078	1.0000000000023856
1079	1.0000000000023856
1080	1.0000000000023856
1081	1.0000000000023856
1082	1.0000000000023856
1083	1.0000000000023856
1084	1.0000000000023856
1085	1.0000000000023856
1086	1.0000000000023856
1087	1.0000000000023856
1088	1.0000000000023856
1089	1.0000000000023856
1090	1.0000000000023856
1091	1.0000000000023856
1092	1.0000000000023856
1093	1.0000000000023856
1094	1.0000000000023856
1095	1.0000000000023856
1096	1.0000000000023856
1097	1.0000000000023856
1098	1.0000000000023856
1099	1.0000000000023856
1100	1.0000000000023856
1101	1.0000000000023856
1102	1.0000000000023856
1103	1.0000000000023856
1104	1.0000000000023856
1105	1.0000000000023856
1106	1.0000000000023856
1107	1.0000000000023856
1108	1.0000000000023856
1109	1.0000000000023856
1110	1.0000000000023856
1111	1.0000000000023856
1112	1.0000000000023856
1113	1.0000000000023856
1114	1.0000000000023856
1115	1.0000000000023856
1116	1.0000000000023856
1117	1.0000000000023856
1118	1.0000000000023856
1119	1.0000000000023856
1120	1.0000000000023856
1121	1.0000000000023856
1122	1.0000000000023856
1123	1.0000000000023856
1124	1.0000000000023856
1125	1.0000000000023856
1126	1.0000000000023856
1127	1.0000000000023856
1128	1.0000000000023856
1129	1.0000000000023856
1130	1.0000000000023856
1131	1.0000000000023856
1132	1.0000000000023856
1133	1.0000000000023856
1134	1.0000000000023856
1135	1.0000000000023856
1136	1.0000000000023856
1137	1.0000000000023856
1138	1.0000000000023856
1139	1.0000000000023856
1140	1.0000000000023856
1141	1.0000000000023856
1142	1.0000000000023856
1143	1.0000000000023856
1144	1.0000000000023856
1145	1.0000000000023856
1146	1.0000000000023856
1147	1.0000000000023856
1148	1.0000000000023856
1149	1.0000000000023856
1150	1.0000000000023856
1151	1.0000000000023856
1152	1.0000000000023856
1153	1.0000000000023856
1154	1.0000000000023856
1155	1.0000000000023856
1156	1.0000000000023856
1157	1.0000000000023856
1158	1.0000000000023856
1159	1.0000000000023856
1160	1.0000000000023856
1161	1.0000000000023856
1162	1.0000000000023856
1163	1.0000000000023856
1164	1.0000000000023856
1165	1.0000000000023856
1166	1.0000000000023856
1167	1.0000000000023856
1168	1.0000000000023856
1169	1.0000000000023856
1170	1.0000000000023856
1171	1.0000000000023856
1172	1.0000000000023856
1173	1.0000000000023856
1174	1.0000000000023856
1175	1.0000000000023856
1176	1.0000000000023856
1177	1.0000000000023856
1178	1.0000000000023856
1179	1.0000000000023856
1180	1.0000000000023856
1181	1.0000000000023856
1182	1.0000000000023856
1183	1.0000000000023856
1184	1.0000000000023856
1185	1.0000000000023856
1186	1.0000000000023856
1187	1.0000000000023856
1188	1.0000000000023856
1189	1.0000000000023856
1190	1.0000000000023856
1191	1.0000000000023856
1192	1.0000000000023856
1193	1.0000000000023856
1194	1.0000000000023856
1195	1.0000000000023856
1196	1.0000000000023856
1197	1.0000000000023856
1198	1.0000000000023856
1199	1.0000000000023856
1200	1.0000000000023856
1201	1.0000000000023856
1202	1.0000000000023856
1203	1.0000000000023856
1204	1.0000000000023856
1205	1.0000000000023856
1206	1.0000000000023856
1207	1.0000000000023856
1208	1.0000000000023856
1209	1.0000000000023856
1210	1.0000000000023856
1211	1.0000000000023856
1212	1.0000000000023856
1213	1.0000000000023856
1214	1.0000000000023856
1215	1.0000000000023856
1216	1.0000000000023856
1217	1.0000000000023856
1218	1.0000000000023856
1219	1.0000000000023856
1220	1.0000000000023856
1221	1.0000000000023856
1222	1.0000000000023856
1223	1.0000000000023856
1224	1.0000000000023856
1225	1.0000000000023856
1226	1.0000000000023856
1227	1.0000000000023856
1228	1.0000000000023856
1229	1.0000000000023856
1230	1.0000000000023856
1231	1.0000000000023856
1232	1.0000000000023856
1233	1.0000000000023856
1234	1.0000000000023856
1235	1.0000000000023856
1236	1.0000000000023856
1237	1.0000000000023856
1238	1.0000000000023856
1239	1.0000000000023856
1240	1.0000000000023856
1241	1.0000000000023856
1242	1.0000000000023856
1243	1.0000000000023856
1244	1.0000000000023856
1245	1.0000000000023856
1246	1.0000000000023856
1247	1.0000000000023856
1248	1.0000000000023856
1249	1.0000000000023856
1250	1.0000000000023856
1251	1.0000000000023856
1252	1.0000000000023856
1253	1.0000000000023856
1254	1.0000000000023856
1255	1.0000000000023856
1256	1.0000000000023856
1257	1.0000000000023856
1258	1.0000000000023856
1259	1.0000000000023856
1260	1.0000000000023856
1261	1.0000000000023856
1262	1.0000000000023856
1263	1.0000000000023856
1264	1.0000000000023856
1265	1.0000000000023856
1266	1.0000000000023856
1267	1.0000000000023856
1268	1.0000000000023856
1269	1.0000000000023856
1270	1.0000000000023856
1271	1.0000000000023856
1272	1.0000000000023856
1273	1.0000000000023856
1274	1.0000000000023856
1275	1.0000000000023856
1276	1.0000000000023856
1277	1.0000000000023856
1278	1.0000000000023856
1279	1.0000000000023856
1280	1.0000000000023856
1281	1.0000000000023856
1282	1.0000000000023856
1283	1.0000000000023856
1284	1.0000000000023856
1285	1.0000000000023856
1286	1.0000000000023856
1287	1.0000000000023856
1288	1.0000000000023856
1289	1.0000000000023856
1290	1.0000000000023856
1291	1.0000000000023856
1292	1.0000000000023856
1293	1.0000000000023856
1294	1.0000000000023856
1295	1.0000000000023856
1296	1.0000000000023856
1297	1.0000000000023856
1298	1.0000000000023856
1299	1.0000000000023856
1300	1.0000000000023856
1301	1.0000000000023856
1302	1.0000000000023856
1303	1.0000000000023856
1304	1.0000000000023856
1305	1.0000000000023856
1306	1.0000000000023856
1307	1.0000000000023856
1308	1.0000000000023856
1309	1.0000000000023856
1310	1.0000000000023856
1311	1.0000000000023856
1312	1.0000000000023856
1313	1.0000000000023856
1314	1.0000000000023856
1315	1.0000000000023856
1316	1.0000000000023856
1317	1.0000000000023856
1318	1.0000000000023856
1319	1.0000000000023856
1320	1.0000000000023856
1321	1.0000000000023856
1322	1.0000000000023856
1323	1.0000000000023856
1324	1.0000000000023856
1325	1.0000000000023856
1326	1.0000000000023856
1327	1.0000000000023856
1328	1.0000000000023856
1329	1.0000000000023856
1330	1.0000000000023856
1331	1.0000000000023856
1332	1.0000000000023856
1333	1.0000000000023856
1334	1.0000000000023856
1335	1.0000000000023856
1336	1.0000000000023856
1337	1.0000000000023856
1338	1.0000000000023856
1339	1.0000000000023856
1340	1.0000000000023856
1341	1.0000000000023856
1342	1.0000000000023856
1343	1.0000000000023856
1344	1.0000000000023856
1345	1.0000000000023856
1346	1.0000000000023856
1347	1.0000000000023856
1348	1.0000000000023856
1349	1.0000000000023856
1350	1.0000000000023856
1351	1.0000000000023856
1352	1.0000000000023856
1353	1.0000000000023856
1354	1.0000000000023856
1355	1.0000000000023856
1356	1.0000000000023856
1357	1.0000000000023856
1358	1.0000000000023856
1359	1.0000000000023856
1360	1.0000000000023856
1361	1.0000000000023856
1362	1.0000000000023856
1363	1.0000000000023856
1364	1.0000000000023856
1365	1.0000000000023856
1366	1.0000000000023856
1367	1.0000000000023856
1368	1.0000000000023856
1369	1.0000000000023856
1370	1.0000000000023856
1371	1.0000000000023856
1372	1.0000000000023856
1373	1.0000000000023856
1374	1.0000000000023856
1375	1.0000000000023856
1376	1.0000000000023856
1377	1.0000000000023856
1378	1.0000000000023856
1379	1.0000000000023856
1380	1.0000000000023856
1381	1.0000000000023856
1382	1.0000000000023856
1383	1.0000000000023856
1384	1.0000000000023856
1385	1.0000000000023856
1386	1.0000000000023856
1387	1.0000000000023856
1388	1.0000000000023856
1389	1.0000000000023856
1390	1.0000000000023856
1391	1.0000000000023856
1392	1.0000000000023856
1393	1.0000000000023856
1394	1.0000000000023856
1395	1.0000000000023856
1396	1.0000000000023856
1397	1.0000000000023856
1398	1.0000000000023856
1399	1.0000000000023856
1400	1.0000000000023856
1401	1.0000000000023856
1402	1.0000000000023856
1403	1.0000000000023856
1404	1.0000000000023856
1405	1.0000000000023856
1406	1.0000000000023856
1407	1.0000000000023856
1408	1.0000000000023856
1409	1.0000000000023856
1410	1.0000000000023856
1411	1.0000000000023856
1412	1.0000000000023856
1413	1.0000000000023856
1414	1.0000000000023856
1415	1.0000000000023856
1416	1.0000000000023856
1417	1.0000000000023856
1418	1.0000000000023856
1419	1.0000000000023856
1420	1.0000000000023856
1421	1.0000000000023856
1422	1.0000000000023856
1423	1.0000000000023856
1424	1.0000000000023856
1425	1.0000000000023856
1426	1.0000000000023856
1427	1.0000000000023856
1428	1.0000000000023856
1429	1.0000000000023856
1430	1.0000000000023856
1431	1.0000000000023856
1432	1.0000000000023856
1433	1.0000000000023856
1434	1.0000000000023856
1435	1.0000000000023856
1436	1.0000000000023856
1437	1.0000000000023856
1438	1.0000000000023856
1439	1.0000000000023856
1440	1.0000000000023856
1441	1.0000000000023856
1442	1.0000000000023856
1443	1.0000000000023856
1444	1.0000000000023856
1445	1.0000000000023856
1446	1.0000000000023856
1447	1.0000000000023856
1448	1.0000000000023856
1449	1.0000000000023856
1450	1.0000000000023856
1451	1.0000000000023856
1452	1.0000000000023856
1453	1.0000000000023856
1454	1.0000000000023856
1455	1.0000000000023856
1456	1.0000000000023856
1457	1.0000000000023856
1458	1.0000000000023856
1459	1.0000000000023856
1460	1.0000000000023856
1461	1.0000000000023856
1462	1.0000000000023856
1463	1.0000000000023856
1464	1.0000000000023856
1465	1.0000000000023856
1466	1.0000000000023856
1467	1.0000000000023856
1468	1.0000000000023856
1469	1.0000000000023856
1470	1.0000000000023856
1471	1.0000000000023856
1472	1.0000000000023856
1473	1.0000000000023856
1474	1.0000000000023856
1475	1.0000000000023856
1476	1.0000000000023856
1477	1.0000000000023856
1478	1.0000000000023856
1479	1.0000000000023856
1480	1.0000000000023856
1481	1.0000000000023856
1482	1.0000000000023856
1483	1.0000000000023856
1484	1.0000000000023856
1485	1.0000000000023856
1486	1.0000000000023856
1487	1.0000000000023856
1488	1.0000000000023856
1489	1.0000000000023856
1490	1.0000000000023856
1491	1.0000000000023856
1492	1.0000000000023856
1493	1.0000000000023856
1494	1.0000000000023856
1495	1.0000000000023856
1496	1.0000000000023856
1497	1.0000000000023856
1498	1.0000000000023856
1499	1.0000000000023856
1500	1.0000000000023856
1501	1.0000000000023856
1502	1.0000000000023856
1503	1.0000000000023856
1504	1.0000000000023856
1505	1.0000000000023856
1506	1.0000000000023856
1507	1.0000000000023856
1508	1.0000000000023856
1509	1.0000000000023856
1510	1.0000000000023856
1511	1.0000000000023856
1512	1.0000000000023856
1513	1.0000000000023856
1514	1.0000000000023856
1515	1.0000000000023856
1516	1.0000000000023856
1517	1.0000000000023856
1518	1.0000000000023856
1519	1.0000000000023856
1520	1.0000000000023856
1521	1.0000000000023856
1522	1.0000000000023856
1523	1.0000000000023856
1524	1.0000000000023856
1525	1.0000000000023856
1526	1.0000000000023856
1527	1.0000000000023856
1528	1.0000000000023856
1529	1.0000000000023856
1530	1.0000000000023856
1531	1.0000000000023856
1532	1.0000000000023856
1533	1.0000000000023856
1534	1.0000000000023856
1535	1.0000000000023856
1536	1.0000000000023856
1537	1.0000000000023856
1538	1.0000000000023856
1539	1.0000000000023856
1540	1.0000000000023856
1541	1.0000000000023856
1542	1.0000000000023856
1543	1.0000000000023856
1544	1.0000000000023856
1545	1.0000000000023856
1546	1.0000000000023856
1547	1.0000000000023856
1548	1.0000000000023856
1549	1.0000000000023856
1550	1.0000000000023856
1551	1.0000000000023856
1552	1.0000000000023856
1553	1.0000000000023856
1554	1.0000000000023856
1555	1.0000000000023856
1556	1.0000000000023856
1557	1.0000000000023856
1558	1.0000000000023856
1559	1.0000000000023856
1560	1.0000000000023856
1561	1.0000000000023856
1562	1.0000000000023856
1563	1.0000000000023856
1564	1.0000000000023856
1565	1.0000000000023856
1566	1.0000000000023856
1567	1.0000000000023856
1568	1.0000000000023856
1569	1.0000000000023856
1570	1.0000000000023856
1571	1.0000000000023856
1572	1.0000000000023856
1573	1.0000000000023856
1574	1.0000000000023856
1575	1.0000000000023856
1576	1.0000000000023856
1577	1.0000000000023856
1578	1.0000000000023856
1579	1.0000000000023856
1580	1.0000000000023856
1581	1.0000000000023856
1582	1.0000000000023856
1583	1.0000000000023856
1584	1.0000000000023856
1585	1.0000000000023856
1586	1.0000000000023856
1587	1.0000000000023856
1588	1.0000000000023856
1589	1.0000000000023856
1590	1.0000000000023856
1591	1.0000000000023856
1592	1.0000000000023856
1593	1.0000000000023856
1594	1.0000000000023856
1595	1.0000000000023856
1596	1.0000000000023856
1597	1.0000000000023856
1598	1.0000000000023856
1599	1.0000000000023856
1600	1.0000000000023856
1601	1.0000000000023856
1602	1.0000000000023856
1603	1.0000000000023856
1604	1.0000000000023856
1605	1.0000000000023856
1606	1.0000000000023856
1607	1.0000000000023856
1608	1.0000000000023856
1609	1.0000000000023856
1610	1.0000000000023856
1611	1.0000000000023856
1612	1.0000000000023856
1613	1.0000000000023856
1614	1.0000000000023856
1615	1.0000000000023856
1616	1.0000000000023856
1617	1.0000000000023856
1618	1.0000000000023856
1619	1.0000000000023856
1620	1.0000000000023856
1621	1.0000000000023856
1622	1.0000000000023856
1623	1.0000000000023856
1624	1.0000000000023856
1625	1.0000000000023856
1626	1.0000000000023856
1627	1.0000000000023856
1628	1.0000000000023856
1629	1.0000000000023856
1630	1.0000000000023856
1631	1.0000000000023856
1632	1.0000000000023856
1633	1.0000000000023856
1634	1.0000000000023856
1635	1.0000000000023856
1636	1.0000000000023856
1637	1.0000000000023856
1638	1.0000000000023856
1639	1.0000000000023856
1640	1.0000000000023856
1641	1.0000000000023856
1642	1.0000000000023856
1643	1.0000000000023856
1644	1.0000000000023856
1645	1.0000000000023856
1646	1.0000000000023856
1647	1.0000000000023856
1648	1.0000000000023856
1649	1.0000000000023856
1650	1.0000000000023856
1651	1.0000000000023856
1652	1.0000000000023856
1653	1.0000000000023856
1654	1.0000000000023856
1655	1.0000000000023856
1656	1.0000000000023856
1657	1.0000000000023856
1658	1.0000000000023856
1659	1.0000000000023856
1660	1.0000000000023856
1661	1.0000000000023856
1662	1.0000000000023856
1663	1.0000000000023856
1664	1.0000000000023856
1665	1.0000000000023856
1666	1.0000000000023856
1667	1.0000000000023856
1668	1.0000000000023856
1669	1.0000000000023856
1670	1.0000000000023856
1671	1.0000000000023856
1672	1.0000000000023856
1673	1.0000000000023856
1674	1.0000000000023856
1675	1.0000000000023856
1676	1.0000000000023856
1677	1.0000000000023856
1678	1.0000000000023856
1679	1.0000000000023856
1680	1.0000000000023856
1681	1.0000000000023856
1682	1.0000000000023856
1683	1.0000000000023856
1684	1.0000000000023856
1685	1.0000000000023856
1686	1.0000000000023856
1687	1.0000000000023856
1688	1.0000000000023856
1689	1.0000000000023856
1690	1.0000000000023856
1691	1.0000000000023856
1692	1.0000000000023856
1693	1.0000000000023856
1694	1.0000000000023856
1695	1.0000000000023856
1696	1.0000000000023856
1697	1.0000000000023856
1698	1.0000000000023856
1699	1.0000000000023856
1700	1.0000000000023856
1701	1.0000000000023856
1702	1.0000000000023856
1703	1.0000000000023856
1704	1.0000000000023856
1705	1.0000000000023856
1706	1.0000000000023856
1707	1.0000000000023856
1708	1.0000000000023856
1709	1.0000000000023856
1710	1.0000000000023856
1711	1.0000000000023856
1712	1.0000000000023856
1713	1.0000000000023856
1714	1.0000000000023856
1715	1.0000000000023856
1716	1.0000000000023856
1717	1.0000000000023856
1718	1.0000000000023856
1719	1.0000000000023856
1720	1.0000000000023856
1721	1.0000000000023856
1722	1.0000000000023856
1723	1.0000000000023856
1724	1.0000000000023856
1725	1.0000000000023856
1726	1.0000000000023856
1727	1.0000000000023856
1728	1.0000000000023856
1729	1.0000000000023856
1730	1.0000000000023856
1731	1.0000000000023856
1732	1.0000000000023856
1733	1.0000000000023856
1734	1.0000000000023856
1735	1.0000000000023856
1736	1.0000000000023856
1737	1.0000000000023856
1738	1.0000000000023856
1739	1.0000000000023856
1740	1.0000000000023856
1741	1.0000000000023856
1742	1.0000000000023856
1743	1.0000000000023856
1744	1.0000000000023856
1745	1.0000000000023856
1746	1.0000000000023856
1747	1.0000000000023856
1748	1.0000000000023856
1749	1.0000000000023856
1750	1.0000000000023856
1751	1.0000000000023856
1752	1.0000000000023856
1753	1.0000000000023856
1754	1.0000000000023856
1755	1.0000000000023856
1756	1.0000000000023856
1757	1.0000000000023856
1758	1.0000000000023856
1759	1.0000000000023856
1760	1.0000000000023856
1761	1.0000000000023856
1762	1.0000000000023856
1763	1.0000000000023856
1764	1.0000000000023856
1765	1.0000000000023856
1766	1.0000000000023856
1767	1.0000000000023856
1768	1.0000000000023856
1769	1.0000000000023856
1770	1.0000000000023856
1771	1.0000000000023856
1772	1.0000000000023856
1773	1.0000000000023856
1774	1.0000000000023856
1775	1.0000000000023856
1776	1.0000000000023856
1777	1.0000000000023856
1778	1.0000000000023856
1779	1.0000000000023856
1780	1.0000000000023856
1781	1.0000000000023856
1782	1.0000000000023856
1783	1.0000000000023856
1784	1.0000000000023856
1785	1.0000000000023856
1786	1.0000000000023856
1787	1.0000000000023856
1788	1.0000000000023856
1789	1.0000000000023856
1790	1.0000000000023856
1791	1.0000000000023856
1792	1.0000000000023856
1793	1.0000000000023856
1794	1.0000000000023856
1795	1.0000000000023856
1796	1.0000000000023856
1797	1.0000000000023856
1798	1.0000000000023856
1799	1.0000000000023856
1800	1.0000000000023856
1801	1.0000000000023856
1802	1.0000000000023856
1803	1.0000000000023856
1804	1.0000000000023856
1805	1.0000000000023856
1806	1.0000000000023856
1807	1.0000000000023856
1808	1.0000000000023856
1809	1.0000000000023856
1810	1.0000000000023856
1811	1.0000000000023856
1812	1.0000000000023856
1813	1.0000000000023856
1814	1.0000000000023856
1815	1.0000000000023856
1816	1.0000000000023856
1817	1.0000000000023856
1818	1.0000000000023856
1819	1.0000000000023856
1820	1.0000000000023856
1821	1.0000000000023856
1822	1.0000000000023856
1823	1.0000000000023856
1824	1.0000000000023856
1825	1.0000000000023856
1826	1.0000000000023856
1827	1.0000000000023856
1828	1.0000000000023856
1829	1.0000000000023856
1830	1.0000000000023856
1831	1.0000000000023856
1832	1.0000000000023856
1833	1.0000000000023856
1834	1.0000000000023856
1835	1.0000000000023856
1836	1.0000000000023856
1837	1.0000000000023856
1838	1.0000000000023856
1839	1.0000000000023856
1840	1.0000000000023856
1841	1.0000000000023856
1842	1.0000000000023856
1843	1.0000000000023856
1844	1.0000000000023856
1845	1.0000000000023856
1846	1.0000000000023856
1847	1.0000000000023856
1848	1.0000000000023856
1849	1.0000000000023856
1850	1.0000000000023856
1851	1.0000000000023856
1852	1.0000000000023856
1853	1.0000000000023856
1854	1.0000000000023856
1855	1.0000000000023856
1856	1.0000000000023856
1857	1.0000000000023856
1858	1.0000000000023856
1859	1.0000000000023856
1860	1.0000000000023856
1861	1.0000000000023856
1862	1.0000000000023856
1863	1.0000000000023856
1864	1.0000000000023856
1865	1.0000000000023856
1866	1.0000000000023856
1867	1.0000000000023856
1868	1.0000000000023856
1869	1.0000000000023856
1870	1.0000000000023856
1871	1.0000000000023856
1872	1.0000000000023856
1873	1.0000000000023856
1874	1.0000000000023856
1875	1.0000000000023856
1876	1.0000000000023856
1877	1.0000000000023856
1878	1.0000000000023856
1879	1.0000000000023856
1880	1.0000000000023856
1881	1.0000000000023856
1882	1.0000000000023856
1883	1.0000000000023856
1884	1.0000000000023856
1885	1.0000000000023856
1886	1.0000000000023856
1887	1.0000000000023856
1888	1.0000000000023856
1889	1.0000000000023856
1890	1.0000000000023856
1891	1.0000000000023856
1892	1.0000000000023856
1893	1.0000000000023856
1894	1.0000000000023856
1895	1.0000000000023856
1896	1.0000000000023856
1897	1.0000000000023856
1898	1.0000000000023856
1899	1.0000000000023856
1900	1.0000000000023856
1901	1.0000000000023856
1902	1.0000000000023856
1903	1.0000000000023856
1904	1.0000000000023856
1905	1.0000000000023856
1906	1.0000000000023856
1907	1.0000000000023856
1908	1.0000000000023856
1909	1.0000000000023856
1910	1.0000000000023856
1911	1.0000000000023856
1912	1.0000000000023856
1913	1.0000000000023856
1914	1.0000000000023856
1915	1.0000000000023856
1916	1.0000000000023856
1917	1.0000000000023856
1918	1.0000000000023856
1919	1.0000000000023856
1920	1.0000000000023856
1921	1.0000000000023856
1922	1.0000000000023856
1923	1.0000000000023856
1924	1.0000000000023856
1925	1.0000000000023856
1926	1.0000000000023856
1927	1.0000000000023856
1928	1.0000000000023856
1929	1.0000000000023856
1930	1.0000000000023856
1931	1.0000000000023856
1932	1.0000000000023856
1933	1.0000000000023856
1934	1.0000000000023856
1935	1.0000000000023856
1936	1.0000000000023856
1937	1.0000000000023856
1938	1.0000000000023856
1939	1.0000000000023856
1940	1.0000000000023856
1941	1.0000000000023856
1942	1.0000000000023856
1943	1.0000000000023856
1944	1.0000000000023856
1945	1.0000000000023856
1946	1.0000000000023856
1947	1.0000000000023856
1948	1.0000000000023856
1949	1.0000000000023856
1950	1.0000000000023856
1951	1.0000000000023856
1952	1.0000000000023856
1953	1.0000000000023856
1954	1.0000000000023856
1955	1.0000000000023856
1956	1.0000000000023856
1957	1.0000000000023856
1958	1.0000000000023856
1959	1.0000000000023856
1960	1.0000000000023856
1961	1.0000000000023856
1962	1.0000000000023856
1963	1.0000000000023856
1964	1.0000000000023856
1965	1.0000000000023856
1966	1.0000000000023856
1967	1.0000000000023856
1968	1.0000000000023856
1969	1.0000000000023856
1970	1.0000000000023856
1971	1.0000000000023856
1972	1.0000000000023856
1973	1.0000000000023856
1974	1.0000000000023856
1975	1.0000000000023856
1976	1.0000000000023856
1977	1.0000000000023856
1978	1.0000000000023856
1979	1.0000000000023856
1980	1.0000000000023856
1981	1.0000000000023856
1982	1.0000000000023856
1983	1.0000000000023856
1984	1.0000000000023856
1985	1.0000000000023856
1986	1.0000000000023856
1987	1.0000000000023856
1988	1.0000000000023856
1989	1.0000000000023856
1990	1.0000000000023856
1991	1.0000000000023856
1992	1.0000000000023856
1993	1.0000000000023856
1994	1.0000000000023856
1995	1.0000000000023856
1996	1.0000000000023856
1997	1.0000000000023856
1998	1.0000000000023856
1999	1.0000000000023856
2000	1.0000000000023856
2001	1.0000000000023856
2002	1.0000000000023856
2003	1.0000000000023856
2004	1.0000000000023856
2005	1.0000000000023856
2006	1.0000000000023856
2007	1.0000000000023856
2008	1.0000000000023856
2009	1.0000000000023856
2010	1.0000000000023856
2011	1.0000000000023856
2012	1.0000000000023856
2013	1.0000000000023856
2014	1.0000000000023856
2015	1.0000000000023856
2016	1.0000000000023856
2017	1.0000000000023856
2018	1.0000000000023856
2019	1.0000000000023856
2020	1.0000000000023856
2021	1.0000000000023856
2022	1.0000000000023856
2023	1.0000000000023856
2024	1.0000000000023856
2025	1.0000000000023856
2026	1.0000000000023856
2027	1.0000000000023856
2028	1.0000000000023856
2029	1.0000000000023856
2030	1.0000000000023856
2031	1.0000000000023856
2032	1.0000000000023856
2033	1.0000000000023856
2034	1.0000000000023856
2035	1.0000000000023856
2036	1.0000000000023856
2037	1.0000000000023856
2038	1.0000000000023856
2039	1.0000000000023856
2040	1.0000000000023856
2041	1.0000000000023856
2042	1.0000000000023856
2043	1.0000000000023856
2044	1.0000000000023856
2045	1.0000000000023856
2046	1.0000000000023856
2047	1.0000000000023856
2048	1.0000000000023856
2049	1.0000000000023856
2050	1.0000000000023856
2051	1.0000000000023856
2052	1.0000000000023856
2053	1.0000000000023856
2054	1.0000000000023856
2055	1.0000000000023856
2056	1.0000000000023856
2057	1.0000000000023856
2058	1.0000000000023856
2059	1.0000000000023856
2060	1.0000000000023856
2061	1.0000000000023856
2062	1.0000000000023856
2063	1.0000000000023856
2064	1.0000000000023856
2065	1.0000000000023856
2066	1.0000000000023856
2067	1.0000000000023856
2068	1.0000000000023856
2069	1.0000000000023856
2070	1.0000000000023856
2071	1.0000000000023856
2072	1.0000000000023856
2073	1.0000000000023856
2074	1.0000000000023856
2075	1.0000000000023856
2076	1.0000000000023856
2077	1.0000000000023856
2078	1.0000000000023856
2079	1.0000000000023856
2080	1.0000000000023856
2081	1.0000000000023856
2082	1.0000000000023856
2083	1.0000000000023856
2084	1.0000000000023856
2085	1.0000000000023856
2086	1.0000000000023856
2087	1.0000000000023856
2088	1.0000000000023856
2089	1.0000000000023856
2090	1.0000000000023856
2091	1.0000000000023856
2092	1.0000000000023856
2093	1.0000000000023856
2094	1.0000000000023856
2095	1.0000000000023856
2096	1.0000000000023856
2097	1.0000000000023856
2098	1.0000000000023856
2099	1.0000000000023856
2100	1.0000000000023856
2101	1.0000000000023856
2102	1.0000000000023856
2103	1.0000000000023856
2104	1.0000000000023856
2105	1.0000000000023856
2106	1.0000000000023856
2107	1.0000000000023856
2108	1.0000000000023856
2109	1.0000000000023856
2110	1.0000000000023856
2111	1.0000000000023856
2112	1.0000000000023856
2113	1.0000000000023856
2114	1.0000000000023856
2115	1.0000000000023856
2116	1.0000000000023856
2117	1.0000000000023856
2118	1.0000000000023856
2119	1.0000000000023856
2120	1.0000000000023856
2121	1.0000000000023856
2122	1.0000000000023856
2123	1.0000000000023856
2124	1.0000000000023856
2125	1.0000000000023856
2126	1.0000000000023856
2127	1.0000000000023856
2128	1.0000000000023856
2129	1.0000000000023856
2130	1.0000000000023856
2131	1.0000000000023856
2132	1.0000000000023856
2133	1.0000000000023856
2134	1.0000000000023856
2135	1.0000000000023856
2136	1.0000000000023856
2137	1.0000000000023856
2138	1.0000000000023856
2139	1.0000000000023856
2140	1.0000000000023856
2141	1.0000000000023856
2142	1.0000000000023856
2143	1.0000000000023856
2144	1.0000000000023856
2145	1.0000000000023856
2146	1.0000000000023856
2147	1.0000000000023856
2148	1.0000000000023856
2149	1.0000000000023856
2150	1.0000000000023856
2151	1.0000000000023856
2152	1.0000000000023856
2153	1.0000000000023856
2154	1.0000000000023856
2155	1.0000000000023856
2156	1.0000000000023856
2157	1.0000000000023856
2158	1.0000000000023856
2159	1.0000000000023856
2160	1.0000000000023856
2161	1.0000000000023856
2162	1.0000000000023856
2163	1.0000000000023856
2164	1.0000000000023856
2165	1.0000000000023856
2166	1.0000000000023856
2167	1.0000000000023856
2168	1.0000000000023856
2169	1.0000000000023856
2170	1.0000000000023856
2171	1.0000000000023856
2172	1.0000000000023856
2173	1.0000000000023856
2174	1.0000000000023856
2175	1.0000000000023856
2176	1.0000000000023856
2177	1.0000000000023856
2178	1.0000000000023856
2179	1.0000000000023856
2180	1.0000000000023856
2181	1.0000000000023856
2182	1.0000000000023856
2183	1.0000000000023856
2184	1.0000000000023856
2185	1.0000000000023856
2186	1.0000000000023856
2187	1.0000000000023856
2188	1.0000000000023856
2189	1.0000000000023856
2190	1.0000000000023856
2191	1.0000000000023856
2192	1.0000000000023856
2193	1.0000000000023856
2194	1.0000000000023856
2195	1.0000000000023856
2196	1.0000000000023856
2197	1.0000000000023856
2198	1.0000000000023856
2199	1.0000000000023856
2200	1.0000000000023856
2201	1.0000000000023856
2202	1.0000000000023856
2203	1.0000000000023856
2204	1.0000000000023856
2205	1.0000000000023856
2206	1.0000000000023856
2207	1.0000000000023856
2208	1.0000000000023856
2209	1.0000000000023856
2210	1.0000000000023856
2211	1.0000000000023856
2212	1.0000000000023856
2213	1.0000000000023856
2214	1.0000000000023856
2215	1.0000000000023856
2216	1.0000000000023856
2217	1.0000000000023856
2218	1.0000000000023856
2219	1.0000000000023856
2220	1.0000000000023856
2221	1.0000000000023856
2222	1.0000000000023856
2223	1.0000000000023856
2224	1.0000000000023856
2225	1.0000000000023856
2226	1.0000000000023856
2227	1.0000000000023856
2228	1.0000000000023856
2229	1.0000000000023856
2230	1.0000000000023856
2231	1.0000000000023856
2232	1.0000000000023856
2233	1.0000000000023856
2234	1.0000000000023856
2235	1.0000000000023856
2236	1.0000000000023856
2237	1.0000000000023856
2238	1.0000000000023856
2239	1.0000000000023856
2240	1.0000000000023856
2241	1.0000000000023856
2242	1.0000000000023856
2243	1.0000000000023856
2244	1.0000000000023856
2245	1.0000000000023856
2246	1.0000000000023856
2247	1.0000000000023856
2248	1.0000000000023856
2249	1.0000000000023856
2250	1.0000000000023856
2251	1.0000000000023856
2252	1.0000000000023856
2253	1.0000000000023856
2254	1.0000000000023856
2255	1.0000000000023856
2256	1.0000000000023856
2257	1.0000000000023856
2258	1.0000000000023856
2259	1.0000000000023856
2260	1.0000000000023856
2261	1.0000000000023856
2262	1.0000000000023856
2263	1.0000000000023856
2264	1.0000000000023856
2265	1.0000000000023856
2266	1.0000000000023856
2267	1.0000000000023856
2268	1.0000000000023856
2269	1.0000000000023856
2270	1.0000000000023856
2271	1.0000000000023856
2272	1.0000000000023856
2273	1.0000000000023856
2274	1.0000000000023856
2275	1.0000000000023856
2276	1.0000000000023856
2277	1.0000000000023856
2278	1.0000000000023856
2279	1.0000000000023856
2280	1.0000000000023856
2281	1.0000000000023856
2282	1.0000000000023856
2283	1.0000000000023856
2284	1.0000000000023856
2285	1.0000000000023856
2286	1.0000000000023856
2287	1.0000000000023856
2288	1.0000000000023856
2289	1.0000000000023856
2290	1.0000000000023856
2291	1.0000000000023856
2292	1.0000000000023856
2293	1.0000000000023856
2294	1.0000000000023856
2295	1.0000000000023856
2296	1.0000000000023856
2297	1.0000000000023856
2298	1.0000000000023856
2299	1.0000000000023856
2300	1.0000000000023856
2301	1.0000000000023856
2302	1.0000000000023856
2303	1.0000000000023856
2304	1.0000000000023856
2305	1.0000000000023856
2306	1.0000000000023856
2307	1.0000000000023856
2308	1.0000000000023856
2309	1.0000000000023856
2310	1.0000000000023856
2311	1.0000000000023856
2312	1.0000000000023856
2313	1.0000000000023856
2314	1.0000000000023856
2315	1.0000000000023856
2316	1.0000000000023856
2317	1.0000000000023856
2318	1.0000000000023856
2319	1.0000000000023856
2320	1.0000000000023856
2321	1.0000000000023856
2322	1.0000000000023856
2323	1.0000000000023856
2324	1.0000000000023856
2325	1.0000000000023856
2326	1.0000000000023856
2327	1.0000000000023856
2328	1.0000000000023856
2329	1.0000000000023856
2330	1.0000000000023856
2331	1.0000000000023856
2332	1.0000000000023856
2333	1.0000000000023856
2334	1.0000000000023856
2335	1.0000000000023856
2336	1.0000000000023856
2337	1.0000000000023856
2338	1.0000000000023856
2339	1.0000000000023856
2340	1.0000000000023856
2341	1.0000000000023856
2342	1.0000000000023856
2343	1.0000000000023856
2344	1.0000000000023856
2345	1.0000000000023856
2346	1.0000000000023856
2347	1.0000000000023856
2348	1.0000000000023856
2349	1.0000000000023856
2350	1.0000000000023856
2351	1.0000000000023856
2352	1.0000000000023856
2353	1.0000000000023856
2354	1.0000000000023856
2355	1.0000000000023856
2356	1.0000000000023856
2357	1.0000000000023856
2358	1.0000000000023856
2359	1.0000000000023856
2360	1.0000000000023856
2361	1.0000000000023856
2362	1.0000000000023856
2363	1.0000000000023856
2364	1.0000000000023856
2365	1.0000000000023856
2366	1.0000000000023856
2367	1.0000000000023856
2368	1.0000000000023856
2369	1.0000000000023856
2370	1.0000000000023856
2371	1.0000000000023856
2372	1.0000000000023856
2373	1.0000000000023856
2374	1.0000000000023856
2375	1.0000000000023856
2376	1.0000000000023856
2377	1.0000000000023856
2378	1.0000000000023856
2379	1.0000000000023856
2380	1.0000000000023856
2381	1.0000000000023856
2382	1.0000000000023856
2383	1.0000000000023856
2384	1.0000000000023856
2385	1.0000000000023856
2386	1.0000000000023856
2387	1.0000000000023856
2388	1.0000000000023856
2389	1.0000000000023856
2390	1.0000000000023856
2391	1.0000000000023856
2392	1.0000000000023856
2393	1.0000000000023856
2394	1.0000000000023856
2395	1.0000000000023856
2396	1.0000000000023856
2397	1.0000000000023856
2398	1.0000000000023856
2399	1.0000000000023856
2400	1.0000000000023856
2401	1.0000000000023856
2402	1.0000000000023856
2403	1.0000000000023856
2404	1.0000000000023856
2405	1.0000000000023856
2406	1.0000000000023856
2407	1.0000000000023856
2408	1.0000000000023856
2409	1.0000000000023856
2410	1.0000000000023856
2411	1.0000000000023856
2412	1.0000000000023856
2413	1.0000000000023856
2414	1.0000000000023856
2415	1.0000000000023856
2416	1.0000000000023856
2417	1.0000000000023856
2418	1.0000000000023856
2419	1.0000000000023856
2420	1.0000000000023856
2421	1.0000000000023856
2422	1.0000000000023856
2423	1.0000000000023856
2424	1.0000000000023856
2425	1.0000000000023856
2426	1.0000000000023856
2427	1.0000000000023856
2428	1.0000000000023856
2429	1.0000000000023856
2430	1.0000000000023856
2431	1.0000000000023856
2432	1.0000000000023856
2433	1.0000000000023856
2434	1.0000000000023856
2435	1.0000000000023856
2436	1.0000000000023856
2437	1.0000000000023856
2438	1.0000000000023856
2439	1.0000000000023856
2440	1.0000000000023856
2441	1.0000000000023856
2442	1.0000000000023856
2443	1.0000000000023856
2444	1.0000000000023856
2445	1.0000000000023856
2446	1.0000000000023856
2447	1.0000000000023856
2448	1.0000000000023856
2449	1.0000000000023856
2450	1.0000000000023856
2451	1.0000000000023856
2452	1.0000000000023856
2453	1.0000000000023856
2454	1.0000000000023856
2455	1.0000000000023856
2456	1.0000000000023856
2457	1.0000000000023856
2458	1.0000000000023856
2459	1.0000000000023856
2460	1.0000000000023856
2461	1.0000000000023856
2462	1.0000000000023856
2463	1.0000000000023856
2464	1.0000000000023856
2465	1.0000000000023856
2466	1.0000000000023856
2467	1.0000000000023856
2468	1.0000000000023856
2469	1.0000000000023856
2470	1.0000000000023856
2471	1.0000000000023856
2472	1.0000000000023856
2473	1.0000000000023856
2474	1.0000000000023856
2475	1.0000000000023856
2476	1.0000000000023856
2477	1.0000000000023856
2478	1.0000000000023856
2479	1.0000000000023856
2480	1.0000000000023856
2481	1.0000000000023856
2482	1.0000000000023856
2483	1.0000000000023856
2484	1.0000000000023856
2485	1.0000000000023856
2486	1.0000000000023856
2487	1.0000000000023856
2488	1.0000000000023856
2489	1.0000000000023856
2490	1.0000000000023856
2491	1.0000000000023856
2492	1.0000000000023856
2493	1.0000000000023856
2494	1.0000000000023679
2495	0.9999999999990139
2496	0.9999999994524207
2497	0.9999999252526673
2498	0.9999918703590922
2499	0.999336317608643
2500	0.9637819040339899
