k	pvalue
0	1.0000000000024096
1	1.0000000000024096
2	1.0000000000024096
3	1.0000000000024096
4	1.0000000000024096
5	1.0000000000024096
6	1.0000000000024096
7	1.0000000000024096
8	1.0000000000024096
9	1.0000000000024096
10	1.0000000000024096
11	1.0000000000024096
12	1.0000000000024096
13	1.0000000000024096
14	1.0000000000024096
15	1.0000000000024096
16	1.0000000000024096
17	1.0000000000024096
18	1.0000000000024096
19	1.0000000000024096
20	1.0000000000024096
21	1.0000000000024096
22	1.0000000000024096
23	1.0000000000024096
24	1.0000000000024096
25	1.0000000000024096
26	1.0000000000024096
27	1.0000000000024096
28	1.0000000000024096
29	1.0000000000024096
30	1.0000000000024096
31	1.0000000000024096
32	1.0000000000024096
33	1.0000000000024096
34	1.0000000000024096
35	1.0000000000024096
36	1.0000000000024096
37	1.0000000000024096
38	1.0000000000024096
39	1.0000000000024096
40	1.0000000000024096
41	1.0000000000024096
42	1.0000000000024096
43	1.0000000000024096
44	1.0000000000024096
45	1.0000000000024096
46	1.0000000000024096
47	1.0000000000024096
48	1.0000000000024096
49	1.0000000000024096
50	1.0000000000024096
51	1.0000000000024096
52	1.0000000000024096
53	1.0000000000024096
54	1.0000000000024096
55	1.0000000000024096
56	1.0000000000024096
57	1.0000000000024096
58	1.0000000000024096
59	1.0000000000024096
60	1.0000000000024096
61	1.0000000000024096
62	1.0000000000024096
63	1.0000000000024096
64	1.0000000000024096
65	1.0000000000024096
66	1.0000000000024096
67	1.0000000000024096
68	1.0000000000024096
69	1.0000000000024096
70	1.0000000000024096
71	1.0000000000024096
72	1.0000000000024096
73	1.0000000000024096
74	1.0000000000024096
75	1.0000000000024096
76	1.0000000000024096
77	1.0000000000024096
78	1.0000000000024096
79	1.0000000000024096
80	1.0000000000024096
81	1.0000000000024096
82	1.0000000000024096
83	1.0000000000024096
84	1.0000000000024096
85	1.0000000000024096
86	1.0000000000024096
87	1.0000000000024096
88	1.0000000000024096
89	1.0000000000024096
90	1.0000000000024096
91	1.0000000000024096
92	1.0000000000024096
93	1.0000000000024096
94	1.0000000000024096
95	1.0000000000024096
96	1.0000000000024096
97	1.0000000000024096
98	1.0000000000024096
99	1.0000000000024096
100	1.0000000000024096
101	1.0000000000024096
102	1.0000000000024096
103	1.0000000000024096
104	1.0000000000024096
105	1.0000000000024096
106	1.0000000000024096
107	1.0000000000024096
108	1.0000000000024096
109	1.0000000000024096
110	1.0000000000024096
111	1.0000000000024096
112	1.0000000000024096
113	1.0000000000024096
114	1.0000000000024096
115	1.0000000000024096
116	1.0000000000024096
117	1.0000000000024096
118	1.0000000000024096
119	1.0000000000024096
120	1.0000000000024096
121	1.0000000000024096
122	1.0000000000024096
123	1.0000000000024096
124	1.0000000000024096
125	1.0000000000024096
126	1.0000000000024096
127	1.0000000000024096
128	1.0000000000024096
129	1.0000000000024096
130	1.0000000000024096
131	1.0000000000024096
132	1.0000000000024096
133	1.0000000000024096
134	1.0000000000024096
135	1.0000000000024096
136	1.0000000000024096
137	1.0000000000024096
138	1.0000000000024096
139	1.0000000000024096
140	1.0000000000024096
141	1.0000000000024096
142	1.0000000000024096
143	1.0000000000024096
144	1.0000000000024096
145	1.0000000000024096
146	1.0000000000024096
147	1.0000000000024096
148	1.0000000000024096
149	1.0000000000024096
150	1.0000000000024096
151	1.0000000000024096
152	1.0000000000024096
153	1.0000000000024096
154	1.0000000000024096
155	1.0000000000024096
156	1.0000000000024096
157	1.0000000000024096
158	1.0000000000024096
159	1.0000000000024096
160	1.0000000000024096
161	1.0000000000024096
162	1.0000000000024096
163	1.0000000000024096
164	1.0000000000024096
165	1.0000000000024096
166	1.0000000000024096
167	1.0000000000024096
168	1.0000000000024096
169	1.0000000000024096
170	1.0000000000024096
171	1.0000000000024096
172	1.0000000000024096
173	1.0000000000024096
174	1.0000000000024096
175	1.0000000000024096
176	1.0000000000024096
177	1.0000000000024096
178	1.0000000000024096
179	1.0000000000024096
180	1.0000000000024096
181	1.0000000000024096
182	1.0000000000024096
183	1.0000000000024096
184	1.0000000000024096
185	1.0000000000024096
186	1.0000000000024096
187	1.0000000000024096
188	1.0000000000024096
189	1.0000000000024096
190	1.0000000000024096
191	1.0000000000024096
192	1.0000000000024096
193	1.0000000000024096
194	1.0000000000024096
195	1.0000000000024096
196	1.0000000000024096
197	1.0000000000024096
198	1.0000000000024096
199	1.0000000000024096
200	1.0000000000024096
201	1.0000000000024096
202	1.0000000000024096
203	1.0000000000024096
204	1.0000000000024096
205	1.0000000000024096
206	1.0000000000024096
207	1.0000000000024096
208	1.0000000000024096
209	1.0000000000024096
210	1.0000000000024096
211	1.0000000000024096
212	1.0000000000024096
213	1.0000000000024096
214	1.0000000000024096
215	1.0000000000024096
216	1.0000000000024096
217	1.0000000000024096
218	1.0000000000024096
219	1.0000000000024096
220	1.0000000000024096
221	1.0000000000024096
222	1.0000000000024096
223	1.0000000000024096
224	1.0000000000024096
225	1.0000000000024096
226	1.0000000000024096
227	1.0000000000024096
228	1.0000000000024096
229	1.0000000000024096
230	1.0000000000024096
231	1.0000000000024096
232	1.0000000000024096
233	1.0000000000024096
234	1.0000000000024096
235	1.0000000000024096
236	1.0000000000024096
237	1.0000000000024096
238	1.0000000000024096
239	1.0000000000024096
240	1.0000000000024096
241	1.0000000000024096
242	1.0000000000024096
243	1.0000000000024096
244	1.0000000000024096
245	1.0000000000024096
246	1.0000000000024096
247	1.0000000000024096
248	1.0000000000024096
249	1.0000000000024096
250	1.0000000000024096
251	1.0000000000024096
252	1.0000000000024096
253	1.0000000000024096
254	1.0000000000024096
255	1.0000000000024096
256	1.0000000000024096
257	1.0000000000024096
258	1.0000000000024096
259	1.0000000000024096
260	1.0000000000024096
261	1.0000000000024096
262	1.0000000000024096
263	1.0000000000024096
264	1.0000000000024096
265	1.0000000000024096
266	1.0000000000024096
267	1.0000000000024096
268	1.0000000000024096
269	1.0000000000024096
270	1.0000000000024096
271	1.0000000000024096
272	1.0000000000024096
273	1.0000000000024096
274	1.0000000000024096
275	1.0000000000024096
276	1.0000000000024096
277	1.0000000000024096
278	1.0000000000024096
279	1.0000000000024096
280	1.0000000000024096
281	1.0000000000024096
282	1.0000000000024096
283	1.0000000000024096
284	1.0000000000024096
285	1.0000000000024096
286	1.0000000000024096
287	1.0000000000024096
288	1.0000000000024096
289	1.0000000000024096
290	1.0000000000024096
291	1.0000000000024096
292	1.0000000000024096
293	1.0000000000024096
294	1.0000000000024096
295	1.0000000000024096
296	1.0000000000024096
297	1.0000000000024096
298	1.0000000000024096
299	1.0000000000024096
300	1.0000000000024096
301	1.0000000000024096
302	1.0000000000024096
303	1.0000000000024096
304	1.0000000000024096
305	1.0000000000024096
306	1.0000000000024096
307	1.0000000000024096
308	1.0000000000024096
309	1.0000000000024096
310	1.0000000000024096
311	1.0000000000024096
312	1.0000000000024096
313	1.0000000000024096
314	1.0000000000024096
315	1.0000000000024096
316	1.0000000000024096
317	1.0000000000024096
318	1.0000000000024096
319	1.0000000000024096
320	1.0000000000024096
321	1.0000000000024096
322	1.0000000000024096
323	1.0000000000024096
324	1.0000000000024096
325	1.0000000000024096
326	1.0000000000024096
327	1.0000000000024096
328	1.0000000000024096
329	1.0000000000024096
330	1.0000000000024096
331	1.0000000000024096
332	1.0000000000024096
333	1.0000000000024096
334	1.0000000000024096
335	1.0000000000024096
336	1.0000000000024096
337	1.0000000000024096
338	1.0000000000024096
339	1.0000000000024096
340	1.0000000000024096
341	1.0000000000024096
342	1.0000000000024096
343	1.0000000000024096
344	1.0000000000024096
345	1.0000000000024096
346	1.0000000000024096
347	1.0000000000024096
348	1.0000000000024096
349	1.0000000000024096
350	1.0000000000024096
351	1.0000000000024096
352	1.0000000000024096
353	1.0000000000024096
354	1.0000000000024096
355	1.0000000000024096
356	1.0000000000024096
357	1.0000000000024096
358	1.0000000000024096
359	1.0000000000024096
360	1.0000000000024096
361	1.0000000000024096
362	1.0000000000024096
363	1.0000000000024096
364	1.0000000000024096
365	1.0000000000024096
366	1.0000000000024096
367	1.0000000000024096
368	1.0000000000024096
369	1.0000000000024096
370	1.0000000000024096
371	1.0000000000024096
372	1.0000000000024096
373	1.0000000000024096
374	1.0000000000024096
375	1.0000000000024096
376	1.0000000000024096
377	1.0000000000024096
378	1.0000000000024096
379	1.0000000000024096
380	1.0000000000024096
381	1.0000000000024096
382	1.0000000000024096
383	1.0000000000024096
384	1.0000000000024096
385	1.0000000000024096
386	1.0000000000024096
387	1.0000000000024096
388	1.0000000000024096
389	1.0000000000024096
390	1.0000000000024096
391	1.0000000000024096
392	1.0000000000024096
393	1.0000000000024096
394	1.0000000000024096
395	1.0000000000024096
396	1.0000000000024096
397	1.0000000000024096
398	1.0000000000024096
399	1.0000000000024096
400	1.0000000000024096
401	1.0000000000024096
402	1.0000000000024096
403	1.0000000000024096
404	1.0000000000024096
405	1.0000000000024096
406	1.0000000000024096
407	1.0000000000024096
408	1.0000000000024096
409	1.0000000000024096
410	1.0000000000024096
411	1.0000000000024096
412	1.0000000000024096
413	1.0000000000024096
414	1.0000000000024096
415	1.0000000000024096
416	1.0000000000024096
417	1.0000000000024096
418	1.0000000000024096
419	1.0000000000024096
420	1.0000000000024096
421	1.0000000000024096
422	1.0000000000024096
423	1.0000000000024096
424	1.0000000000024096
425	1.0000000000024096
426	1.0000000000024096
427	1.0000000000024096
428	1.0000000000024096
429	1.0000000000024096
430	1.0000000000024096
431	1.0000000000024096
432	1.0000000000024096
433	1.0000000000024096
434	1.0000000000024096
435	1.0000000000024096
436	1.0000000000024096
437	1.0000000000024096
438	1.0000000000024096
439	1.0000000000024096
440	1.0000000000024096
441	1.0000000000024096
442	1.0000000000024096
443	1.0000000000024096
444	1.0000000000024096
445	1.0000000000024096
446	1.0000000000024096
447	1.0000000000024096
448	1.0000000000024096
449	1.0000000000024096
450	1.0000000000024096
451	1.0000000000024096
452	1.0000000000024096
453	1.0000000000024096
454	1.0000000000024096
455	1.0000000000024096
456	1.0000000000024096
457	1.0000000000024096
458	1.0000000000024096
459	1.0000000000024096
460	1.0000000000024096
461	1.0000000000024096
462	1.0000000000024096
463	1.0000000000024096
464	1.0000000000024096
465	1.0000000000024096
466	1.0000000000024096
467	1.0000000000024096
468	1.0000000000024096
469	1.0000000000024096
470	1.0000000000024096
471	1.0000000000024096
472	1.0000000000024096
473	1.0000000000024096
474	1.0000000000024096
475	1.0000000000024096
476	1.0000000000024096
477	1.0000000000024096
478	1.0000000000024096
479	1.0000000000024096
480	1.0000000000024096
481	1.0000000000024096
482	1.0000000000024096
483	1.0000000000024096
484	1.0000000000024096
485	1.0000000000024096
486	1.0000000000024096
487	1.0000000000024096
488	1.0000000000024096
489	1.0000000000024096
490	1.0000000000024096
491	1.0000000000024096
492	1.0000000000024096
493	1.0000000000024096
494	1.0000000000024096
495	1.0000000000024096
496	1.0000000000024096
497	1.0000000000024096
498	1.0000000000024096
499	1.0000000000024096
500	1.0000000000024096
501	1.0000000000024096
502	1.0000000000024096
503	1.0000000000024096
504	1.0000000000024096
505	1.0000000000024096
506	1.0000000000024096
507	1.0000000000024096
508	1.0000000000024096
509	1.0000000000024096
510	1.0000000000024096
511	1.0000000000024096
512	1.0000000000024096
513	1.0000000000024096
514	1.0000000000024096
515	1.0000000000024096
516	1.0000000000024096
517	1.0000000000024096
518	1.0000000000024096
519	1.0000000000024096
520	1.0000000000024096
521	1.0000000000024096
522	1.0000000000024096
523	1.0000000000024096
524	1.0000000000024096
525	1.0000000000024096
526	1.0000000000024096
527	1.0000000000024096
528	1.0000000000024096
529	1.0000000000024096
530	1.0000000000024096
531	1.0000000000024096
532	1.0000000000024096
533	1.0000000000024096
534	1.0000000000024096
535	1.0000000000024096
536	1.0000000000024096
537	1.0000000000024096
538	1.0000000000024096
539	1.0000000000024096
540	1.0000000000024096
541	1.0000000000024096
542	1.0000000000024096
543	1.0000000000024096
544	1.0000000000024096
545	1.0000000000024096
546	1.0000000000024096
547	1.0000000000024096
548	1.0000000000024096
549	1.0000000000024096
550	1.0000000000024096
551	1.0000000000024096
552	1.0000000000024096
553	1.0000000000024096
554	1.0000000000024096
555	1.0000000000024096
556	1.0000000000024096
557	1.0000000000024096
558	1.0000000000024096
559	1.0000000000024096
560	1.0000000000024096
561	1.0000000000024096
562	1.0000000000024096
563	1.0000000000024096
564	1.0000000000024096
565	1.0000000000024096
566	1.0000000000024096
567	1.0000000000024096
568	1.0000000000024096
569	1.0000000000024096
570	1.0000000000024096
571	1.0000000000024096
572	1.0000000000024096
573	1.0000000000024096
574	1.0000000000024096
575	1.0000000000024096
576	1.0000000000024096
577	1.0000000000024096
578	1.0000000000024096
579	1.0000000000024096
580	1.0000000000024096
581	1.0000000000024096
582	1.0000000000024096
583	1.0000000000024096
584	1.0000000000024096
585	1.0000000000024096
586	1.0000000000024096
587	1.0000000000024096
588	1.0000000000024096
589	1.0000000000024096
590	1.0000000000024096
591	1.0000000000024096
592	1.0000000000024096
593	1.0000000000024096
594	1.0000000000024096
595	1.0000000000024096
596	1.0000000000024096
597	1.0000000000024096
598	1.0000000000024096
599	1.0000000000024096
600	1.0000000000024096
601	1.0000000000024096
602	1.0000000000024096
603	1.0000000000024096
604	1.0000000000024096
605	1.0000000000024096
606	1.0000000000024096
607	1.0000000000024096
608	1.0000000000024096
609	1.0000000000024096
610	1.0000000000024096
611	1.0000000000024096
612	1.0000000000024096
613	1.0000000000024096
614	1.0000000000024096
615	1.0000000000024096
616	1.0000000000024096
617	1.0000000000024096
618	1.0000000000024096
619	1.0000000000024096
620	1.0000000000024096
621	1.0000000000024096
622	1.0000000000024096
623	1.0000000000024096
624	1.0000000000024096
625	1.0000000000024096
626	1.0000000000024096
627	1.0000000000024096
628	1.0000000000024096
629	1.0000000000024096
630	1.0000000000024096
631	1.0000000000024096
632	1.0000000000024096
633	1.0000000000024096
634	1.0000000000024096
635	1.0000000000024096
636	1.0000000000024096
637	1.0000000000024096
638	1.0000000000024096
639	1.0000000000024096
640	1.0000000000024096
641	1.0000000000024096
642	1.0000000000024096
643	1.0000000000024096
644	1.0000000000024096
645	1.0000000000024096
646	1.0000000000024096
647	1.0000000000024096
648	1.0000000000024096
649	1.0000000000024096
650	1.0000000000024096
651	1.0000000000024096
652	1.0000000000024096
653	1.0000000000024096
654	1.0000000000024096
655	1.0000000000024096
656	1.0000000000024096
657	1.0000000000024096
658	1.0000000000024096
659	1.0000000000024096
660	1.0000000000024096
661	1.0000000000024096
662	1.0000000000024096
663	1.0000000000024096
664	1.0000000000024096
665	1.0000000000024096
666	1.0000000000024096
667	1.0000000000024096
668	1.0000000000024096
669	1.0000000000024096
670	1.0000000000024096
671	1.0000000000024096
672	1.0000000000024096
673	1.0000000000024096
674	1.0000000000024096
675	1.0000000000024096
676	1.0000000000024096
677	1.0000000000024096
678	1.0000000000024096
679	1.0000000000024096
680	1.0000000000024096
681	1.0000000000024096
682	1.0000000000024096
683	1.0000000000024096
684	1.0000000000024096
685	1.0000000000024096
686	1.0000000000024096
687	1.0000000000024096
688	1.0000000000024096
689	1.0000000000024096
690	1.0000000000024096
691	1.0000000000024096
692	1.0000000000024096
693	1.0000000000024096
694	1.0000000000024096
695	1.0000000000024096
696	1.0000000000024096
697	1.0000000000024096
698	1.0000000000024096
699	1.0000000000024096
700	1.0000000000024096
701	1.0000000000024096
702	1.0000000000024096
703	1.0000000000024096
704	1.0000000000024096
705	1.0000000000024096
706	1.0000000000024096
707	1.0000000000024096
708	1.0000000000024096
709	1.0000000000024096
710	1.0000000000024096
711	1.0000000000024096
712	1.0000000000024096
713	1.0000000000024096
714	1.0000000000024096
715	1.0000000000024096
716	1.0000000000024096
717	1.0000000000024096
718	1.0000000000024096
719	1.0000000000024096
720	1.0000000000024096
721	1.0000000000024096
722	1.0000000000024096
723	1.0000000000024096
724	1.0000000000024096
725	1.0000000000024096
726	1.0000000000024096
727	1.0000000000024096
728	1.0000000000024096
729	1.0000000000024096
730	1.0000000000024096
731	1.0000000000024096
732	1.0000000000024096
733	1.0000000000024096
734	1.0000000000024096
735	1.0000000000024096
736	1.0000000000024096
737	1.0000000000024096
738	1.0000000000024096
739	1.0000000000024096
740	1.0000000000024096
741	1.0000000000024096
742	1.0000000000024096
743	1.0000000000024096
744	1.0000000000024096
745	1.0000000000024096
746	1.0000000000024096
747	1.0000000000024096
748	1.0000000000024096
749	1.0000000000024096
750	1.0000000000024096
751	1.0000000000024096
752	1.0000000000024096
753	1.0000000000024096
754	1.0000000000024096
755	1.0000000000024096
756	1.0000000000024096
757	1.0000000000024096
758	1.0000000000024096
759	1.0000000000024096
760	1.0000000000024096
761	1.0000000000024096
762	1.0000000000024096
763	1.0000000000024096
764	1.0000000000024096
765	1.0000000000024096
766	1.0000000000024096
767	1.0000000000024096
768	1.0000000000024096
769	1.0000000000024096
770	1.0000000000024096
771	1.0000000000024096
772	1.0000000000024096
773	1.0000000000024096
774	1.0000000000024096
775	1.0000000000024096
776	1.0000000000024096
777	1.0000000000024096
778	1.0000000000024096
779	1.0000000000024096
780	1.0000000000024096
781	1.0000000000024096
782	1.0000000000024096
783	1.0000000000024096
784	1.0000000000024096
785	1.0000000000024096
786	1.0000000000024096
787	1.0000000000024096
788	1.0000000000024096
789	1.0000000000024096
790	1.0000000000024096
791	1.0000000000024096
792	1.0000000000024096
793	1.0000000000024096
794	1.0000000000024096
795	1.0000000000024096
796	1.0000000000024096
797	1.0000000000024096
798	1.0000000000024096
799	1.0000000000024096
800	1.0000000000024096
801	1.0000000000024096
802	1.0000000000024096
803	1.0000000000024096
804	1.0000000000024096
805	1.0000000000024096
806	1.0000000000024096
807	1.0000000000024096
808	1.0000000000024096
809	1.0000000000024096
810	1.0000000000024096
811	1.0000000000024096
812	1.0000000000024096
813	1.0000000000024096
814	1.0000000000024096
815	1.0000000000024096
816	1.0000000000024096
817	1.0000000000024096
818	1.0000000000024096
819	1.0000000000024096
820	1.0000000000024096
821	1.0000000000024096
822	1.0000000000024096
823	1.0000000000024096
824	1.0000000000024096
825	1.0000000000024096
826	1.0000000000024096
827	1.0000000000024096
828	1.0000000000024096
829	1.0000000000024096
830	1.0000000000024096
831	1.0000000000024096
832	1.0000000000024096
833	1.0000000000024096
834	1.0000000000024096
835	1.0000000000024096
836	1.0000000000024096
837	1.0000000000024096
838	1.0000000000024096
839	1.0000000000024096
840	1.0000000000024096
841	1.0000000000024096
842	1.0000000000024096
843	1.0000000000024096
844	1.0000000000024096
845	1.0000000000024096
846	1.0000000000024096
847	1.0000000000024096
848	1.0000000000024096
849	1.0000000000024096
850	1.0000000000024096
851	1.0000000000024096
852	1.0000000000024096
853	1.0000000000024096
854	1.0000000000024096
855	1.0000000000024096
856	1.0000000000024096
857	1.0000000000024096
858	1.0000000000024096
859	1.0000000000024096
860	1.0000000000024096
861	1.0000000000024096
862	1.0000000000024096
863	1.0000000000024096
864	1.0000000000024096
865	1.0000000000024096
866	1.0000000000024096
867	1.0000000000024096
868	1.0000000000024096
869	1.0000000000024096
870	1.0000000000024096
871	1.0000000000024096
872	1.0000000000024096
873	1.0000000000024096
874	1.0000000000024096
875	1.0000000000024096
876	1.0000000000024096
877	1.0000000000024096
878	1.0000000000024096
879	1.0000000000024096
880	1.0000000000024096
881	1.0000000000024096
882	1.0000000000024096
883	1.0000000000024096
884	1.0000000000024096
885	1.0000000000024096
886	1.0000000000024096
887	1.0000000000024096
888	1.0000000000024096
889	1.0000000000024096
890	1.0000000000024096
891	1.0000000000024096
892	1.0000000000024096
893	1.0000000000024096
894	1.0000000000024096
895	1.0000000000024096
896	1.0000000000024096
897	1.0000000000024096
898	1.0000000000024096
899	1.0000000000024096
900	1.0000000000024096
901	1.0000000000024096
902	1.0000000000024096
903	1.0000000000024096
904	1.0000000000024096
905	1.0000000000024096
906	1.0000000000024096
907	1.0000000000024096
908	1.0000000000024096
909	1.0000000000024096
910	1.0000000000024096
911	1.0000000000024096
912	1.0000000000024096
913	1.0000000000024096
914	1.0000000000024096
915	1.0000000000024096
916	1.0000000000024096
917	1.0000000000024096
918	1.0000000000024096
919	1.0000000000024096
920	1.0000000000024096
921	1.0000000000024096
922	1.0000000000024096
923	1.0000000000024096
924	1.0000000000024096
925	1.0000000000024096
926	1.0000000000024096
927	1.0000000000024096
928	1.0000000000024096
929	1.0000000000024096
930	1.0000000000024096
931	1.0000000000024096
932	1.0000000000024096
933	1.0000000000024096
934	1.0000000000024096
935	1.0000000000024096
936	1.0000000000024096
937	1.0000000000024096
938	1.0000000000024096
939	1.0000000000024096
940	1.0000000000024096
941	1.0000000000024096
942	1.0000000000024096
943	1.0000000000024096
944	1.0000000000024096
945	1.0000000000024096
946	1.0000000000024096
947	1.0000000000024096
948	1.0000000000024096
949	1.0000000000024096
950	1.0000000000024096
951	1.0000000000024096
952	1.0000000000024096
953	1.0000000000024096
954	1.0000000000024096
955	1.0000000000024096
956	1.0000000000024096
957	1.0000000000024096
958	1.0000000000024096
959	1.0000000000024096
960	1.0000000000024096
961	1.0000000000024096
962	1.0000000000024096
963	1.0000000000024096
964	1.0000000000024096
965	1.0000000000024096
966	1.0000000000024096
967	1.0000000000024096
968	1.0000000000024096
969	1.0000000000024096
970	1.0000000000024096
971	1.0000000000024096
972	1.0000000000024096
973	1.0000000000024096
974	1.0000000000024096
975	1.0000000000024096
976	1.0000000000024096
977	1.0000000000024096
978	1.0000000000024096
979	1.0000000000024096
980	1.0000000000024096
981	1.0000000000024096
982	1.0000000000024096
983	1.0000000000024096
984	1.0000000000024096
985	1.0000000000024096
986	1.0000000000024096
987	1.0000000000024096
988	1.0000000000024096
989	1.0000000000024096
990	1.0000000000024096
991	1.0000000000024096
992	1.0000000000024096
993	1.0000000000024096
994	1.0000000000024096
995	1.0000000000024096
996	1.0000000000024096
997	1.0000000000024096
998	1.0000000000024096
999	1.0000000000024096
1000	1.0000000000024096
1001	1.0000000000024096
1002	1.0000000000024096
1003	1.0000000000024096
1004	1.0000000000024096
1005	1.0000000000024096
1006	1.0000000000024096
1007	1.0000000000024096
1008	1.0000000000024096
1009	1.0000000000024096
1010	1.0000000000024096
1011	1.0000000000024096
1012	1.0000000000024096
1013	1.0000000000024096
1014	1.0000000000024096
1015	1.0000000000024096
1016	1.0000000000024096
1017	1.0000000000024096
1018	1.0000000000024096
1019	1.0000000000024096
1020	1.0000000000024096
1021	1.0000000000024096
1022	1.0000000000024096
1023	1.0000000000024096
1024	1.0000000000024096
1025	1.0000000000024096
1026	1.0000000000024096
1027	1.0000000000024096
1028	1.0000000000024096
1029	1.0000000000024096
1030	1.0000000000024096
1031	1.0000000000024096
1032	1.0000000000024096
1033	1.0000000000024096
1034	1.0000000000024096
1035	1.0000000000024096
1036	1.0000000000024096
1037	1.0000000000024096
1038	1.0000000000024096
1039	1.0000000000024096
1040	1.0000000000024096
1041	1.0000000000024096
1042	1.0000000000024096
1043	1.0000000000024096
1044	1.0000000000024096
1045	1.0000000000024096
1046	1.0000000000024096
1047	1.0000000000024096
1048	1.0000000000024096
1049	1.0000000000024096
1050	1.0000000000024096
1051	1.0000000000024096
1052	1.0000000000024096
1053	1.0000000000024096
1054	1.0000000000024096
1055	1.0000000000024096
1056	1.0000000000024096
1057	1.0000000000024096
1058	1.0000000000024096
1059	1.0000000000024096
1060	1.0000000000024096
1061	1.0000000000024096
1062	1.0000000000024096
1063	1.0000000000024096
1064	1.0000000000024096
1065	1.0000000000024096
1066	1.0000000000024096
1067	1.0000000000024096
1068	1.0000000000024096
1069	1.0000000000024096
1070	1.0000000000024096
1071	1.0000000000024096
1072	1.0000000000024096
1073	1.0000000000024096
1074	1.0000000000024096
1075	1.0000000000024096
1076	1.0000000000024096
1077	1.0000000000024096
1078	1.0000000000024096
1079	1.0000000000024096
1080	1.0000000000024096
1081	1.0000000000024096
1082	1.0000000000024096
1083	1.0000000000024096
1084	1.0000000000024096
1085	1.0000000000024096
1086	1.0000000000024096
1087	1.0000000000024096
1088	1.0000000000024096
1089	1.0000000000024096
1090	1.0000000000024096
1091	1.0000000000024096
1092	1.0000000000024096
1093	1.0000000000024096
1094	1.0000000000024096
1095	1.0000000000024096
1096	1.0000000000024096
1097	1.0000000000024096
1098	1.0000000000024096
1099	1.0000000000024096
1100	1.0000000000024096
1101	1.0000000000024096
1102	1.0000000000024096
1103	1.0000000000024096
1104	1.0000000000024096
1105	1.0000000000024096
1106	1.0000000000024096
1107	1.0000000000024096
1108	1.0000000000024096
1109	1.0000000000024096
1110	1.0000000000024096
1111	1.0000000000024096
1112	1.0000000000024096
1113	1.0000000000024096
1114	1.0000000000024096
1115	1.0000000000024096
1116	1.0000000000024096
1117	1.0000000000024096
1118	1.0000000000024096
1119	1.0000000000024096
1120	1.0000000000024096
1121	1.0000000000024096
1122	1.0000000000024096
1123	1.0000000000024096
1124	1.0000000000024096
1125	1.0000000000024096
1126	1.0000000000024096
1127	1.0000000000024096
1128	1.0000000000024096
1129	1.0000000000024096
1130	1.0000000000024096
1131	1.0000000000024096
1132	1.0000000000024096
1133	1.0000000000024096
1134	1.0000000000024096
1135	1.0000000000024096
1136	1.0000000000024096
1137	1.0000000000024096
1138	1.0000000000024096
1139	1.0000000000024096
1140	1.0000000000024096
1141	1.0000000000024096
1142	1.0000000000024096
1143	1.0000000000024096
1144	1.0000000000024096
1145	1.0000000000024096
1146	1.0000000000024096
1147	1.0000000000024096
1148	1.0000000000024096
1149	1.0000000000024096
1150	1.0000000000024096
1151	1.0000000000024096
1152	1.0000000000024096
1153	1.0000000000024096
1154	1.0000000000024096
1155	1.0000000000024096
1156	1.0000000000024096
1157	1.0000000000024096
1158	1.0000000000024096
1159	1.0000000000024096
1160	1.0000000000024096
1161	1.0000000000024096
1162	1.0000000000024096
1163	1.0000000000024096
1164	1.0000000000024096
1165	1.0000000000024096
1166	1.0000000000024096
1167	1.0000000000024096
1168	1.0000000000024096
1169	1.0000000000024096
1170	1.0000000000024096
1171	1.0000000000024096
1172	1.0000000000024096
1173	1.0000000000024096
1174	1.0000000000024096
1175	1.0000000000024096
1176	1.0000000000024096
1177	1.0000000000024096
1178	1.0000000000024096
1179	1.0000000000024096
1180	1.0000000000024096
1181	1.0000000000024096
1182	1.0000000000024096
1183	1.0000000000024096
1184	1.0000000000024096
1185	1.0000000000024096
1186	1.0000000000024096
1187	1.0000000000024096
1188	1.0000000000024096
1189	1.0000000000024096
1190	1.0000000000024096
1191	1.0000000000024096
1192	1.0000000000024096
1193	1.0000000000024096
1194	1.0000000000024096
1195	1.0000000000024096
1196	1.0000000000024096
1197	1.0000000000024096
1198	1.0000000000024096
1199	1.0000000000024096
1200	1.0000000000024096
1201	1.0000000000024096
1202	1.0000000000024096
1203	1.0000000000024096
1204	1.0000000000024096
1205	1.0000000000024096
1206	1.0000000000024096
1207	1.0000000000024096
1208	1.0000000000024096
1209	1.0000000000024096
1210	1.0000000000024096
1211	1.0000000000024096
1212	1.0000000000024096
1213	1.0000000000024096
1214	1.0000000000024096
1215	1.0000000000024096
1216	1.0000000000024096
1217	1.0000000000024096
1218	1.0000000000024096
1219	1.0000000000024096
1220	1.0000000000024096
1221	1.0000000000024096
1222	1.0000000000024096
1223	1.0000000000024096
1224	1.0000000000024096
1225	1.0000000000024096
1226	1.0000000000024096
1227	1.0000000000024096
1228	1.0000000000024096
1229	1.0000000000024096
1230	1.0000000000024096
1231	1.0000000000024096
1232	1.0000000000024096
1233	1.0000000000024096
1234	1.0000000000024096
1235	1.0000000000024096
1236	1.0000000000024096
1237	1.0000000000024096
1238	1.0000000000024096
1239	1.0000000000024096
1240	1.0000000000024096
1241	1.0000000000024096
1242	1.0000000000024096
1243	1.0000000000024096
1244	1.0000000000024096
1245	1.0000000000024096
1246	1.0000000000024096
1247	1.0000000000024096
1248	1.0000000000024096
1249	1.0000000000024096
1250	1.0000000000024096
1251	1.0000000000024096
1252	1.0000000000024096
1253	1.0000000000024096
1254	1.0000000000024096
1255	1.0000000000024096
1256	1.0000000000024096
1257	1.0000000000024096
1258	1.0000000000024096
1259	1.0000000000024096
1260	1.0000000000024096
1261	1.0000000000024096
1262	1.0000000000024096
1263	1.0000000000024096
1264	1.0000000000024096
1265	1.0000000000024096
1266	1.0000000000024096
1267	1.0000000000024096
1268	1.0000000000024096
1269	1.0000000000024096
1270	1.0000000000024096
1271	1.0000000000024096
1272	1.0000000000024096
1273	1.0000000000024096
1274	1.0000000000024096
1275	1.0000000000024096
1276	1.0000000000024096
1277	1.0000000000024096
1278	1.0000000000024096
1279	1.0000000000024096
1280	1.0000000000024096
1281	1.0000000000024096
1282	1.0000000000024096
1283	1.0000000000024096
1284	1.0000000000024096
1285	1.0000000000024096
1286	1.0000000000024096
1287	1.0000000000024096
1288	1.0000000000024096
1289	1.0000000000024096
1290	1.0000000000024096
1291	1.0000000000024096
1292	1.0000000000024096
1293	1.0000000000024096
1294	1.0000000000024096
1295	1.0000000000024096
1296	1.0000000000024096
1297	1.0000000000024096
1298	1.0000000000024096
1299	1.0000000000024096
1300	1.0000000000024096
1301	1.0000000000024096
1302	1.0000000000024096
1303	1.0000000000024096
1304	1.0000000000024096
1305	1.0000000000024096
1306	1.0000000000024096
1307	1.0000000000024096
1308	1.0000000000024096
1309	1.0000000000024096
1310	1.0000000000024096
1311	1.0000000000024096
1312	1.0000000000024096
1313	1.0000000000024096
1314	1.0000000000024096
1315	1.0000000000024096
1316	1.0000000000024096
1317	1.0000000000024096
1318	1.0000000000024096
1319	1.0000000000024096
1320	1.0000000000024096
1321	1.0000000000024096
1322	1.0000000000024096
1323	1.0000000000024096
1324	1.0000000000024096
1325	1.0000000000024096
1326	1.0000000000024096
1327	1.0000000000024096
1328	1.0000000000024096
1329	1.0000000000024096
1330	1.0000000000024096
1331	1.0000000000024096
1332	1.0000000000024096
1333	1.0000000000024096
1334	1.0000000000024096
1335	1.0000000000024096
1336	1.0000000000024096
1337	1.0000000000024096
1338	1.0000000000024096
1339	1.0000000000024096
1340	1.0000000000024096
1341	1.0000000000024096
1342	1.0000000000024096
1343	1.0000000000024096
1344	1.0000000000024096
1345	1.0000000000024096
1346	1.0000000000024096
1347	1.0000000000024096
1348	1.0000000000024096
1349	1.0000000000024096
1350	1.0000000000024096
1351	1.0000000000024096
1352	1.0000000000024096
1353	1.0000000000024096
1354	1.0000000000024096
1355	1.0000000000024096
1356	1.0000000000024096
1357	1.0000000000024096
1358	1.0000000000024096
1359	1.0000000000024096
1360	1.0000000000024096
1361	1.0000000000024096
1362	1.0000000000024096
1363	1.0000000000024096
1364	1.0000000000024096
1365	1.0000000000024096
1366	1.0000000000024096
1367	1.0000000000024096
1368	1.0000000000024096
1369	1.0000000000024096
1370	1.0000000000024096
1371	1.0000000000024096
1372	1.0000000000024096
1373	1.0000000000024096
1374	1.0000000000024096
1375	1.0000000000024096
1376	1.0000000000024096
1377	1.0000000000024096
1378	1.0000000000024096
1379	1.0000000000024096
1380	1.0000000000024096
1381	1.0000000000024096
1382	1.0000000000024096
1383	1.0000000000024096
1384	1.0000000000024096
1385	1.0000000000024096
1386	1.0000000000024096
1387	1.0000000000024096
1388	1.0000000000024096
1389	1.0000000000024096
1390	1.0000000000024096
1391	1.0000000000024096
1392	1.0000000000024096
1393	1.0000000000024096
1394	1.0000000000024096
1395	1.0000000000024096
1396	1.0000000000024096
1397	1.0000000000024096
1398	1.0000000000024096
1399	1.0000000000024096
1400	1.0000000000024096
1401	1.0000000000024096
1402	1.0000000000024096
1403	1.0000000000024096
1404	1.0000000000024096
1405	1.0000000000024096
1406	1.0000000000024096
1407	1.0000000000024096
1408	1.0000000000024096
1409	1.0000000000024096
1410	1.0000000000024096
1411	1.0000000000024096
1412	1.0000000000024096
1413	1.0000000000024096
1414	1.0000000000024096
1415	1.0000000000024096
1416	1.0000000000024096
1417	1.0000000000024096
1418	1.0000000000024096
1419	1.0000000000024096
1420	1.0000000000024096
1421	1.0000000000024096
1422	1.0000000000024096
1423	1.0000000000024096
1424	1.0000000000024096
1425	1.0000000000024096
1426	1.0000000000024096
1427	1.0000000000024096
1428	1.0000000000024096
1429	1.0000000000024096
1430	1.0000000000024096
1431	1.0000000000024096
1432	1.0000000000024096
1433	1.0000000000024096
1434	1.0000000000024096
1435	1.0000000000024096
1436	1.0000000000024096
1437	1.0000000000024096
1438	1.0000000000024096
1439	1.0000000000024096
1440	1.0000000000024096
1441	1.0000000000024096
1442	1.0000000000024096
1443	1.0000000000024096
1444	1.0000000000024096
1445	1.0000000000024096
1446	1.0000000000024096
1447	1.0000000000024096
1448	1.0000000000024096
1449	1.0000000000024096
1450	1.0000000000024096
1451	1.0000000000024096
1452	1.0000000000024096
1453	1.0000000000024096
1454	1.0000000000024096
1455	1.0000000000024096
1456	1.0000000000024096
1457	1.0000000000024096
1458	1.0000000000024096
1459	1.0000000000024096
1460	1.0000000000024096
1461	1.0000000000024096
1462	1.0000000000024096
1463	1.0000000000024096
1464	1.0000000000024096
1465	1.0000000000024096
1466	1.0000000000024096
1467	1.0000000000024096
1468	1.0000000000024096
1469	1.0000000000024096
1470	1.0000000000024096
1471	1.0000000000024096
1472	1.0000000000024096
1473	1.0000000000024096
1474	1.0000000000024096
1475	1.0000000000024096
1476	1.0000000000024096
1477	1.0000000000024096
1478	1.0000000000024096
1479	1.0000000000024096
1480	1.0000000000024096
1481	1.0000000000024096
1482	1.0000000000024096
1483	1.0000000000024096
1484	1.0000000000024096
1485	1.0000000000024096
1486	1.0000000000024096
1487	1.0000000000024096
1488	1.0000000000024096
1489	1.0000000000024096
1490	1.0000000000024096
1491	1.0000000000024096
1492	1.0000000000024096
1493	1.0000000000024096
1494	1.0000000000024096
1495	1.0000000000024096
1496	1.0000000000024096
1497	1.0000000000024096
1498	1.0000000000024096
1499	1.0000000000024096
1500	1.0000000000024096
1501	1.0000000000024096
1502	1.0000000000024096
1503	1.0000000000024096
1504	1.0000000000024096
1505	1.0000000000024096
1506	1.0000000000024096
1507	1.0000000000024096
1508	1.0000000000024096
1509	1.0000000000024096
1510	1.0000000000024096
1511	1.0000000000024096
1512	1.0000000000024096
1513	1.0000000000024096
1514	1.0000000000024096
1515	1.0000000000024096
1516	1.0000000000024096
1517	1.0000000000024096
1518	1.0000000000024096
1519	1.0000000000024096
1520	1.0000000000024096
1521	1.0000000000024096
1522	1.0000000000024096
1523	1.0000000000024096
1524	1.0000000000024096
1525	1.0000000000024096
1526	1.0000000000024096
1527	1.0000000000024096
1528	1.0000000000024096
1529	1.0000000000024096
1530	1.0000000000024096
1531	1.0000000000024096
1532	1.0000000000024096
1533	1.0000000000024096
1534	1.0000000000024096
1535	1.0000000000024096
1536	1.0000000000024096
1537	1.0000000000024096
1538	1.0000000000024096
1539	1.0000000000024096
1540	1.0000000000024096
1541	1.0000000000024096
1542	1.0000000000024096
1543	1.0000000000024096
1544	1.0000000000024096
1545	1.0000000000024096
1546	1.0000000000024096
1547	1.0000000000024096
1548	1.0000000000024096
1549	1.0000000000024096
1550	1.0000000000024096
1551	1.0000000000024096
1552	1.0000000000024096
1553	1.0000000000024096
1554	1.0000000000024096
1555	1.0000000000024096
1556	1.0000000000024096
1557	1.0000000000024096
1558	1.0000000000024096
1559	1.0000000000024096
1560	1.0000000000024096
1561	1.0000000000024096
1562	1.0000000000024096
1563	1.0000000000024096
1564	1.0000000000024096
1565	1.0000000000024096
1566	1.0000000000024096
1567	1.0000000000024096
1568	1.0000000000024096
1569	1.0000000000024096
1570	1.0000000000024096
1571	1.0000000000024096
1572	1.0000000000024096
1573	1.0000000000024096
1574	1.0000000000024096
1575	1.0000000000024096
1576	1.0000000000024096
1577	1.0000000000024096
1578	1.0000000000024096
1579	1.0000000000024096
1580	1.0000000000024096
1581	1.0000000000024096
1582	1.0000000000024096
1583	1.0000000000024096
1584	1.0000000000024096
1585	1.0000000000024096
1586	1.0000000000024096
1587	1.0000000000024096
1588	1.0000000000024096
1589	1.0000000000024096
1590	1.0000000000024096
1591	1.0000000000024096
1592	1.0000000000024096
1593	1.0000000000024096
1594	1.0000000000024096
1595	1.0000000000024096
1596	1.0000000000024096
1597	1.0000000000024096
1598	1.0000000000024096
1599	1.0000000000024096
1600	1.0000000000024096
1601	1.0000000000024096
1602	1.0000000000024096
1603	1.0000000000024096
1604	1.0000000000024096
1605	1.0000000000024096
1606	1.0000000000024096
1607	1.0000000000024096
1608	1.0000000000024096
1609	1.0000000000024096
1610	1.0000000000024096
1611	1.0000000000024096
1612	1.0000000000024096
1613	1.0000000000024096
1614	1.0000000000024096
1615	1.0000000000024096
1616	1.0000000000024096
1617	1.0000000000024096
1618	1.0000000000024096
1619	1.0000000000024096
1620	1.0000000000024096
1621	1.0000000000024096
1622	1.0000000000024096
1623	1.0000000000024096
1624	1.0000000000024096
1625	1.0000000000024096
1626	1.0000000000024096
1627	1.0000000000024096
1628	1.0000000000024096
1629	1.0000000000024096
1630	1.0000000000024096
1631	1.0000000000024096
1632	1.0000000000024096
1633	1.0000000000024096
1634	1.0000000000024096
1635	1.0000000000024096
1636	1.0000000000024096
1637	1.0000000000024096
1638	1.0000000000024096
1639	1.0000000000024096
1640	1.0000000000024096
1641	1.0000000000024096
1642	1.0000000000024096
1643	1.0000000000024096
1644	1.0000000000024096
1645	1.0000000000024096
1646	1.0000000000024096
1647	1.0000000000024096
1648	1.0000000000024096
1649	1.0000000000024096
1650	1.0000000000024096
1651	1.0000000000024096
1652	1.0000000000024096
1653	1.0000000000024096
1654	1.0000000000024096
1655	1.0000000000024096
1656	1.0000000000024096
1657	1.0000000000024096
1658	1.0000000000024096
1659	1.0000000000024096
1660	1.0000000000024096
1661	1.0000000000024096
1662	1.0000000000024096
1663	1.0000000000024096
1664	1.0000000000024096
1665	1.0000000000024096
1666	1.0000000000024096
1667	1.0000000000024096
1668	1.0000000000024096
1669	1.0000000000024096
1670	1.0000000000024096
1671	1.0000000000024096
1672	1.0000000000024096
1673	1.0000000000024096
1674	1.0000000000024096
1675	1.0000000000024096
1676	1.0000000000024096
1677	1.0000000000024096
1678	1.0000000000024096
1679	1.0000000000024096
1680	1.0000000000024096
1681	1.0000000000024096
1682	1.0000000000024096
1683	1.0000000000024096
1684	1.0000000000024096
1685	1.0000000000024096
1686	1.0000000000024096
1687	1.0000000000024096
1688	1.0000000000024096
1689	1.0000000000024096
1690	1.0000000000024096
1691	1.0000000000024096
1692	1.0000000000024096
1693	1.0000000000024096
1694	1.0000000000024096
1695	1.0000000000024096
1696	1.0000000000024096
1697	1.0000000000024096
1698	1.0000000000024096
1699	1.0000000000024096
1700	1.0000000000024096
1701	1.0000000000024096
1702	1.0000000000024096
1703	1.0000000000024096
1704	1.0000000000024096
1705	1.0000000000024096
1706	1.0000000000024096
1707	1.0000000000024096
1708	1.0000000000024096
1709	1.0000000000024096
1710	1.0000000000024096
1711	1.0000000000024096
1712	1.0000000000024096
1713	1.0000000000024096
1714	1.0000000000024096
1715	1.0000000000024096
1716	1.0000000000024096
1717	1.0000000000024096
1718	1.0000000000024096
1719	1.0000000000024096
1720	1.0000000000024096
1721	1.0000000000024096
1722	1.0000000000024096
1723	1.0000000000024096
1724	1.0000000000024096
1725	1.0000000000024096
1726	1.0000000000024096
1727	1.0000000000024096
1728	1.0000000000024096
1729	1.0000000000024096
1730	1.0000000000024096
1731	1.0000000000024096
1732	1.0000000000024096
1733	1.0000000000024096
1734	1.0000000000024096
1735	1.0000000000024096
1736	1.0000000000024096
1737	1.0000000000024096
1738	1.0000000000024096
1739	1.0000000000024096
1740	1.0000000000024096
1741	1.0000000000024096
1742	1.0000000000024096
1743	1.0000000000024096
1744	1.0000000000024096
1745	1.0000000000024096
1746	1.0000000000024096
1747	1.0000000000024096
1748	1.0000000000024096
1749	1.0000000000024096
1750	1.0000000000024096
1751	1.0000000000024096
1752	1.0000000000024096
1753	1.0000000000024096
1754	1.0000000000024096
1755	1.0000000000024096
1756	1.0000000000024096
1757	1.0000000000024096
1758	1.0000000000024096
1759	1.0000000000024096
1760	1.0000000000024096
1761	1.0000000000024096
1762	1.0000000000024096
1763	1.0000000000024096
1764	1.0000000000024096
1765	1.0000000000024096
1766	1.0000000000024096
1767	1.0000000000024096
1768	1.0000000000024096
1769	1.0000000000024096
1770	1.0000000000024096
1771	1.0000000000024096
1772	1.0000000000024096
1773	1.0000000000024096
1774	1.0000000000024096
1775	1.0000000000024096
1776	1.0000000000024096
1777	1.0000000000024096
1778	1.0000000000024096
1779	1.0000000000024096
1780	1.0000000000024096
1781	1.0000000000024096
1782	1.0000000000024096
1783	1.0000000000024096
1784	1.0000000000024096
1785	1.0000000000024096
1786	1.0000000000024096
1787	1.0000000000024096
1788	1.0000000000024096
1789	1.0000000000024096
1790	1.0000000000024096
1791	1.0000000000024096
1792	1.0000000000024096
1793	1.0000000000024096
1794	1.0000000000024096
1795	1.0000000000024096
1796	1.0000000000024096
1797	1.0000000000024096
1798	1.0000000000024096
1799	1.0000000000024096
1800	1.0000000000024096
1801	1.0000000000024096
1802	1.0000000000024096
1803	1.0000000000024096
1804	1.0000000000024096
1805	1.0000000000024096
1806	1.0000000000024096
1807	1.0000000000024096
1808	1.0000000000024096
1809	1.0000000000024096
1810	1.0000000000024096
1811	1.0000000000024096
1812	1.0000000000024096
1813	1.0000000000024096
1814	1.0000000000024096
1815	1.0000000000024096
1816	1.0000000000024096
1817	1.0000000000024096
1818	1.0000000000024096
1819	1.0000000000024096
1820	1.0000000000024096
1821	1.0000000000024096
1822	1.0000000000024096
1823	1.0000000000024096
1824	1.0000000000024096
1825	1.0000000000024096
1826	1.0000000000024096
1827	1.0000000000024096
1828	1.0000000000024096
1829	1.0000000000024096
1830	1.0000000000024096
1831	1.0000000000024096
1832	1.0000000000024096
1833	1.0000000000024096
1834	1.0000000000024096
1835	1.0000000000024096
1836	1.0000000000024096
1837	1.0000000000024096
1838	1.0000000000024096
1839	1.0000000000024096
1840	1.0000000000024096
1841	1.0000000000024096
1842	1.0000000000024096
1843	1.0000000000024096
1844	1.0000000000024096
1845	1.0000000000024096
1846	1.0000000000024096
1847	1.0000000000024096
1848	1.0000000000024096
1849	1.0000000000024096
1850	1.0000000000024096
1851	1.0000000000024096
1852	1.0000000000024096
1853	1.0000000000024096
1854	1.0000000000024096
1855	1.0000000000024096
1856	1.0000000000024096
1857	1.0000000000024096
1858	1.0000000000024096
1859	1.0000000000024096
1860	1.0000000000024096
1861	1.0000000000024096
1862	1.0000000000024096
1863	1.0000000000024096
1864	1.0000000000024096
1865	1.0000000000024096
1866	1.0000000000024096
1867	1.0000000000024096
1868	1.0000000000024096
1869	1.0000000000024096
1870	1.0000000000024096
1871	1.0000000000024096
1872	1.0000000000024096
1873	1.0000000000024096
1874	1.0000000000024096
1875	1.0000000000024096
1876	1.0000000000024096
1877	1.0000000000024096
1878	1.0000000000024096
1879	1.0000000000024096
1880	1.0000000000024096
1881	1.0000000000024096
1882	1.0000000000024096
1883	1.0000000000024096
1884	1.0000000000024096
1885	1.0000000000024096
1886	1.0000000000024096
1887	1.0000000000024096
1888	1.0000000000024096
1889	1.0000000000024096
1890	1.0000000000024096
1891	1.0000000000024096
1892	1.0000000000024096
1893	1.0000000000024096
1894	1.0000000000024096
1895	1.0000000000024096
1896	1.0000000000024096
1897	1.0000000000024096
1898	1.0000000000024096
1899	1.0000000000024096
1900	1.0000000000024096
1901	1.0000000000024096
1902	1.0000000000024096
1903	1.0000000000024096
1904	1.0000000000024096
1905	1.0000000000024096
1906	1.0000000000024096
1907	1.0000000000024096
1908	1.0000000000024096
1909	1.0000000000024096
1910	1.0000000000024096
1911	1.0000000000024096
1912	1.0000000000024096
1913	1.0000000000024096
1914	1.0000000000024096
1915	1.0000000000024096
1916	1.0000000000024096
1917	1.0000000000024096
1918	1.0000000000024096
1919	1.0000000000024096
1920	1.0000000000024096
1921	1.0000000000024096
1922	1.0000000000024096
1923	1.0000000000024096
1924	1.0000000000024096
1925	1.0000000000024096
1926	1.0000000000024096
1927	1.0000000000024096
1928	1.0000000000024096
1929	1.0000000000024096
1930	1.0000000000024096
1931	1.0000000000024096
1932	1.0000000000024096
1933	1.0000000000024096
1934	1.0000000000024096
1935	1.0000000000024096
1936	1.0000000000024096
1937	1.0000000000024096
1938	1.0000000000024096
1939	1.0000000000024096
1940	1.0000000000024096
1941	1.0000000000024096
1942	1.0000000000024096
1943	1.0000000000024096
1944	1.0000000000024096
1945	1.0000000000024096
1946	1.0000000000024096
1947	1.0000000000024096
1948	1.0000000000024096
1949	1.0000000000024096
1950	1.0000000000024096
1951	1.0000000000024096
1952	1.0000000000024096
1953	1.0000000000024096
1954	1.0000000000024096
1955	1.0000000000024096
1956	1.0000000000024096
1957	1.0000000000024096
1958	1.0000000000024096
1959	1.0000000000024096
1960	1.0000000000024096
1961	1.0000000000024096
1962	1.0000000000024096
1963	1.0000000000024096
1964	1.0000000000024096
1965	1.0000000000024096
1966	1.0000000000024096
1967	1.0000000000024096
1968	1.0000000000024096
1969	1.0000000000024096
1970	1.0000000000024096
1971	1.0000000000024096
1972	1.0000000000024096
1973	1.0000000000024096
1974	1.0000000000024096
1975	1.0000000000024096
1976	1.0000000000024096
1977	1.0000000000024096
1978	1.0000000000024096
1979	1.0000000000024096
1980	1.0000000000024096
1981	1.0000000000024096
1982	1.0000000000024096
1983	1.0000000000024096
1984	1.0000000000024096
1985	1.0000000000024096
1986	1.0000000000024096
1987	1.0000000000024096
1988	1.0000000000024096
1989	1.0000000000024096
1990	1.0000000000024096
1991	1.0000000000024096
1992	1.0000000000024096
1993	1.0000000000024096
1994	1.0000000000024096
1995	1.0000000000024096
1996	1.0000000000024096
1997	1.0000000000024096
1998	1.0000000000024096
1999	1.0000000000024096
2000	1.0000000000024096
2001	1.0000000000024096
2002	1.0000000000024096
2003	1.0000000000024096
2004	1.0000000000024096
2005	1.0000000000024096
2006	1.0000000000024096
2007	1.0000000000024096
2008	1.0000000000024096
2009	1.0000000000024096
2010	1.0000000000024096
2011	1.0000000000024096
2012	1.0000000000024096
2013	1.0000000000024096
2014	1.0000000000024096
2015	1.0000000000024096
2016	1.0000000000024096
2017	1.0000000000024096
2018	1.0000000000024096
2019	1.0000000000024096
2020	1.0000000000024096
2021	1.0000000000024096
2022	1.0000000000024096
2023	1.0000000000024096
2024	1.0000000000024096
2025	1.0000000000024096
2026	1.0000000000024096
2027	1.0000000000024096
2028	1.0000000000024096
2029	1.0000000000024096
2030	1.0000000000024096
2031	1.0000000000024096
2032	1.0000000000024096
2033	1.0000000000024096
2034	1.0000000000024096
2035	1.0000000000024096
2036	1.0000000000024096
2037	1.0000000000024096
2038	1.0000000000024096
2039	1.0000000000024096
2040	1.0000000000024096
2041	1.0000000000024096
2042	1.0000000000024096
2043	1.0000000000024096
2044	1.0000000000024096
2045	1.0000000000024096
2046	1.0000000000024096
2047	1.0000000000024096
2048	1.0000000000024096
2049	1.0000000000024096
2050	1.0000000000024096
2051	1.0000000000024096
2052	1.0000000000024096
2053	1.0000000000024096
2054	1.0000000000024096
2055	1.0000000000024096
2056	1.0000000000024096
2057	1.0000000000024096
2058	1.0000000000024096
2059	1.0000000000024096
2060	1.0000000000024096
2061	1.0000000000024096
2062	1.0000000000024096
2063	1.0000000000024096
2064	1.0000000000024096
2065	1.0000000000024096
2066	1.0000000000024096
2067	1.0000000000024096
2068	1.0000000000024096
2069	1.0000000000024096
2070	1.0000000000024096
2071	1.0000000000024096
2072	1.0000000000024096
2073	1.0000000000024096
2074	1.0000000000024096
2075	1.0000000000024096
2076	1.0000000000024096
2077	1.0000000000024096
2078	1.0000000000024096
2079	1.0000000000024096
2080	1.0000000000024096
2081	1.0000000000024096
2082	1.0000000000024096
2083	1.0000000000024096
2084	1.0000000000024096
2085	1.0000000000024096
2086	1.0000000000024096
2087	1.0000000000024096
2088	1.0000000000024096
2089	1.0000000000024096
2090	1.0000000000024096
2091	1.0000000000024096
2092	1.0000000000024096
2093	1.0000000000024096
2094	1.0000000000024096
2095	1.0000000000024096
2096	1.0000000000024096
2097	1.0000000000024096
2098	1.0000000000024096
2099	1.0000000000024096
2100	1.0000000000024096
2101	1.0000000000024096
2102	1.0000000000024096
2103	1.0000000000024096
2104	1.0000000000024096
2105	1.0000000000024096
2106	1.0000000000024096
2107	1.0000000000024096
2108	1.0000000000024096
2109	1.0000000000024096
2110	1.0000000000024096
2111	1.0000000000024096
2112	1.0000000000024096
2113	1.0000000000024096
2114	1.0000000000024096
2115	1.0000000000024096
2116	1.0000000000024096
2117	1.0000000000024096
2118	1.0000000000024096
2119	1.0000000000024096
2120	1.0000000000024096
2121	1.0000000000024096
2122	1.0000000000024096
2123	1.0000000000024096
2124	1.0000000000024096
2125	1.0000000000024096
2126	1.0000000000024096
2127	1.0000000000024096
2128	1.0000000000024096
2129	1.0000000000024096
2130	1.0000000000024096
2131	1.0000000000024096
2132	1.0000000000024096
2133	1.0000000000024096
2134	1.0000000000024096
2135	1.0000000000024096
2136	1.0000000000024096
2137	1.0000000000024096
2138	1.0000000000024096
2139	1.0000000000024096
2140	1.0000000000024096
2141	1.0000000000024096
2142	1.0000000000024096
2143	1.0000000000024096
2144	1.0000000000024096
2145	1.0000000000024096
2146	1.0000000000024096
2147	1.0000000000024096
2148	1.0000000000024096
2149	1.0000000000024096
2150	1.0000000000024096
2151	1.0000000000024096
2152	1.0000000000024096
2153	1.0000000000024096
2154	1.0000000000024096
2155	1.0000000000024096
2156	1.0000000000024096
2157	1.0000000000024096
2158	1.0000000000024096
2159	1.0000000000024096
2160	1.0000000000024096
2161	1.0000000000024096
2162	1.0000000000024096
2163	1.0000000000024096
2164	1.0000000000024096
2165	1.0000000000024096
2166	1.0000000000024096
2167	1.0000000000024096
2168	1.0000000000024096
2169	1.0000000000024096
2170	1.0000000000024096
2171	1.0000000000024096
2172	1.0000000000024096
2173	1.0000000000024096
2174	1.0000000000024096
2175	1.0000000000024096
2176	1.0000000000024096
2177	1.0000000000024096
2178	1.0000000000024096
2179	1.0000000000024096
2180	1.0000000000024096
2181	1.0000000000024096
2182	1.0000000000024096
2183	1.0000000000024096
2184	1.0000000000024096
2185	1.0000000000024096
2186	1.0000000000024096
2187	1.0000000000024096
2188	1.0000000000024096
2189	1.0000000000024096
2190	1.0000000000024096
2191	1.0000000000024096
2192	1.0000000000024096
2193	1.0000000000024096
2194	1.0000000000024096
2195	1.0000000000024096
2196	1.0000000000024096
2197	1.0000000000024096
2198	1.0000000000024096
2199	1.0000000000024096
2200	1.0000000000024096
2201	1.0000000000024096
2202	1.0000000000024096
2203	1.0000000000024096
2204	1.0000000000024096
2205	1.0000000000024096
2206	1.0000000000024096
2207	1.0000000000024096
2208	1.0000000000024096
2209	1.0000000000024096
2210	1.0000000000024096
2211	1.0000000000024096
2212	1.0000000000024096
2213	1.0000000000024096
2214	1.0000000000024096
2215	1.0000000000024096
2216	1.0000000000024096
2217	1.0000000000024096
2218	1.0000000000024096
2219	1.0000000000024096
2220	1.0000000000024096
2221	1.0000000000024096
2222	1.0000000000024096
2223	1.0000000000024096
2224	1.0000000000024096
2225	1.0000000000024096
2226	1.0000000000024096
2227	1.0000000000024096
2228	1.0000000000024096
2229	1.0000000000024096
2230	1.0000000000024096
2231	1.0000000000024096
2232	1.0000000000024096
2233	1.0000000000024096
2234	1.0000000000024096
2235	1.0000000000024096
2236	1.0000000000024096
2237	1.0000000000024096
2238	1.0000000000024096
2239	1.0000000000024096
2240	1.0000000000024096
2241	1.0000000000024096
2242	1.0000000000024096
2243	1.0000000000024096
2244	1.0000000000024096
2245	1.0000000000024096
2246	1.0000000000024096
2247	1.0000000000024096
2248	1.0000000000024096
2249	1.0000000000024096
2250	1.0000000000024096
2251	1.0000000000024096
2252	1.0000000000024096
2253	1.0000000000024096
2254	1.0000000000024096
2255	1.0000000000024096
2256	1.0000000000024096
2257	1.0000000000024096
2258	1.0000000000024096
2259	1.0000000000024096
2260	1.0000000000024096
2261	1.0000000000024096
2262	1.0000000000024096
2263	1.0000000000024096
2264	1.0000000000024096
2265	1.0000000000024096
2266	1.0000000000024096
2267	1.0000000000024096
2268	1.0000000000024096
2269	1.0000000000024096
2270	1.0000000000024096
2271	1.0000000000024096
2272	1.0000000000024096
2273	1.0000000000024096
2274	1.0000000000024096
2275	1.0000000000024096
2276	1.0000000000024096
2277	1.0000000000024096
2278	1.0000000000024096
2279	1.0000000000024096
2280	1.0000000000024096
2281	1.0000000000024096
2282	1.0000000000024096
2283	1.0000000000024096
2284	1.0000000000024096
2285	1.0000000000024096
2286	1.0000000000024096
2287	1.0000000000024096
2288	1.0000000000024096
2289	1.0000000000024096
2290	1.0000000000024096
2291	1.0000000000024096
2292	1.0000000000024096
2293	1.0000000000024096
2294	1.0000000000024096
2295	1.0000000000024096
2296	1.0000000000024096
2297	1.0000000000024096
2298	1.0000000000024096
2299	1.0000000000024096
2300	1.0000000000024096
2301	1.0000000000024096
2302	1.0000000000024096
2303	1.0000000000024096
2304	1.0000000000024096
2305	1.0000000000024096
2306	1.0000000000024096
2307	1.0000000000024096
2308	1.0000000000024096
2309	1.0000000000024096
2310	1.0000000000024096
2311	1.0000000000024096
2312	1.0000000000024096
2313	1.0000000000024096
2314	1.0000000000024096
2315	1.0000000000024096
2316	1.0000000000024096
2317	1.0000000000024096
2318	1.0000000000024096
2319	1.0000000000024096
2320	1.0000000000024096
2321	1.0000000000024096
2322	1.0000000000024096
2323	1.0000000000024096
2324	1.0000000000024096
2325	1.0000000000024096
2326	1.0000000000024096
2327	1.0000000000024096
2328	1.0000000000024096
2329	1.0000000000024096
2330	1.0000000000024096
2331	1.0000000000024096
2332	1.0000000000024096
2333	1.0000000000024096
2334	1.0000000000024096
2335	1.0000000000024096
2336	1.0000000000024096
2337	1.0000000000024096
2338	1.0000000000024096
2339	1.0000000000024096
2340	1.0000000000024096
2341	1.0000000000024096
2342	1.0000000000024096
2343	1.0000000000024096
2344	1.0000000000024096
2345	1.0000000000024096
2346	1.0000000000024096
2347	1.0000000000024096
2348	1.0000000000024096
2349	1.0000000000024096
2350	1.0000000000024096
2351	1.0000000000024096
2352	1.0000000000024096
2353	1.0000000000024096
2354	1.0000000000024096
2355	1.0000000000024096
2356	1.0000000000024096
2357	1.0000000000024096
2358	1.0000000000024096
2359	1.0000000000024096
2360	1.0000000000024096
2361	1.0000000000024096
2362	1.0000000000024096
2363	1.0000000000024096
2364	1.0000000000024096
2365	1.0000000000024096
2366	1.0000000000024096
2367	1.0000000000024096
2368	1.0000000000024096
2369	1.0000000000024096
2370	1.0000000000024096
2371	1.0000000000024096
2372	1.0000000000024096
2373	1.0000000000024096
2374	1.0000000000024096
2375	1.0000000000024096
2376	1.0000000000024096
2377	1.0000000000024096
2378	1.0000000000024096
2379	1.0000000000024096
2380	1.0000000000024096
2381	1.0000000000024096
2382	1.0000000000024096
2383	1.0000000000024096
2384	1.0000000000024096
2385	1.0000000000024096
2386	1.0000000000024096
2387	1.0000000000024096
2388	1.0000000000024096
2389	1.0000000000024096
2390	1.0000000000024096
2391	1.0000000000024096
2392	1.0000000000024096
2393	1.0000000000024096
2394	1.0000000000024096
2395	1.0000000000024096
2396	1.0000000000024096
2397	1.0000000000024096
2398	1.0000000000024096
2399	1.0000000000024096
2400	1.0000000000024096
2401	1.0000000000024096
2402	1.0000000000024096
2403	1.0000000000024096
2404	1.0000000000024096
2405	1.0000000000024096
2406	1.0000000000024096
2407	1.0000000000024096
2408	1.0000000000024096
2409	1.0000000000024096
2410	1.0000000000024096
2411	1.0000000000024096
2412	1.0000000000024096
2413	1.0000000000024096
2414	1.0000000000024096
2415	1.0000000000024096
2416	1.0000000000024096
2417	1.0000000000024096
2418	1.0000000000024096
2419	1.0000000000024096
2420	1.0000000000024096
2421	1.0000000000024096
2422	1.0000000000024096
2423	1.0000000000024096
2424	1.0000000000024096
2425	1.0000000000024096
2426	1.0000000000024096
2427	1.0000000000024096
2428	1.0000000000024096
2429	1.0000000000024096
2430	1.0000000000024096
2431	1.0000000000024096
2432	1.0000000000024096
2433	1.0000000000024096
2434	1.0000000000024096
2435	1.0000000000024096
2436	1.0000000000024096
2437	1.0000000000024096
2438	1.0000000000024096
2439	1.0000000000024096
2440	1.0000000000024096
2441	1.0000000000024096
2442	1.0000000000024096
2443	1.0000000000024096
2444	1.0000000000024096
2445	1.0000000000024096
2446	1.0000000000024096
2447	1.0000000000024096
2448	1.0000000000024096
2449	1.0000000000024096
2450	1.0000000000024096
2451	1.0000000000024096
2452	1.0000000000024096
2453	1.0000000000024096
2454	1.0000000000024096
2455	1.0000000000024096
2456	1.0000000000024096
2457	1.0000000000024096
2458	1.0000000000024096
2459	1.0000000000024096
2460	1.0000000000024096
2461	1.0000000000024096
2462	1.0000000000024096
2463	1.0000000000024096
2464	1.0000000000024096
2465	1.0000000000024096
2466	1.0000000000024096
2467	1.0000000000024096
2468	1.0000000000024096
2469	1.0000000000024096
2470	1.0000000000024096
2471	1.0000000000024096
2472	1.0000000000024096
2473	1.0000000000024096
2474	1.0000000000024096
2475	1.0000000000024096
2476	1.0000000000024096
2477	1.0000000000024096
2478	1.0000000000024096
2479	1.0000000000024096
2480	1.0000000000024096
2481	1.0000000000024096
2482	1.0000000000024096
2483	1.0000000000024096
2484	1.0000000000024096
2485	1.0000000000024096
2486	1.0000000000024096
2487	1.0000000000024096
2488	1.0000000000024096
2489	1.0000000000024096
2490	1.0000000000024096
2491	1.0000000000024096
2492	1.0000000000024096
2493	1.0000000000024096
2494	1.0000000000023919
2495	0.9999999999990378
2496	0.9999999994524364
2497	0.9999999252520292
2498	0.9999918703233994
2499	0.9993363166579137
2500	0.9637819050223965
