k	pvalue
0	1.0000000000023863
1	1.0000000000023863
2	1.0000000000023863
3	1.0000000000023863
4	1.0000000000023863
5	1.0000000000023863
6	1.0000000000023863
7	1.0000000000023863
8	1.0000000000023863
9	1.0000000000023863
10	1.0000000000023863
11	1.0000000000023863
12	1.0000000000023863
13	1.0000000000023863
14	1.0000000000023863
15	1.0000000000023863
16	1.0000000000023863
17	1.0000000000023863
18	1.0000000000023863
19	1.0000000000023863
20	1.0000000000023863
21	1.0000000000023863
22	1.0000000000023863
23	1.0000000000023863
24	1.0000000000023863
25	1.0000000000023863
26	1.0000000000023863
27	1.0000000000023863
28	1.0000000000023863
29	1.0000000000023863
30	1.0000000000023863
31	1.0000000000023863
32	1.0000000000023863
33	1.0000000000023863
34	1.0000000000023863
35	1.0000000000023863
36	1.0000000000023863
37	1.0000000000023863
38	1.0000000000023863
39	1.0000000000023863
40	1.0000000000023863
41	1.0000000000023863
42	1.0000000000023863
43	1.0000000000023863
44	1.0000000000023863
45	1.0000000000023863
46	1.0000000000023863
47	1.0000000000023863
48	1.0000000000023863
49	1.0000000000023863
50	1.0000000000023863
51	1.0000000000023863
52	1.0000000000023863
53	1.0000000000023863
54	1.0000000000023863
55	1.0000000000023863
56	1.0000000000023863
57	1.0000000000023863
58	1.0000000000023863
59	1.0000000000023863
60	1.0000000000023863
61	1.0000000000023863
62	1.0000000000023863
63	1.0000000000023863
64	1.0000000000023863
65	1.0000000000023863
66	1.0000000000023863
67	1.0000000000023863
68	1.0000000000023863
69	1.0000000000023863
70	1.0000000000023863
71	1.0000000000023863
72	1.0000000000023863
73	1.0000000000023863
74	1.0000000000023863
75	1.0000000000023863
76	1.0000000000023863
77	1.0000000000023863
78	1.0000000000023863
79	1.0000000000023863
80	1.0000000000023863
81	1.0000000000023863
82	1.0000000000023863
83	1.0000000000023863
84	1.0000000000023863
85	1.0000000000023863
86	1.0000000000023863
87	1.0000000000023863
88	1.0000000000023863
89	1.0000000000023863
90	1.0000000000023863
91	1.0000000000023863
92	1.0000000000023863
93	1.0000000000023863
94	1.0000000000023863
95	1.0000000000023863
96	1.0000000000023863
97	1.0000000000023863
98	1.0000000000023863
99	1.0000000000023863
100	1.0000000000023863
101	1.0000000000023863
102	1.0000000000023863
103	1.0000000000023863
104	1.0000000000023863
105	1.0000000000023863
106	1.0000000000023863
107	1.0000000000023863
108	1.0000000000023863
109	1.0000000000023863
110	1.0000000000023863
111	1.0000000000023863
112	1.0000000000023863
113	1.0000000000023863
114	1.0000000000023863
115	1.0000000000023863
116	1.0000000000023863
117	1.0000000000023863
118	1.0000000000023863
119	1.0000000000023863
120	1.0000000000023863
121	1.0000000000023863
122	1.0000000000023863
123	1.0000000000023863
124	1.0000000000023863
125	1.0000000000023863
126	1.0000000000023863
127	1.0000000000023863
128	1.0000000000023863
129	1.0000000000023863
130	1.0000000000023863
131	1.0000000000023863
132	1.0000000000023863
133	1.0000000000023863
134	1.0000000000023863
135	1.0000000000023863
136	1.0000000000023863
137	1.0000000000023863
138	1.0000000000023863
139	1.0000000000023863
140	1.0000000000023863
141	1.0000000000023863
142	1.0000000000023863
143	1.0000000000023863
144	1.0000000000023863
145	1.0000000000023863
146	1.0000000000023863
147	1.0000000000023863
148	1.0000000000023863
149	1.0000000000023863
150	1.0000000000023863
151	1.0000000000023863
152	1.0000000000023863
153	1.0000000000023863
154	1.0000000000023863
155	1.0000000000023863
156	1.0000000000023863
157	1.0000000000023863
158	1.0000000000023863
159	1.0000000000023863
160	1.0000000000023863
161	1.0000000000023863
162	1.0000000000023863
163	1.0000000000023863
164	1.0000000000023863
165	1.0000000000023863
166	1.0000000000023863
167	1.0000000000023863
168	1.0000000000023863
169	1.0000000000023863
170	1.0000000000023863
171	1.0000000000023863
172	1.0000000000023863
173	1.0000000000023863
174	1.0000000000023863
175	1.0000000000023863
176	1.0000000000023863
177	1.0000000000023863
178	1.0000000000023863
179	1.0000000000023863
180	1.0000000000023863
181	1.0000000000023863
182	1.0000000000023863
183	1.0000000000023863
184	1.0000000000023863
185	1.0000000000023863
186	1.0000000000023863
187	1.0000000000023863
188	1.0000000000023863
189	1.0000000000023863
190	1.0000000000023863
191	1.0000000000023863
192	1.0000000000023863
193	1.0000000000023863
194	1.0000000000023863
195	1.0000000000023863
196	1.0000000000023863
197	1.0000000000023863
198	1.0000000000023863
199	1.0000000000023863
200	1.0000000000023863
201	1.0000000000023863
202	1.0000000000023863
203	1.0000000000023863
204	1.0000000000023863
205	1.0000000000023863
206	1.0000000000023863
207	1.0000000000023863
208	1.0000000000023863
209	1.0000000000023863
210	1.0000000000023863
211	1.0000000000023863
212	1.0000000000023863
213	1.0000000000023863
214	1.0000000000023863
215	1.0000000000023863
216	1.0000000000023863
217	1.0000000000023863
218	1.0000000000023863
219	1.0000000000023863
220	1.0000000000023863
221	1.0000000000023863
222	1.0000000000023863
223	1.0000000000023863
224	1.0000000000023863
225	1.0000000000023863
226	1.0000000000023863
227	1.0000000000023863
228	1.0000000000023863
229	1.0000000000023863
230	1.0000000000023863
231	1.0000000000023863
232	1.0000000000023863
233	1.0000000000023863
234	1.0000000000023863
235	1.0000000000023863
236	1.0000000000023863
237	1.0000000000023863
238	1.0000000000023863
239	1.0000000000023863
240	1.0000000000023863
241	1.0000000000023863
242	1.0000000000023863
243	1.0000000000023863
244	1.0000000000023863
245	1.0000000000023863
246	1.0000000000023863
247	1.0000000000023863
248	1.0000000000023863
249	1.0000000000023863
250	1.0000000000023863
251	1.0000000000023863
252	1.0000000000023863
253	1.0000000000023863
254	1.0000000000023863
255	1.0000000000023863
256	1.0000000000023863
257	1.0000000000023863
258	1.0000000000023863
259	1.0000000000023863
260	1.0000000000023863
261	1.0000000000023863
262	1.0000000000023863
263	1.0000000000023863
264	1.0000000000023863
265	1.0000000000023863
266	1.0000000000023863
267	1.0000000000023863
268	1.0000000000023863
269	1.0000000000023863
270	1.0000000000023863
271	1.0000000000023863
272	1.0000000000023863
273	1.0000000000023863
274	1.0000000000023863
275	1.0000000000023863
276	1.0000000000023863
277	1.0000000000023863
278	1.0000000000023863
279	1.0000000000023863
280	1.0000000000023863
281	1.0000000000023863
282	1.0000000000023863
283	1.0000000000023863
284	1.0000000000023863
285	1.0000000000023863
286	1.0000000000023863
287	1.0000000000023863
288	1.0000000000023863
289	1.0000000000023863
290	1.0000000000023863
291	1.0000000000023863
292	1.0000000000023863
293	1.0000000000023863
294	1.0000000000023863
295	1.0000000000023863
296	1.0000000000023863
297	1.0000000000023863
298	1.0000000000023863
299	1.0000000000023863
300	1.0000000000023863
301	1.0000000000023863
302	1.0000000000023863
303	1.0000000000023863
304	1.0000000000023863
305	1.0000000000023863
306	1.0000000000023863
307	1.0000000000023863
308	1.0000000000023863
309	1.0000000000023863
310	1.0000000000023863
311	1.0000000000023863
312	1.0000000000023863
313	1.0000000000023863
314	1.0000000000023863
315	1.0000000000023863
316	1.0000000000023863
317	1.0000000000023863
318	1.0000000000023863
319	1.0000000000023863
320	1.0000000000023863
321	1.0000000000023863
322	1.0000000000023863
323	1.0000000000023863
324	1.0000000000023863
325	1.0000000000023863
326	1.0000000000023863
327	1.0000000000023863
328	1.0000000000023863
329	1.0000000000023863
330	1.0000000000023863
331	1.0000000000023863
332	1.0000000000023863
333	1.0000000000023863
334	1.0000000000023863
335	1.0000000000023863
336	1.0000000000023863
337	1.0000000000023863
338	1.0000000000023863
339	1.0000000000023863
340	1.0000000000023863
341	1.0000000000023863
342	1.0000000000023863
343	1.0000000000023863
344	1.0000000000023863
345	1.0000000000023863
346	1.0000000000023863
347	1.0000000000023863
348	1.0000000000023863
349	1.0000000000023863
350	1.0000000000023863
351	1.0000000000023863
352	1.0000000000023863
353	1.0000000000023863
354	1.0000000000023863
355	1.0000000000023863
356	1.0000000000023863
357	1.0000000000023863
358	1.0000000000023863
359	1.0000000000023863
360	1.0000000000023863
361	1.0000000000023863
362	1.0000000000023863
363	1.0000000000023863
364	1.0000000000023863
365	1.0000000000023863
366	1.0000000000023863
367	1.0000000000023863
368	1.0000000000023863
369	1.0000000000023863
370	1.0000000000023863
371	1.0000000000023863
372	1.0000000000023863
373	1.0000000000023863
374	1.0000000000023863
375	1.0000000000023863
376	1.0000000000023863
377	1.0000000000023863
378	1.0000000000023863
379	1.0000000000023863
380	1.0000000000023863
381	1.0000000000023863
382	1.0000000000023863
383	1.0000000000023863
384	1.0000000000023863
385	1.0000000000023863
386	1.0000000000023863
387	1.0000000000023863
388	1.0000000000023863
389	1.0000000000023863
390	1.0000000000023863
391	1.0000000000023863
392	1.0000000000023863
393	1.0000000000023863
394	1.0000000000023863
395	1.0000000000023863
396	1.0000000000023863
397	1.0000000000023863
398	1.0000000000023863
399	1.0000000000023863
400	1.0000000000023863
401	1.0000000000023863
402	1.0000000000023863
403	1.0000000000023863
404	1.0000000000023863
405	1.0000000000023863
406	1.0000000000023863
407	1.0000000000023863
408	1.0000000000023863
409	1.0000000000023863
410	1.0000000000023863
411	1.0000000000023863
412	1.0000000000023863
413	1.0000000000023863
414	1.0000000000023863
415	1.0000000000023863
416	1.0000000000023863
417	1.0000000000023863
418	1.0000000000023863
419	1.0000000000023863
420	1.0000000000023863
421	1.0000000000023863
422	1.0000000000023863
423	1.0000000000023863
424	1.0000000000023863
425	1.0000000000023863
426	1.0000000000023863
427	1.0000000000023863
428	1.0000000000023863
429	1.0000000000023863
430	1.0000000000023863
431	1.0000000000023863
432	1.0000000000023863
433	1.0000000000023863
434	1.0000000000023863
435	1.0000000000023863
436	1.0000000000023863
437	1.0000000000023863
438	1.0000000000023863
439	1.0000000000023863
440	1.0000000000023863
441	1.0000000000023863
442	1.0000000000023863
443	1.0000000000023863
444	1.0000000000023863
445	1.0000000000023863
446	1.0000000000023863
447	1.0000000000023863
448	1.0000000000023863
449	1.0000000000023863
450	1.0000000000023863
451	1.0000000000023863
452	1.0000000000023863
453	1.0000000000023863
454	1.0000000000023863
455	1.0000000000023863
456	1.0000000000023863
457	1.0000000000023863
458	1.0000000000023863
459	1.0000000000023863
460	1.0000000000023863
461	1.0000000000023863
462	1.0000000000023863
463	1.0000000000023863
464	1.0000000000023863
465	1.0000000000023863
466	1.0000000000023863
467	1.0000000000023863
468	1.0000000000023863
469	1.0000000000023863
470	1.0000000000023863
471	1.0000000000023863
472	1.0000000000023863
473	1.0000000000023863
474	1.0000000000023863
475	1.0000000000023863
476	1.0000000000023863
477	1.0000000000023863
478	1.0000000000023863
479	1.0000000000023863
480	1.0000000000023863
481	1.0000000000023863
482	1.0000000000023863
483	1.0000000000023863
484	1.0000000000023863
485	1.0000000000023863
486	1.0000000000023863
487	1.0000000000023863
488	1.0000000000023863
489	1.0000000000023863
490	1.0000000000023863
491	1.0000000000023863
492	1.0000000000023863
493	1.0000000000023863
494	1.0000000000023863
495	1.0000000000023863
496	1.0000000000023863
497	1.0000000000023863
498	1.0000000000023863
499	1.0000000000023863
500	1.0000000000023863
501	1.0000000000023863
502	1.0000000000023863
503	1.0000000000023863
504	1.0000000000023863
505	1.0000000000023863
506	1.0000000000023863
507	1.0000000000023863
508	1.0000000000023863
509	1.0000000000023863
510	1.0000000000023863
511	1.0000000000023863
512	1.0000000000023863
513	1.0000000000023863
514	1.0000000000023863
515	1.0000000000023863
516	1.0000000000023863
517	1.0000000000023863
518	1.0000000000023863
519	1.0000000000023863
520	1.0000000000023863
521	1.0000000000023863
522	1.0000000000023863
523	1.0000000000023863
524	1.0000000000023863
525	1.0000000000023863
526	1.0000000000023863
527	1.0000000000023863
528	1.0000000000023863
529	1.0000000000023863
530	1.0000000000023863
531	1.0000000000023863
532	1.0000000000023863
533	1.0000000000023863
534	1.0000000000023863
535	1.0000000000023863
536	1.0000000000023863
537	1.0000000000023863
538	1.0000000000023863
539	1.0000000000023863
540	1.0000000000023863
541	1.0000000000023863
542	1.0000000000023863
543	1.0000000000023863
544	1.0000000000023863
545	1.0000000000023863
546	1.0000000000023863
547	1.0000000000023863
548	1.0000000000023863
549	1.0000000000023863
550	1.0000000000023863
551	1.0000000000023863
552	1.0000000000023863
553	1.0000000000023863
554	1.0000000000023863
555	1.0000000000023863
556	1.0000000000023863
557	1.0000000000023863
558	1.0000000000023863
559	1.0000000000023863
560	1.0000000000023863
561	1.0000000000023863
562	1.0000000000023863
563	1.0000000000023863
564	1.0000000000023863
565	1.0000000000023863
566	1.0000000000023863
567	1.0000000000023863
568	1.0000000000023863
569	1.0000000000023863
570	1.0000000000023863
571	1.0000000000023863
572	1.0000000000023863
573	1.0000000000023863
574	1.0000000000023863
575	1.0000000000023863
576	1.0000000000023863
577	1.0000000000023863
578	1.0000000000023863
579	1.0000000000023863
580	1.0000000000023863
581	1.0000000000023863
582	1.0000000000023863
583	1.0000000000023863
584	1.0000000000023863
585	1.0000000000023863
586	1.0000000000023863
587	1.0000000000023863
588	1.0000000000023863
589	1.0000000000023863
590	1.0000000000023863
591	1.0000000000023863
592	1.0000000000023863
593	1.0000000000023863
594	1.0000000000023863
595	1.0000000000023863
596	1.0000000000023863
597	1.0000000000023863
598	1.0000000000023863
599	1.0000000000023863
600	1.0000000000023863
601	1.0000000000023863
602	1.0000000000023863
603	1.0000000000023863
604	1.0000000000023863
605	1.0000000000023863
606	1.0000000000023863
607	1.0000000000023863
608	1.0000000000023863
609	1.0000000000023863
610	1.0000000000023863
611	1.0000000000023863
612	1.0000000000023863
613	1.0000000000023863
614	1.0000000000023863
615	1.0000000000023863
616	1.0000000000023863
617	1.0000000000023863
618	1.0000000000023863
619	1.0000000000023863
620	1.0000000000023863
621	1.0000000000023863
622	1.0000000000023863
623	1.0000000000023863
624	1.0000000000023863
625	1.0000000000023863
626	1.0000000000023863
627	1.0000000000023863
628	1.0000000000023863
629	1.0000000000023863
630	1.0000000000023863
631	1.0000000000023863
632	1.0000000000023863
633	1.0000000000023863
634	1.0000000000023863
635	1.0000000000023863
636	1.0000000000023863
637	1.0000000000023863
638	1.0000000000023863
639	1.0000000000023863
640	1.0000000000023863
641	1.0000000000023863
642	1.0000000000023863
643	1.0000000000023863
644	1.0000000000023863
645	1.0000000000023863
646	1.0000000000023863
647	1.0000000000023863
648	1.0000000000023863
649	1.0000000000023863
650	1.0000000000023863
651	1.0000000000023863
652	1.0000000000023863
653	1.0000000000023863
654	1.0000000000023863
655	1.0000000000023863
656	1.0000000000023863
657	1.0000000000023863
658	1.0000000000023863
659	1.0000000000023863
660	1.0000000000023863
661	1.0000000000023863
662	1.0000000000023863
663	1.0000000000023863
664	1.0000000000023863
665	1.0000000000023863
666	1.0000000000023863
667	1.0000000000023863
668	1.0000000000023863
669	1.0000000000023863
670	1.0000000000023863
671	1.0000000000023863
672	1.0000000000023863
673	1.0000000000023863
674	1.0000000000023863
675	1.0000000000023863
676	1.0000000000023863
677	1.0000000000023863
678	1.0000000000023863
679	1.0000000000023863
680	1.0000000000023863
681	1.0000000000023863
682	1.0000000000023863
683	1.0000000000023863
684	1.0000000000023863
685	1.0000000000023863
686	1.0000000000023863
687	1.0000000000023863
688	1.0000000000023863
689	1.0000000000023863
690	1.0000000000023863
691	1.0000000000023863
692	1.0000000000023863
693	1.0000000000023863
694	1.0000000000023863
695	1.0000000000023863
696	1.0000000000023863
697	1.0000000000023863
698	1.0000000000023863
699	1.0000000000023863
700	1.0000000000023863
701	1.0000000000023863
702	1.0000000000023863
703	1.0000000000023863
704	1.0000000000023863
705	1.0000000000023863
706	1.0000000000023863
707	1.0000000000023863
708	1.0000000000023863
709	1.0000000000023863
710	1.0000000000023863
711	1.0000000000023863
712	1.0000000000023863
713	1.0000000000023863
714	1.0000000000023863
715	1.0000000000023863
716	1.0000000000023863
717	1.0000000000023863
718	1.0000000000023863
719	1.0000000000023863
720	1.0000000000023863
721	1.0000000000023863
722	1.0000000000023863
723	1.0000000000023863
724	1.0000000000023863
725	1.0000000000023863
726	1.0000000000023863
727	1.0000000000023863
728	1.0000000000023863
729	1.0000000000023863
730	1.0000000000023863
731	1.0000000000023863
732	1.0000000000023863
733	1.0000000000023863
734	1.0000000000023863
735	1.0000000000023863
736	1.0000000000023863
737	1.0000000000023863
738	1.0000000000023863
739	1.0000000000023863
740	1.0000000000023863
741	1.0000000000023863
742	1.0000000000023863
743	1.0000000000023863
744	1.0000000000023863
745	1.0000000000023863
746	1.0000000000023863
747	1.0000000000023863
748	1.0000000000023863
749	1.0000000000023863
750	1.0000000000023863
751	1.0000000000023863
752	1.0000000000023863
753	1.0000000000023863
754	1.0000000000023863
755	1.0000000000023863
756	1.0000000000023863
757	1.0000000000023863
758	1.0000000000023863
759	1.0000000000023863
760	1.0000000000023863
761	1.0000000000023863
762	1.0000000000023863
763	1.0000000000023863
764	1.0000000000023863
765	1.0000000000023863
766	1.0000000000023863
767	1.0000000000023863
768	1.0000000000023863
769	1.0000000000023863
770	1.0000000000023863
771	1.0000000000023863
772	1.0000000000023863
773	1.0000000000023863
774	1.0000000000023863
775	1.0000000000023863
776	1.0000000000023863
777	1.0000000000023863
778	1.0000000000023863
779	1.0000000000023863
780	1.0000000000023863
781	1.0000000000023863
782	1.0000000000023863
783	1.0000000000023863
784	1.0000000000023863
785	1.0000000000023863
786	1.0000000000023863
787	1.0000000000023863
788	1.0000000000023863
789	1.0000000000023863
790	1.0000000000023863
791	1.0000000000023863
792	1.0000000000023863
793	1.0000000000023863
794	1.0000000000023863
795	1.0000000000023863
796	1.0000000000023863
797	1.0000000000023863
798	1.0000000000023863
799	1.0000000000023863
800	1.0000000000023863
801	1.0000000000023863
802	1.0000000000023863
803	1.0000000000023863
804	1.0000000000023863
805	1.0000000000023863
806	1.0000000000023863
807	1.0000000000023863
808	1.0000000000023863
809	1.0000000000023863
810	1.0000000000023863
811	1.0000000000023863
812	1.0000000000023863
813	1.0000000000023863
814	1.0000000000023863
815	1.0000000000023863
816	1.0000000000023863
817	1.0000000000023863
818	1.0000000000023863
819	1.0000000000023863
820	1.0000000000023863
821	1.0000000000023863
822	1.0000000000023863
823	1.0000000000023863
824	1.0000000000023863
825	1.0000000000023863
826	1.0000000000023863
827	1.0000000000023863
828	1.0000000000023863
829	1.0000000000023863
830	1.0000000000023863
831	1.0000000000023863
832	1.0000000000023863
833	1.0000000000023863
834	1.0000000000023863
835	1.0000000000023863
836	1.0000000000023863
837	1.0000000000023863
838	1.0000000000023863
839	1.0000000000023863
840	1.0000000000023863
841	1.0000000000023863
842	1.0000000000023863
843	1.0000000000023863
844	1.0000000000023863
845	1.0000000000023863
846	1.0000000000023863
847	1.0000000000023863
848	1.0000000000023863
849	1.0000000000023863
850	1.0000000000023863
851	1.0000000000023863
852	1.0000000000023863
853	1.0000000000023863
854	1.0000000000023863
855	1.0000000000023863
856	1.0000000000023863
857	1.0000000000023863
858	1.0000000000023863
859	1.0000000000023863
860	1.0000000000023863
861	1.0000000000023863
862	1.0000000000023863
863	1.0000000000023863
864	1.0000000000023863
865	1.0000000000023863
866	1.0000000000023863
867	1.0000000000023863
868	1.0000000000023863
869	1.0000000000023863
870	1.0000000000023863
871	1.0000000000023863
872	1.0000000000023863
873	1.0000000000023863
874	1.0000000000023863
875	1.0000000000023863
876	1.0000000000023863
877	1.0000000000023863
878	1.0000000000023863
879	1.0000000000023863
880	1.0000000000023863
881	1.0000000000023863
882	1.0000000000023863
883	1.0000000000023863
884	1.0000000000023863
885	1.0000000000023863
886	1.0000000000023863
887	1.0000000000023863
888	1.0000000000023863
889	1.0000000000023863
890	1.0000000000023863
891	1.0000000000023863
892	1.0000000000023863
893	1.0000000000023863
894	1.0000000000023863
895	1.0000000000023863
896	1.0000000000023863
897	1.0000000000023863
898	1.0000000000023863
899	1.0000000000023863
900	1.0000000000023863
901	1.0000000000023863
902	1.0000000000023863
903	1.0000000000023863
904	1.0000000000023863
905	1.0000000000023863
906	1.0000000000023863
907	1.0000000000023863
908	1.0000000000023863
909	1.0000000000023863
910	1.0000000000023863
911	1.0000000000023863
912	1.0000000000023863
913	1.0000000000023863
914	1.0000000000023863
915	1.0000000000023863
916	1.0000000000023863
917	1.0000000000023863
918	1.0000000000023863
919	1.0000000000023863
920	1.0000000000023863
921	1.0000000000023863
922	1.0000000000023863
923	1.0000000000023863
924	1.0000000000023863
925	1.0000000000023863
926	1.0000000000023863
927	1.0000000000023863
928	1.0000000000023863
929	1.0000000000023863
930	1.0000000000023863
931	1.0000000000023863
932	1.0000000000023863
933	1.0000000000023863
934	1.0000000000023863
935	1.0000000000023863
936	1.0000000000023863
937	1.0000000000023863
938	1.0000000000023863
939	1.0000000000023863
940	1.0000000000023863
941	1.0000000000023863
942	1.0000000000023863
943	1.0000000000023863
944	1.0000000000023863
945	1.0000000000023863
946	1.0000000000023863
947	1.0000000000023863
948	1.0000000000023863
949	1.0000000000023863
950	1.0000000000023863
951	1.0000000000023863
952	1.0000000000023863
953	1.0000000000023863
954	1.0000000000023863
955	1.0000000000023863
956	1.0000000000023863
957	1.0000000000023863
958	1.0000000000023863
959	1.0000000000023863
960	1.0000000000023863
961	1.0000000000023863
962	1.0000000000023863
963	1.0000000000023863
964	1.0000000000023863
965	1.0000000000023863
966	1.0000000000023863
967	1.0000000000023863
968	1.0000000000023863
969	1.0000000000023863
970	1.0000000000023863
971	1.0000000000023863
972	1.0000000000023863
973	1.0000000000023863
974	1.0000000000023863
975	1.0000000000023863
976	1.0000000000023863
977	1.0000000000023863
978	1.0000000000023863
979	1.0000000000023863
980	1.0000000000023863
981	1.0000000000023863
982	1.0000000000023863
983	1.0000000000023863
984	1.0000000000023863
985	1.0000000000023863
986	1.0000000000023863
987	1.0000000000023863
988	1.0000000000023863
989	1.0000000000023863
990	1.0000000000023863
991	1.0000000000023863
992	1.0000000000023863
993	1.0000000000023863
994	1.0000000000023863
995	1.0000000000023863
996	1.0000000000023863
997	1.0000000000023863
998	1.0000000000023863
999	1.0000000000023863
1000	1.0000000000023863
1001	1.0000000000023863
1002	1.0000000000023863
1003	1.0000000000023863
1004	1.0000000000023863
1005	1.0000000000023863
1006	1.0000000000023863
1007	1.0000000000023863
1008	1.0000000000023863
1009	1.0000000000023863
1010	1.0000000000023863
1011	1.0000000000023863
1012	1.0000000000023863
1013	1.0000000000023863
1014	1.0000000000023863
1015	1.0000000000023863
1016	1.0000000000023863
1017	1.0000000000023863
1018	1.0000000000023863
1019	1.0000000000023863
1020	1.0000000000023863
1021	1.0000000000023863
1022	1.0000000000023863
1023	1.0000000000023863
1024	1.0000000000023863
1025	1.0000000000023863
1026	1.0000000000023863
1027	1.0000000000023863
1028	1.0000000000023863
1029	1.0000000000023863
1030	1.0000000000023863
1031	1.0000000000023863
1032	1.0000000000023863
1033	1.0000000000023863
1034	1.0000000000023863
1035	1.0000000000023863
1036	1.0000000000023863
1037	1.0000000000023863
1038	1.0000000000023863
1039	1.0000000000023863
1040	1.0000000000023863
1041	1.0000000000023863
1042	1.0000000000023863
1043	1.0000000000023863
1044	1.0000000000023863
1045	1.0000000000023863
1046	1.0000000000023863
1047	1.0000000000023863
1048	1.0000000000023863
1049	1.0000000000023863
1050	1.0000000000023863
1051	1.0000000000023863
1052	1.0000000000023863
1053	1.0000000000023863
1054	1.0000000000023863
1055	1.0000000000023863
1056	1.0000000000023863
1057	1.0000000000023863
1058	1.0000000000023863
1059	1.0000000000023863
1060	1.0000000000023863
1061	1.0000000000023863
1062	1.0000000000023863
1063	1.0000000000023863
1064	1.0000000000023863
1065	1.0000000000023863
1066	1.0000000000023863
1067	1.0000000000023863
1068	1.0000000000023863
1069	1.0000000000023863
1070	1.0000000000023863
1071	1.0000000000023863
1072	1.0000000000023863
1073	1.0000000000023863
1074	1.0000000000023863
1075	1.0000000000023863
1076	1.0000000000023863
1077	1.0000000000023863
1078	1.0000000000023863
1079	1.0000000000023863
1080	1.0000000000023863
1081	1.0000000000023863
1082	1.0000000000023863
1083	1.0000000000023863
1084	1.0000000000023863
1085	1.0000000000023863
1086	1.0000000000023863
1087	1.0000000000023863
1088	1.0000000000023863
1089	1.0000000000023863
1090	1.0000000000023863
1091	1.0000000000023863
1092	1.0000000000023863
1093	1.0000000000023863
1094	1.0000000000023863
1095	1.0000000000023863
1096	1.0000000000023863
1097	1.0000000000023863
1098	1.0000000000023863
1099	1.0000000000023863
1100	1.0000000000023863
1101	1.0000000000023863
1102	1.0000000000023863
1103	1.0000000000023863
1104	1.0000000000023863
1105	1.0000000000023863
1106	1.0000000000023863
1107	1.0000000000023863
1108	1.0000000000023863
1109	1.0000000000023863
1110	1.0000000000023863
1111	1.0000000000023863
1112	1.0000000000023863
1113	1.0000000000023863
1114	1.0000000000023863
1115	1.0000000000023863
1116	1.0000000000023863
1117	1.0000000000023863
1118	1.0000000000023863
1119	1.0000000000023863
1120	1.0000000000023863
1121	1.0000000000023863
1122	1.0000000000023863
1123	1.0000000000023863
1124	1.0000000000023863
1125	1.0000000000023863
1126	1.0000000000023863
1127	1.0000000000023863
1128	1.0000000000023863
1129	1.0000000000023863
1130	1.0000000000023863
1131	1.0000000000023863
1132	1.0000000000023863
1133	1.0000000000023863
1134	1.0000000000023863
1135	1.0000000000023863
1136	1.0000000000023863
1137	1.0000000000023863
1138	1.0000000000023863
1139	1.0000000000023863
1140	1.0000000000023863
1141	1.0000000000023863
1142	1.0000000000023863
1143	1.0000000000023863
1144	1.0000000000023863
1145	1.0000000000023863
1146	1.0000000000023863
1147	1.0000000000023863
1148	1.0000000000023863
1149	1.0000000000023863
1150	1.0000000000023863
1151	1.0000000000023863
1152	1.0000000000023863
1153	1.0000000000023863
1154	1.0000000000023863
1155	1.0000000000023863
1156	1.0000000000023863
1157	1.0000000000023863
1158	1.0000000000023863
1159	1.0000000000023863
1160	1.0000000000023863
1161	1.0000000000023863
1162	1.0000000000023863
1163	1.0000000000023863
1164	1.0000000000023863
1165	1.0000000000023863
1166	1.0000000000023863
1167	1.0000000000023863
1168	1.0000000000023863
1169	1.0000000000023863
1170	1.0000000000023863
1171	1.0000000000023863
1172	1.0000000000023863
1173	1.0000000000023863
1174	1.0000000000023863
1175	1.0000000000023863
1176	1.0000000000023863
1177	1.0000000000023863
1178	1.0000000000023863
1179	1.0000000000023863
1180	1.0000000000023863
1181	1.0000000000023863
1182	1.0000000000023863
1183	1.0000000000023863
1184	1.0000000000023863
1185	1.0000000000023863
1186	1.0000000000023863
1187	1.0000000000023863
1188	1.0000000000023863
1189	1.0000000000023863
1190	1.0000000000023863
1191	1.0000000000023863
1192	1.0000000000023863
1193	1.0000000000023863
1194	1.0000000000023863
1195	1.0000000000023863
1196	1.0000000000023863
1197	1.0000000000023863
1198	1.0000000000023863
1199	1.0000000000023863
1200	1.0000000000023863
1201	1.0000000000023863
1202	1.0000000000023863
1203	1.0000000000023863
1204	1.0000000000023863
1205	1.0000000000023863
1206	1.0000000000023863
1207	1.0000000000023863
1208	1.0000000000023863
1209	1.0000000000023863
1210	1.0000000000023863
1211	1.0000000000023863
1212	1.0000000000023863
1213	1.0000000000023863
1214	1.0000000000023863
1215	1.0000000000023863
1216	1.0000000000023863
1217	1.0000000000023863
1218	1.0000000000023863
1219	1.0000000000023863
1220	1.0000000000023863
1221	1.0000000000023863
1222	1.0000000000023863
1223	1.0000000000023863
1224	1.0000000000023863
1225	1.0000000000023863
1226	1.0000000000023863
1227	1.0000000000023863
1228	1.0000000000023863
1229	1.0000000000023863
1230	1.0000000000023863
1231	1.0000000000023863
1232	1.0000000000023863
1233	1.0000000000023863
1234	1.0000000000023863
1235	1.0000000000023863
1236	1.0000000000023863
1237	1.0000000000023863
1238	1.0000000000023863
1239	1.0000000000023863
1240	1.0000000000023863
1241	1.0000000000023863
1242	1.0000000000023863
1243	1.0000000000023863
1244	1.0000000000023863
1245	1.0000000000023863
1246	1.0000000000023863
1247	1.0000000000023863
1248	1.0000000000023863
1249	1.0000000000023863
1250	1.0000000000023863
1251	1.0000000000023863
1252	1.0000000000023863
1253	1.0000000000023863
1254	1.0000000000023863
1255	1.0000000000023863
1256	1.0000000000023863
1257	1.0000000000023863
1258	1.0000000000023863
1259	1.0000000000023863
1260	1.0000000000023863
1261	1.0000000000023863
1262	1.0000000000023863
1263	1.0000000000023863
1264	1.0000000000023863
1265	1.0000000000023863
1266	1.0000000000023863
1267	1.0000000000023863
1268	1.0000000000023863
1269	1.0000000000023863
1270	1.0000000000023863
1271	1.0000000000023863
1272	1.0000000000023863
1273	1.0000000000023863
1274	1.0000000000023863
1275	1.0000000000023863
1276	1.0000000000023863
1277	1.0000000000023863
1278	1.0000000000023863
1279	1.0000000000023863
1280	1.0000000000023863
1281	1.0000000000023863
1282	1.0000000000023863
1283	1.0000000000023863
1284	1.0000000000023863
1285	1.0000000000023863
1286	1.0000000000023863
1287	1.0000000000023863
1288	1.0000000000023863
1289	1.0000000000023863
1290	1.0000000000023863
1291	1.0000000000023863
1292	1.0000000000023863
1293	1.0000000000023863
1294	1.0000000000023863
1295	1.0000000000023863
1296	1.0000000000023863
1297	1.0000000000023863
1298	1.0000000000023863
1299	1.0000000000023863
1300	1.0000000000023863
1301	1.0000000000023863
1302	1.0000000000023863
1303	1.0000000000023863
1304	1.0000000000023863
1305	1.0000000000023863
1306	1.0000000000023863
1307	1.0000000000023863
1308	1.0000000000023863
1309	1.0000000000023863
1310	1.0000000000023863
1311	1.0000000000023863
1312	1.0000000000023863
1313	1.0000000000023863
1314	1.0000000000023863
1315	1.0000000000023863
1316	1.0000000000023863
1317	1.0000000000023863
1318	1.0000000000023863
1319	1.0000000000023863
1320	1.0000000000023863
1321	1.0000000000023863
1322	1.0000000000023863
1323	1.0000000000023863
1324	1.0000000000023863
1325	1.0000000000023863
1326	1.0000000000023863
1327	1.0000000000023863
1328	1.0000000000023863
1329	1.0000000000023863
1330	1.0000000000023863
1331	1.0000000000023863
1332	1.0000000000023863
1333	1.0000000000023863
1334	1.0000000000023863
1335	1.0000000000023863
1336	1.0000000000023863
1337	1.0000000000023863
1338	1.0000000000023863
1339	1.0000000000023863
1340	1.0000000000023863
1341	1.0000000000023863
1342	1.0000000000023863
1343	1.0000000000023863
1344	1.0000000000023863
1345	1.0000000000023863
1346	1.0000000000023863
1347	1.0000000000023863
1348	1.0000000000023863
1349	1.0000000000023863
1350	1.0000000000023863
1351	1.0000000000023863
1352	1.0000000000023863
1353	1.0000000000023863
1354	1.0000000000023863
1355	1.0000000000023863
1356	1.0000000000023863
1357	1.0000000000023863
1358	1.0000000000023863
1359	1.0000000000023863
1360	1.0000000000023863
1361	1.0000000000023863
1362	1.0000000000023863
1363	1.0000000000023863
1364	1.0000000000023863
1365	1.0000000000023863
1366	1.0000000000023863
1367	1.0000000000023863
1368	1.0000000000023863
1369	1.0000000000023863
1370	1.0000000000023863
1371	1.0000000000023863
1372	1.0000000000023863
1373	1.0000000000023863
1374	1.0000000000023863
1375	1.0000000000023863
1376	1.0000000000023863
1377	1.0000000000023863
1378	1.0000000000023863
1379	1.0000000000023863
1380	1.0000000000023863
1381	1.0000000000023863
1382	1.0000000000023863
1383	1.0000000000023863
1384	1.0000000000023863
1385	1.0000000000023863
1386	1.0000000000023863
1387	1.0000000000023863
1388	1.0000000000023863
1389	1.0000000000023863
1390	1.0000000000023863
1391	1.0000000000023863
1392	1.0000000000023863
1393	1.0000000000023863
1394	1.0000000000023863
1395	1.0000000000023863
1396	1.0000000000023863
1397	1.0000000000023863
1398	1.0000000000023863
1399	1.0000000000023863
1400	1.0000000000023863
1401	1.0000000000023863
1402	1.0000000000023863
1403	1.0000000000023863
1404	1.0000000000023863
1405	1.0000000000023863
1406	1.0000000000023863
1407	1.0000000000023863
1408	1.0000000000023863
1409	1.0000000000023863
1410	1.0000000000023863
1411	1.0000000000023863
1412	1.0000000000023863
1413	1.0000000000023863
1414	1.0000000000023863
1415	1.0000000000023863
1416	1.0000000000023863
1417	1.0000000000023863
1418	1.0000000000023863
1419	1.0000000000023863
1420	1.0000000000023863
1421	1.0000000000023863
1422	1.0000000000023863
1423	1.0000000000023863
1424	1.0000000000023863
1425	1.0000000000023863
1426	1.0000000000023863
1427	1.0000000000023863
1428	1.0000000000023863
1429	1.0000000000023863
1430	1.0000000000023863
1431	1.0000000000023863
1432	1.0000000000023863
1433	1.0000000000023863
1434	1.0000000000023863
1435	1.0000000000023863
1436	1.0000000000023863
1437	1.0000000000023863
1438	1.0000000000023863
1439	1.0000000000023863
1440	1.0000000000023863
1441	1.0000000000023863
1442	1.0000000000023863
1443	1.0000000000023863
1444	1.0000000000023863
1445	1.0000000000023863
1446	1.0000000000023863
1447	1.0000000000023863
1448	1.0000000000023863
1449	1.0000000000023863
1450	1.0000000000023863
1451	1.0000000000023863
1452	1.0000000000023863
1453	1.0000000000023863
1454	1.0000000000023863
1455	1.0000000000023863
1456	1.0000000000023863
1457	1.0000000000023863
1458	1.0000000000023863
1459	1.0000000000023863
1460	1.0000000000023863
1461	1.0000000000023863
1462	1.0000000000023863
1463	1.0000000000023863
1464	1.0000000000023863
1465	1.0000000000023863
1466	1.0000000000023863
1467	1.0000000000023863
1468	1.0000000000023863
1469	1.0000000000023863
1470	1.0000000000023863
1471	1.0000000000023863
1472	1.0000000000023863
1473	1.0000000000023863
1474	1.0000000000023863
1475	1.0000000000023863
1476	1.0000000000023863
1477	1.0000000000023863
1478	1.0000000000023863
1479	1.0000000000023863
1480	1.0000000000023863
1481	1.0000000000023863
1482	1.0000000000023863
1483	1.0000000000023863
1484	1.0000000000023863
1485	1.0000000000023863
1486	1.0000000000023863
1487	1.0000000000023863
1488	1.0000000000023863
1489	1.0000000000023863
1490	1.0000000000023863
1491	1.0000000000023863
1492	1.0000000000023863
1493	1.0000000000023863
1494	1.0000000000023863
1495	1.0000000000023863
1496	1.0000000000023863
1497	1.0000000000023863
1498	1.0000000000023863
1499	1.0000000000023863
1500	1.0000000000023863
1501	1.0000000000023863
1502	1.0000000000023863
1503	1.0000000000023863
1504	1.0000000000023863
1505	1.0000000000023863
1506	1.0000000000023863
1507	1.0000000000023863
1508	1.0000000000023863
1509	1.0000000000023863
1510	1.0000000000023863
1511	1.0000000000023863
1512	1.0000000000023863
1513	1.0000000000023863
1514	1.0000000000023863
1515	1.0000000000023863
1516	1.0000000000023863
1517	1.0000000000023863
1518	1.0000000000023863
1519	1.0000000000023863
1520	1.0000000000023863
1521	1.0000000000023863
1522	1.0000000000023863
1523	1.0000000000023863
1524	1.0000000000023863
1525	1.0000000000023863
1526	1.0000000000023863
1527	1.0000000000023863
1528	1.0000000000023863
1529	1.0000000000023863
1530	1.0000000000023863
1531	1.0000000000023863
1532	1.0000000000023863
1533	1.0000000000023863
1534	1.0000000000023863
1535	1.0000000000023863
1536	1.0000000000023863
1537	1.0000000000023863
1538	1.0000000000023863
1539	1.0000000000023863
1540	1.0000000000023863
1541	1.0000000000023863
1542	1.0000000000023863
1543	1.0000000000023863
1544	1.0000000000023863
1545	1.0000000000023863
1546	1.0000000000023863
1547	1.0000000000023863
1548	1.0000000000023863
1549	1.0000000000023863
1550	1.0000000000023863
1551	1.0000000000023863
1552	1.0000000000023863
1553	1.0000000000023863
1554	1.0000000000023863
1555	1.0000000000023863
1556	1.0000000000023863
1557	1.0000000000023863
1558	1.0000000000023863
1559	1.0000000000023863
1560	1.0000000000023863
1561	1.0000000000023863
1562	1.0000000000023863
1563	1.0000000000023863
1564	1.0000000000023863
1565	1.0000000000023863
1566	1.0000000000023863
1567	1.0000000000023863
1568	1.0000000000023863
1569	1.0000000000023863
1570	1.0000000000023863
1571	1.0000000000023863
1572	1.0000000000023863
1573	1.0000000000023863
1574	1.0000000000023863
1575	1.0000000000023863
1576	1.0000000000023863
1577	1.0000000000023863
1578	1.0000000000023863
1579	1.0000000000023863
1580	1.0000000000023863
1581	1.0000000000023863
1582	1.0000000000023863
1583	1.0000000000023863
1584	1.0000000000023863
1585	1.0000000000023863
1586	1.0000000000023863
1587	1.0000000000023863
1588	1.0000000000023863
1589	1.0000000000023863
1590	1.0000000000023863
1591	1.0000000000023863
1592	1.0000000000023863
1593	1.0000000000023863
1594	1.0000000000023863
1595	1.0000000000023863
1596	1.0000000000023863
1597	1.0000000000023863
1598	1.0000000000023863
1599	1.0000000000023863
1600	1.0000000000023863
1601	1.0000000000023863
1602	1.0000000000023863
1603	1.0000000000023863
1604	1.0000000000023863
1605	1.0000000000023863
1606	1.0000000000023863
1607	1.0000000000023863
1608	1.0000000000023863
1609	1.0000000000023863
1610	1.0000000000023863
1611	1.0000000000023863
1612	1.0000000000023863
1613	1.0000000000023863
1614	1.0000000000023863
1615	1.0000000000023863
1616	1.0000000000023863
1617	1.0000000000023863
1618	1.0000000000023863
1619	1.0000000000023863
1620	1.0000000000023863
1621	1.0000000000023863
1622	1.0000000000023863
1623	1.0000000000023863
1624	1.0000000000023863
1625	1.0000000000023863
1626	1.0000000000023863
1627	1.0000000000023863
1628	1.0000000000023863
1629	1.0000000000023863
1630	1.0000000000023863
1631	1.0000000000023863
1632	1.0000000000023863
1633	1.0000000000023863
1634	1.0000000000023863
1635	1.0000000000023863
1636	1.0000000000023863
1637	1.0000000000023863
1638	1.0000000000023863
1639	1.0000000000023863
1640	1.0000000000023863
1641	1.0000000000023863
1642	1.0000000000023863
1643	1.0000000000023863
1644	1.0000000000023863
1645	1.0000000000023863
1646	1.0000000000023863
1647	1.0000000000023863
1648	1.0000000000023863
1649	1.0000000000023863
1650	1.0000000000023863
1651	1.0000000000023863
1652	1.0000000000023863
1653	1.0000000000023863
1654	1.0000000000023863
1655	1.0000000000023863
1656	1.0000000000023863
1657	1.0000000000023863
1658	1.0000000000023863
1659	1.0000000000023863
1660	1.0000000000023863
1661	1.0000000000023863
1662	1.0000000000023863
1663	1.0000000000023863
1664	1.0000000000023863
1665	1.0000000000023863
1666	1.0000000000023863
1667	1.0000000000023863
1668	1.0000000000023863
1669	1.0000000000023863
1670	1.0000000000023863
1671	1.0000000000023863
1672	1.0000000000023863
1673	1.0000000000023863
1674	1.0000000000023863
1675	1.0000000000023863
1676	1.0000000000023863
1677	1.0000000000023863
1678	1.0000000000023863
1679	1.0000000000023863
1680	1.0000000000023863
1681	1.0000000000023863
1682	1.0000000000023863
1683	1.0000000000023863
1684	1.0000000000023863
1685	1.0000000000023863
1686	1.0000000000023863
1687	1.0000000000023863
1688	1.0000000000023863
1689	1.0000000000023863
1690	1.0000000000023863
1691	1.0000000000023863
1692	1.0000000000023863
1693	1.0000000000023863
1694	1.0000000000023863
1695	1.0000000000023863
1696	1.0000000000023863
1697	1.0000000000023863
1698	1.0000000000023863
1699	1.0000000000023863
1700	1.0000000000023863
1701	1.0000000000023863
1702	1.0000000000023863
1703	1.0000000000023863
1704	1.0000000000023863
1705	1.0000000000023863
1706	1.0000000000023863
1707	1.0000000000023863
1708	1.0000000000023863
1709	1.0000000000023863
1710	1.0000000000023863
1711	1.0000000000023863
1712	1.0000000000023863
1713	1.0000000000023863
1714	1.0000000000023863
1715	1.0000000000023863
1716	1.0000000000023863
1717	1.0000000000023863
1718	1.0000000000023863
1719	1.0000000000023863
1720	1.0000000000023863
1721	1.0000000000023863
1722	1.0000000000023863
1723	1.0000000000023863
1724	1.0000000000023863
1725	1.0000000000023863
1726	1.0000000000023863
1727	1.0000000000023863
1728	1.0000000000023863
1729	1.0000000000023863
1730	1.0000000000023863
1731	1.0000000000023863
1732	1.0000000000023863
1733	1.0000000000023863
1734	1.0000000000023863
1735	1.0000000000023863
1736	1.0000000000023863
1737	1.0000000000023863
1738	1.0000000000023863
1739	1.0000000000023863
1740	1.0000000000023863
1741	1.0000000000023863
1742	1.0000000000023863
1743	1.0000000000023863
1744	1.0000000000023863
1745	1.0000000000023863
1746	1.0000000000023863
1747	1.0000000000023863
1748	1.0000000000023863
1749	1.0000000000023863
1750	1.0000000000023863
1751	1.0000000000023863
1752	1.0000000000023863
1753	1.0000000000023863
1754	1.0000000000023863
1755	1.0000000000023863
1756	1.0000000000023863
1757	1.0000000000023863
1758	1.0000000000023863
1759	1.0000000000023863
1760	1.0000000000023863
1761	1.0000000000023863
1762	1.0000000000023863
1763	1.0000000000023863
1764	1.0000000000023863
1765	1.0000000000023863
1766	1.0000000000023863
1767	1.0000000000023863
1768	1.0000000000023863
1769	1.0000000000023863
1770	1.0000000000023863
1771	1.0000000000023863
1772	1.0000000000023863
1773	1.0000000000023863
1774	1.0000000000023863
1775	1.0000000000023863
1776	1.0000000000023863
1777	1.0000000000023863
1778	1.0000000000023863
1779	1.0000000000023863
1780	1.0000000000023863
1781	1.0000000000023863
1782	1.0000000000023863
1783	1.0000000000023863
1784	1.0000000000023863
1785	1.0000000000023863
1786	1.0000000000023863
1787	1.0000000000023863
1788	1.0000000000023863
1789	1.0000000000023863
1790	1.0000000000023863
1791	1.0000000000023863
1792	1.0000000000023863
1793	1.0000000000023863
1794	1.0000000000023863
1795	1.0000000000023863
1796	1.0000000000023863
1797	1.0000000000023863
1798	1.0000000000023863
1799	1.0000000000023863
1800	1.0000000000023863
1801	1.0000000000023863
1802	1.0000000000023863
1803	1.0000000000023863
1804	1.0000000000023863
1805	1.0000000000023863
1806	1.0000000000023863
1807	1.0000000000023863
1808	1.0000000000023863
1809	1.0000000000023863
1810	1.0000000000023863
1811	1.0000000000023863
1812	1.0000000000023863
1813	1.0000000000023863
1814	1.0000000000023863
1815	1.0000000000023863
1816	1.0000000000023863
1817	1.0000000000023863
1818	1.0000000000023863
1819	1.0000000000023863
1820	1.0000000000023863
1821	1.0000000000023863
1822	1.0000000000023863
1823	1.0000000000023863
1824	1.0000000000023863
1825	1.0000000000023863
1826	1.0000000000023863
1827	1.0000000000023863
1828	1.0000000000023863
1829	1.0000000000023863
1830	1.0000000000023863
1831	1.0000000000023863
1832	1.0000000000023863
1833	1.0000000000023863
1834	1.0000000000023863
1835	1.0000000000023863
1836	1.0000000000023863
1837	1.0000000000023863
1838	1.0000000000023863
1839	1.0000000000023863
1840	1.0000000000023863
1841	1.0000000000023863
1842	1.0000000000023863
1843	1.0000000000023863
1844	1.0000000000023863
1845	1.0000000000023863
1846	1.0000000000023863
1847	1.0000000000023863
1848	1.0000000000023863
1849	1.0000000000023863
1850	1.0000000000023863
1851	1.0000000000023863
1852	1.0000000000023863
1853	1.0000000000023863
1854	1.0000000000023863
1855	1.0000000000023863
1856	1.0000000000023863
1857	1.0000000000023863
1858	1.0000000000023863
1859	1.0000000000023863
1860	1.0000000000023863
1861	1.0000000000023863
1862	1.0000000000023863
1863	1.0000000000023863
1864	1.0000000000023863
1865	1.0000000000023863
1866	1.0000000000023863
1867	1.0000000000023863
1868	1.0000000000023863
1869	1.0000000000023863
1870	1.0000000000023863
1871	1.0000000000023863
1872	1.0000000000023863
1873	1.0000000000023863
1874	1.0000000000023863
1875	1.0000000000023863
1876	1.0000000000023863
1877	1.0000000000023863
1878	1.0000000000023863
1879	1.0000000000023863
1880	1.0000000000023863
1881	1.0000000000023863
1882	1.0000000000023863
1883	1.0000000000023863
1884	1.0000000000023863
1885	1.0000000000023863
1886	1.0000000000023863
1887	1.0000000000023863
1888	1.0000000000023863
1889	1.0000000000023863
1890	1.0000000000023863
1891	1.0000000000023863
1892	1.0000000000023863
1893	1.0000000000023863
1894	1.0000000000023863
1895	1.0000000000023863
1896	1.0000000000023863
1897	1.0000000000023863
1898	1.0000000000023863
1899	1.0000000000023863
1900	1.0000000000023863
1901	1.0000000000023863
1902	1.0000000000023863
1903	1.0000000000023863
1904	1.0000000000023863
1905	1.0000000000023863
1906	1.0000000000023863
1907	1.0000000000023863
1908	1.0000000000023863
1909	1.0000000000023863
1910	1.0000000000023863
1911	1.0000000000023863
1912	1.0000000000023863
1913	1.0000000000023863
1914	1.0000000000023863
1915	1.0000000000023863
1916	1.0000000000023863
1917	1.0000000000023863
1918	1.0000000000023863
1919	1.0000000000023863
1920	1.0000000000023863
1921	1.0000000000023863
1922	1.0000000000023863
1923	1.0000000000023863
1924	1.0000000000023863
1925	1.0000000000023863
1926	1.0000000000023863
1927	1.0000000000023863
1928	1.0000000000023863
1929	1.0000000000023863
1930	1.0000000000023863
1931	1.0000000000023863
1932	1.0000000000023863
1933	1.0000000000023863
1934	1.0000000000023863
1935	1.0000000000023863
1936	1.0000000000023863
1937	1.0000000000023863
1938	1.0000000000023863
1939	1.0000000000023863
1940	1.0000000000023863
1941	1.0000000000023863
1942	1.0000000000023863
1943	1.0000000000023863
1944	1.0000000000023863
1945	1.0000000000023863
1946	1.0000000000023863
1947	1.0000000000023863
1948	1.0000000000023863
1949	1.0000000000023863
1950	1.0000000000023863
1951	1.0000000000023863
1952	1.0000000000023863
1953	1.0000000000023863
1954	1.0000000000023863
1955	1.0000000000023863
1956	1.0000000000023863
1957	1.0000000000023863
1958	1.0000000000023863
1959	1.0000000000023863
1960	1.0000000000023863
1961	1.0000000000023863
1962	1.0000000000023863
1963	1.0000000000023863
1964	1.0000000000023863
1965	1.0000000000023863
1966	1.0000000000023863
1967	1.0000000000023863
1968	1.0000000000023863
1969	1.0000000000023863
1970	1.0000000000023863
1971	1.0000000000023863
1972	1.0000000000023863
1973	1.0000000000023863
1974	1.0000000000023863
1975	1.0000000000023863
1976	1.0000000000023863
1977	1.0000000000023863
1978	1.0000000000023863
1979	1.0000000000023863
1980	1.0000000000023863
1981	1.0000000000023863
1982	1.0000000000023863
1983	1.0000000000023863
1984	1.0000000000023863
1985	1.0000000000023863
1986	1.0000000000023863
1987	1.0000000000023863
1988	1.0000000000023863
1989	1.0000000000023863
1990	1.0000000000023863
1991	1.0000000000023863
1992	1.0000000000023863
1993	1.0000000000023863
1994	1.0000000000023863
1995	1.0000000000023863
1996	1.0000000000023863
1997	1.0000000000023863
1998	1.0000000000023863
1999	1.0000000000023863
2000	1.0000000000023863
2001	1.0000000000023863
2002	1.0000000000023863
2003	1.0000000000023863
2004	1.0000000000023863
2005	1.0000000000023863
2006	1.0000000000023863
2007	1.0000000000023863
2008	1.0000000000023863
2009	1.0000000000023863
2010	1.0000000000023863
2011	1.0000000000023863
2012	1.0000000000023863
2013	1.0000000000023863
2014	1.0000000000023863
2015	1.0000000000023863
2016	1.0000000000023863
2017	1.0000000000023863
2018	1.0000000000023863
2019	1.0000000000023863
2020	1.0000000000023863
2021	1.0000000000023863
2022	1.0000000000023863
2023	1.0000000000023863
2024	1.0000000000023863
2025	1.0000000000023863
2026	1.0000000000023863
2027	1.0000000000023863
2028	1.0000000000023863
2029	1.0000000000023863
2030	1.0000000000023863
2031	1.0000000000023863
2032	1.0000000000023863
2033	1.0000000000023863
2034	1.0000000000023863
2035	1.0000000000023863
2036	1.0000000000023863
2037	1.0000000000023863
2038	1.0000000000023863
2039	1.0000000000023863
2040	1.0000000000023863
2041	1.0000000000023863
2042	1.0000000000023863
2043	1.0000000000023863
2044	1.0000000000023863
2045	1.0000000000023863
2046	1.0000000000023863
2047	1.0000000000023863
2048	1.0000000000023863
2049	1.0000000000023863
2050	1.0000000000023863
2051	1.0000000000023863
2052	1.0000000000023863
2053	1.0000000000023863
2054	1.0000000000023863
2055	1.0000000000023863
2056	1.0000000000023863
2057	1.0000000000023863
2058	1.0000000000023863
2059	1.0000000000023863
2060	1.0000000000023863
2061	1.0000000000023863
2062	1.0000000000023863
2063	1.0000000000023863
2064	1.0000000000023863
2065	1.0000000000023863
2066	1.0000000000023863
2067	1.0000000000023863
2068	1.0000000000023863
2069	1.0000000000023863
2070	1.0000000000023863
2071	1.0000000000023863
2072	1.0000000000023863
2073	1.0000000000023863
2074	1.0000000000023863
2075	1.0000000000023863
2076	1.0000000000023863
2077	1.0000000000023863
2078	1.0000000000023863
2079	1.0000000000023863
2080	1.0000000000023863
2081	1.0000000000023863
2082	1.0000000000023863
2083	1.0000000000023863
2084	1.0000000000023863
2085	1.0000000000023863
2086	1.0000000000023863
2087	1.0000000000023863
2088	1.0000000000023863
2089	1.0000000000023863
2090	1.0000000000023863
2091	1.0000000000023863
2092	1.0000000000023863
2093	1.0000000000023863
2094	1.0000000000023863
2095	1.0000000000023863
2096	1.0000000000023863
2097	1.0000000000023863
2098	1.0000000000023863
2099	1.0000000000023863
2100	1.0000000000023863
2101	1.0000000000023863
2102	1.0000000000023863
2103	1.0000000000023863
2104	1.0000000000023863
2105	1.0000000000023863
2106	1.0000000000023863
2107	1.0000000000023863
2108	1.0000000000023863
2109	1.0000000000023863
2110	1.0000000000023863
2111	1.0000000000023863
2112	1.0000000000023863
2113	1.0000000000023863
2114	1.0000000000023863
2115	1.0000000000023863
2116	1.0000000000023863
2117	1.0000000000023863
2118	1.0000000000023863
2119	1.0000000000023863
2120	1.0000000000023863
2121	1.0000000000023863
2122	1.0000000000023863
2123	1.0000000000023863
2124	1.0000000000023863
2125	1.0000000000023863
2126	1.0000000000023863
2127	1.0000000000023863
2128	1.0000000000023863
2129	1.0000000000023863
2130	1.0000000000023863
2131	1.0000000000023863
2132	1.0000000000023863
2133	1.0000000000023863
2134	1.0000000000023863
2135	1.0000000000023863
2136	1.0000000000023863
2137	1.0000000000023863
2138	1.0000000000023863
2139	1.0000000000023863
2140	1.0000000000023863
2141	1.0000000000023863
2142	1.0000000000023863
2143	1.0000000000023863
2144	1.0000000000023863
2145	1.0000000000023863
2146	1.0000000000023863
2147	1.0000000000023863
2148	1.0000000000023863
2149	1.0000000000023863
2150	1.0000000000023863
2151	1.0000000000023863
2152	1.0000000000023863
2153	1.0000000000023863
2154	1.0000000000023863
2155	1.0000000000023863
2156	1.0000000000023863
2157	1.0000000000023863
2158	1.0000000000023863
2159	1.0000000000023863
2160	1.0000000000023863
2161	1.0000000000023863
2162	1.0000000000023863
2163	1.0000000000023863
2164	1.0000000000023863
2165	1.0000000000023863
2166	1.0000000000023863
2167	1.0000000000023863
2168	1.0000000000023863
2169	1.0000000000023863
2170	1.0000000000023863
2171	1.0000000000023863
2172	1.0000000000023863
2173	1.0000000000023863
2174	1.0000000000023863
2175	1.0000000000023863
2176	1.0000000000023863
2177	1.0000000000023863
2178	1.0000000000023863
2179	1.0000000000023863
2180	1.0000000000023863
2181	1.0000000000023863
2182	1.0000000000023863
2183	1.0000000000023863
2184	1.0000000000023863
2185	1.0000000000023863
2186	1.0000000000023863
2187	1.0000000000023863
2188	1.0000000000023863
2189	1.0000000000023863
2190	1.0000000000023863
2191	1.0000000000023863
2192	1.0000000000023863
2193	1.0000000000023863
2194	1.0000000000023863
2195	1.0000000000023863
2196	1.0000000000023863
2197	1.0000000000023863
2198	1.0000000000023863
2199	1.0000000000023863
2200	1.0000000000023863
2201	1.0000000000023863
2202	1.0000000000023863
2203	1.0000000000023863
2204	1.0000000000023863
2205	1.0000000000023863
2206	1.0000000000023863
2207	1.0000000000023863
2208	1.0000000000023863
2209	1.0000000000023863
2210	1.0000000000023863
2211	1.0000000000023863
2212	1.0000000000023863
2213	1.0000000000023863
2214	1.0000000000023863
2215	1.0000000000023863
2216	1.0000000000023863
2217	1.0000000000023863
2218	1.0000000000023863
2219	1.0000000000023863
2220	1.0000000000023863
2221	1.0000000000023863
2222	1.0000000000023863
2223	1.0000000000023863
2224	1.0000000000023863
2225	1.0000000000023863
2226	1.0000000000023863
2227	1.0000000000023863
2228	1.0000000000023863
2229	1.0000000000023863
2230	1.0000000000023863
2231	1.0000000000023863
2232	1.0000000000023863
2233	1.0000000000023863
2234	1.0000000000023863
2235	1.0000000000023863
2236	1.0000000000023863
2237	1.0000000000023863
2238	1.0000000000023863
2239	1.0000000000023863
2240	1.0000000000023863
2241	1.0000000000023863
2242	1.0000000000023863
2243	1.0000000000023863
2244	1.0000000000023863
2245	1.0000000000023863
2246	1.0000000000023863
2247	1.0000000000023863
2248	1.0000000000023863
2249	1.0000000000023863
2250	1.0000000000023863
2251	1.0000000000023863
2252	1.0000000000023863
2253	1.0000000000023863
2254	1.0000000000023863
2255	1.0000000000023863
2256	1.0000000000023863
2257	1.0000000000023863
2258	1.0000000000023863
2259	1.0000000000023863
2260	1.0000000000023863
2261	1.0000000000023863
2262	1.0000000000023863
2263	1.0000000000023863
2264	1.0000000000023863
2265	1.0000000000023863
2266	1.0000000000023863
2267	1.0000000000023863
2268	1.0000000000023863
2269	1.0000000000023863
2270	1.0000000000023863
2271	1.0000000000023863
2272	1.0000000000023863
2273	1.0000000000023863
2274	1.0000000000023863
2275	1.0000000000023863
2276	1.0000000000023863
2277	1.0000000000023863
2278	1.0000000000023863
2279	1.0000000000023863
2280	1.0000000000023863
2281	1.0000000000023863
2282	1.0000000000023863
2283	1.0000000000023863
2284	1.0000000000023863
2285	1.0000000000023863
2286	1.0000000000023863
2287	1.0000000000023863
2288	1.0000000000023863
2289	1.0000000000023863
2290	1.0000000000023863
2291	1.0000000000023863
2292	1.0000000000023863
2293	1.0000000000023863
2294	1.0000000000023863
2295	1.0000000000023863
2296	1.0000000000023863
2297	1.0000000000023863
2298	1.0000000000023863
2299	1.0000000000023863
2300	1.0000000000023863
2301	1.0000000000023863
2302	1.0000000000023863
2303	1.0000000000023863
2304	1.0000000000023863
2305	1.0000000000023863
2306	1.0000000000023863
2307	1.0000000000023863
2308	1.0000000000023863
2309	1.0000000000023863
2310	1.0000000000023863
2311	1.0000000000023863
2312	1.0000000000023863
2313	1.0000000000023863
2314	1.0000000000023863
2315	1.0000000000023863
2316	1.0000000000023863
2317	1.0000000000023863
2318	1.0000000000023863
2319	1.0000000000023863
2320	1.0000000000023863
2321	1.0000000000023863
2322	1.0000000000023863
2323	1.0000000000023863
2324	1.0000000000023863
2325	1.0000000000023863
2326	1.0000000000023863
2327	1.0000000000023863
2328	1.0000000000023863
2329	1.0000000000023863
2330	1.0000000000023863
2331	1.0000000000023863
2332	1.0000000000023863
2333	1.0000000000023863
2334	1.0000000000023863
2335	1.0000000000023863
2336	1.0000000000023863
2337	1.0000000000023863
2338	1.0000000000023863
2339	1.0000000000023863
2340	1.0000000000023863
2341	1.0000000000023863
2342	1.0000000000023863
2343	1.0000000000023863
2344	1.0000000000023863
2345	1.0000000000023863
2346	1.0000000000023863
2347	1.0000000000023863
2348	1.0000000000023863
2349	1.0000000000023863
2350	1.0000000000023863
2351	1.0000000000023863
2352	1.0000000000023863
2353	1.0000000000023863
2354	1.0000000000023863
2355	1.0000000000023863
2356	1.0000000000023863
2357	1.0000000000023863
2358	1.0000000000023863
2359	1.0000000000023863
2360	1.0000000000023863
2361	1.0000000000023863
2362	1.0000000000023863
2363	1.0000000000023863
2364	1.0000000000023863
2365	1.0000000000023863
2366	1.0000000000023863
2367	1.0000000000023863
2368	1.0000000000023863
2369	1.0000000000023863
2370	1.0000000000023863
2371	1.0000000000023863
2372	1.0000000000023863
2373	1.0000000000023863
2374	1.0000000000023863
2375	1.0000000000023863
2376	1.0000000000023863
2377	1.0000000000023863
2378	1.0000000000023863
2379	1.0000000000023863
2380	1.0000000000023863
2381	1.0000000000023863
2382	1.0000000000023863
2383	1.0000000000023863
2384	1.0000000000023863
2385	1.0000000000023863
2386	1.0000000000023863
2387	1.0000000000023863
2388	1.0000000000023863
2389	1.0000000000023863
2390	1.0000000000023863
2391	1.0000000000023863
2392	1.0000000000023863
2393	1.0000000000023863
2394	1.0000000000023863
2395	1.0000000000023863
2396	1.0000000000023863
2397	1.0000000000023863
2398	1.0000000000023863
2399	1.0000000000023863
2400	1.0000000000023863
2401	1.0000000000023863
2402	1.0000000000023863
2403	1.0000000000023863
2404	1.0000000000023863
2405	1.0000000000023863
2406	1.0000000000023863
2407	1.0000000000023863
2408	1.0000000000023863
2409	1.0000000000023863
2410	1.0000000000023863
2411	1.0000000000023863
2412	1.0000000000023863
2413	1.0000000000023863
2414	1.0000000000023863
2415	1.0000000000023863
2416	1.0000000000023863
2417	1.0000000000023863
2418	1.0000000000023863
2419	1.0000000000023863
2420	1.0000000000023863
2421	1.0000000000023863
2422	1.0000000000023863
2423	1.0000000000023863
2424	1.0000000000023863
2425	1.0000000000023863
2426	1.0000000000023863
2427	1.0000000000023863
2428	1.0000000000023863
2429	1.0000000000023863
2430	1.0000000000023863
2431	1.0000000000023863
2432	1.0000000000023863
2433	1.0000000000023863
2434	1.0000000000023863
2435	1.0000000000023863
2436	1.0000000000023863
2437	1.0000000000023863
2438	1.0000000000023863
2439	1.0000000000023863
2440	1.0000000000023863
2441	1.0000000000023863
2442	1.0000000000023863
2443	1.0000000000023863
2444	1.0000000000023863
2445	1.0000000000023863
2446	1.0000000000023863
2447	1.0000000000023863
2448	1.0000000000023863
2449	1.0000000000023863
2450	1.0000000000023863
2451	1.0000000000023863
2452	1.0000000000023863
2453	1.0000000000023863
2454	1.0000000000023863
2455	1.0000000000023863
2456	1.0000000000023863
2457	1.0000000000023863
2458	1.0000000000023863
2459	1.0000000000023863
2460	1.0000000000023863
2461	1.0000000000023863
2462	1.0000000000023863
2463	1.0000000000023863
2464	1.0000000000023863
2465	1.0000000000023863
2466	1.0000000000023863
2467	1.0000000000023863
2468	1.0000000000023863
2469	1.0000000000023863
2470	1.0000000000023863
2471	1.0000000000023863
2472	1.0000000000023863
2473	1.0000000000023863
2474	1.0000000000023863
2475	1.0000000000023863
2476	1.0000000000023863
2477	1.0000000000023863
2478	1.0000000000023863
2479	1.0000000000023863
2480	1.0000000000023863
2481	1.0000000000023863
2482	1.0000000000023863
2483	1.0000000000023863
2484	1.0000000000023863
2485	1.0000000000023863
2486	1.0000000000023863
2487	1.0000000000023863
2488	1.0000000000023863
2489	1.0000000000023863
2490	1.0000000000023863
2491	1.0000000000023863
2492	1.0000000000023863
2493	1.000000000002386
2494	1.0000000000023685
2495	0.9999999999990143
2496	0.9999999994524159
2497	0.9999999252522307
2498	0.9999918703341858
2499	0.999336316837286
2500	0.9637818988462391
