k	pvalue
0	0.9999999999999133
1	0.9999999996964848
2	0.9999999938664569
3	0.9999999371027665
4	0.9999995638200806
5	0.9999976992579721
6	0.9999901556885216
7	0.9999644141211412
8	0.9998882306208552
9	0.9996886624132112
10	0.9992187104238898
11	0.9982116961269596
12	0.9962287954971315
13	0.992611727929249
14	0.9864580248955983
15	0.97663761522985
16	0.9618644833520218
17	0.940825790241857
18	0.9123556200159687
19	0.8756259467662845
20	0.8303184179773754
21	0.7767405346886279
22	0.7158593469717514
23	0.6492423842128618
24	0.5789145815063982
25	0.5071563353531716
26	0.4362775778139799
27	0.36840418198670394
28	0.30530680916624603
29	0.24829101603520376
30	0.19815439776152366
31	0.15520484592684486
32	0.11932576366956814
33	0.09007014931976971
34	0.0667655324674094
35	0.04861475822561911
36	0.03478220081189881
37	0.024459873113794803
38	0.01691214888766808
39	0.01150091619871059
40	0.007694806266386112
41	0.005066837118334053
42	0.0032846687183300327
43	0.0020970137015630178
44	0.0013188746150439603
45	0.0008173973055230532
46	0.0004993699318257308
47	0.0003008153940692785
48	0.00017872775688554778
49	0.00010476609635295844
50	6.060459514148269e-05
51	3.4606867910310834e-05
52	1.95120817746831e-05
53	1.086522841751734e-05
54	5.976875750824857e-06
55	3.248723482089924e-06
56	1.7452369586684499e-06
57	9.268216947882082e-07
58	4.866673636940888e-07
59	2.52728252641974e-07
60	1.298223544637366e-07
61	6.597892328656775e-08
62	3.3182141965522296e-08
63	1.651687924815696e-08
64	8.138690083427026e-09
65	3.970637435300675e-09
66	1.918311851046004e-09
67	9.179168852697947e-10
68	4.3509344321332796e-10
69	2.0432646576933807e-10
70	9.508140115069258e-11
71	4.384898089074004e-11
72	2.0043739690965582e-11
73	9.082678549702305e-12
74	4.0806001670210484e-12
75	1.8178850739153962e-12
76	8.031504761131744e-13
77	3.519410176642227e-13
78	1.5298126057628651e-13
79	6.597106674436002e-14
80	2.8227076613370378e-14
81	1.198462185980019e-14
82	5.049826745874617e-15
83	2.1118778675092836e-15
84	8.766911169342879e-16
85	3.6128845765599486e-16
86	1.4782039030131482e-16
87	6.005227069508428e-17
88	2.4225926486967106e-17
89	9.705709528653406e-18
90	3.861972966947268e-18
91	1.5263861207679724e-18
92	5.992804795079692e-19
93	2.3374527655676175e-19
94	9.058121787316314e-20
95	3.4877943603963235e-20
96	1.3344890408318732e-20
97	5.074156290588907e-21
98	1.9174757658996513e-21
99	7.201864698759535e-22
100	2.688686619499825e-22
101	9.978057900195263e-23
102	3.681224136340242e-23
103	1.350231012294132e-23
104	4.9240451798648564e-24
105	1.7855091168295957e-24
106	6.438068436646352e-25
107	2.308497448080886e-25
108	8.23208364149444e-26
109	2.919593965803004e-26
110	1.0298943441647473e-26
111	3.613642165087297e-27
112	1.2612585061286718e-27
113	4.379185304350545e-28
114	1.5126417614396007e-28
115	5.198227080201383e-29
116	1.7773510536792465e-29
117	6.046610254077853e-30
118	2.046883366901583e-30
119	6.895055124635289e-31
120	2.3113551614988067e-31
121	7.710815435537174e-32
122	2.560110009280193e-32
123	8.459823277661307e-33
124	2.7824514225031396e-33
125	9.109121063317602e-34
126	2.968428198909388e-34
127	9.629330506343223e-35
128	3.1095895272716503e-35
129	9.996894458025399e-36
130	3.1996284991940126e-36
131	1.0195850312717092e-36
132	3.234845451206344e-37
133	1.0218950004955538e-37
134	3.2143846631672505e-38
135	1.0068022232862037e-38
136	3.1402257876257424e-39
137	9.753564549667415e-40
138	3.0169405935046415e-40
139	9.293642201527652e-41
140	2.851251812601749e-41
141	8.712244237533665e-42
142	2.6514505070010752e-42
143	8.037296145211287e-43
144	2.4267392019425075e-43
145	7.298547510543609e-44
146	2.1865694152617504e-44
147	6.525543438600074e-45
148	1.940035041537755e-45
149	5.745854520971042e-46
150	1.6953693752248221e-46
151	4.983689795352201e-47
152	1.4595761180477706e-47
153	4.2589594820206684e-48
154	1.2382063811312298e-48
155	3.5867979966937954e-49
156	1.0352769876620592e-49
157	2.9775098439370324e-50
158	8.533121558006647e-51
159	2.4368660420140102e-51
160	6.934819077055002e-52
161	1.966658589321649e-52
162	5.5580650014916695e-53
163	1.5654146101493503e-53
164	4.393963183515502e-54
165	1.229177856094975e-54
166	3.4270007393988096e-55
167	9.522797743673121e-56
168	2.637396435852757e-56
169	7.280416577491608e-57
170	2.003163246140747e-57
171	5.4937003249015345e-58
172	1.501796825687834e-58
173	4.092266943497141e-59
174	1.1115579981422692e-59
175	3.0097084189024805e-60
176	8.12361716448588e-61
177	2.185826555440052e-61
178	5.86315739233567e-62
179	1.5678527953174905e-62
180	4.179699482974975e-63
181	1.1108589767451162e-63
182	2.9434377289443747e-64
183	7.775721176456852e-65
184	2.047972685617853e-65
185	5.37790278034974e-66
186	1.408038710752435e-66
187	3.675670421414576e-67
188	9.567230088671738e-68
189	2.4829663533305355e-68
190	6.425361905468616e-69
191	1.6579582575804558e-69
192	4.265852506262384e-70
193	1.094463405681001e-70
194	2.800055616682084e-71
195	7.143463442139681e-72
196	1.8173326252411837e-72
197	4.6105213683172043e-73
198	1.1664394155612746e-73
199	2.942912163911712e-74
200	7.404602299004667e-75
201	1.8579831962981095e-75
202	4.649472056576886e-76
203	1.1603618818268847e-76
204	2.888133616275581e-77
205	7.169372064828574e-78
206	1.774969486859237e-78
207	4.382808089968961e-79
208	1.0793731174904628e-79
209	2.6512705215562613e-80
210	6.495393245511846e-81
211	1.5871991054541454e-81
212	3.868454168015114e-82
213	9.40435588208909e-83
214	2.280403066124255e-83
215	5.515571077606868e-84
216	1.330671794326775e-84
217	3.202272187289412e-85
218	7.687011550113822e-86
219	1.8406615385111064e-86
220	4.396555047468195e-87
221	1.047558465996224e-87
222	2.4898670384704912e-88
223	5.903520386130389e-89
224	1.3963292961906479e-89
225	3.2946652644389623e-90
226	7.755077656185161e-91
227	1.8210300124477806e-91
228	4.26588159601245e-92
229	9.969326629748413e-93
230	2.324302952064443e-93
231	5.406223810387824e-94
232	1.2545100307660628e-94
233	2.9042733587771703e-95
234	6.7079287290782536e-96
235	1.5457216839516e-96
236	3.5536147324955754e-97
237	8.150979377689388e-98
238	1.865322128777607e-98
239	4.2589900807048e-99
240	9.702245376124712e-100
241	2.2052345024078675e-100
242	5.001015747861051e-101
243	1.1315833894644516e-101
244	2.554722564664073e-102
245	5.754845434963109e-103
246	1.2934813944366213e-103
247	2.9008624497290255e-104
248	6.491398967306127e-105
249	1.449430628869394e-105
250	3.229298925905113e-106
251	7.17917305328083e-107
252	1.5925739216491114e-107
253	3.525229455523478e-108
254	7.786483498566948e-109
255	1.7161888345675423e-109
256	3.774522433710894e-110
257	8.283915452396847e-111
258	1.814217925832882e-111
259	3.964850425105526e-112
260	8.646714069922951e-113
261	1.8817662243864636e-113
262	4.086710152315862e-114
263	8.856841749025503e-115
264	1.9155084317380375e-115
265	4.1342107353502524e-116
266	8.904462454149009e-117
267	1.9139585314979707e-117
268	4.1055391556906865e-118
269	8.788683798331996e-119
270	1.8775716900976218e-119
271	4.003052798733788e-120
272	8.517482219777564e-121
273	1.8086697692439365e-121
274	3.832996504366922e-122
275	8.10684020432617e-123
276	1.7112039285149344e-123
277	3.6048880818976895e-124
278	7.579220371910158e-125
279	1.590387154258098e-125
280	3.330654464849408e-126
281	6.961574762673612e-127
282	1.4522432498726267e-127
283	3.0236251727426827e-128
284	6.2831289543846e-129
285	1.303125160700494e-129
286	2.697497813620747e-130
287	5.573186058451763e-131
288	1.1492541620800347e-131
289	2.3653822952002054e-132
290	4.859167844886446e-133
291	9.963233971155486e-134
292	2.0390091432838733e-134
293	4.165057081163946e-135
294	8.491964822834637e-136
295	1.728157589188953e-136
296	3.510337631606693e-137
297	7.117168862084376e-138
298	1.4403263511507524e-138
299	2.9094587334029174e-139
300	5.866290153728996e-140
301	1.180639435094005e-140
302	2.3717875384990373e-141
303	4.755994673428418e-142
304	9.519547888352556e-143
305	1.9019669346757852e-143
306	3.793180852397062e-144
307	7.551275884273264e-145
308	1.5005675875197762e-145
309	2.976538055156159e-146
310	5.893729125208076e-147
311	1.164914207543458e-147
312	2.29839631200667e-148
313	4.526736795656086e-149
314	8.89973462097563e-150
315	1.7466362613375286e-150
316	3.421870657303498e-151
317	6.692101095812045e-152
318	1.30647544084694e-152
319	2.546137851154217e-153
320	4.9534355697204645e-154
321	9.620044630635207e-155
322	1.8650720953093226e-155
323	3.6096419183786514e-156
324	6.974041923299266e-157
325	1.3451133474204312e-157
326	2.5899361226596527e-158
327	4.978253384560721e-159
328	9.552666891181504e-160
329	1.8299274190971432e-160
330	3.4995046822028174e-161
331	6.681048926919402e-162
332	1.2733563132617907e-162
333	2.4228376160050854e-163
334	4.602243279017007e-164
335	8.727453834331423e-165
336	1.652266431913932e-165
337	3.12283418802737e-166
338	5.8924496311161e-167
339	1.1099993114358475e-167
340	2.087522538628628e-168
341	3.91943091644842e-169
342	7.346829534310657e-170
343	1.374876661028811e-170
344	2.568715761247597e-171
345	4.7913576534742474e-172
346	8.922633236308227e-173
347	1.658903318986297e-173
348	3.079245762419859e-174
349	5.706430320215024e-175
350	1.0558037754704259e-175
351	1.9503028416651653e-176
352	3.5968527662446013e-177
353	6.62287616556085e-178
354	1.2175184936814609e-178
355	2.2346578490152774e-179
356	4.095006692082649e-180
357	7.492174109108776e-181
358	1.3685867210765834e-181
359	2.4960284731262354e-182
360	4.5450747324362615e-183
361	8.263201032750523e-184
362	1.4999366342734907e-184
363	2.7184184315795523e-185
364	4.919035835224132e-186
365	8.887209738413997e-187
366	1.6031497901878342e-187
367	2.887403389078014e-188
368	5.192385816451055e-189
369	9.322964257452825e-190
370	1.6713603028039317e-190
371	2.9916898255199533e-191
372	5.346811498566191e-192
373	9.541274918748685e-193
374	1.7000142594122378e-193
375	3.0243685887657135e-194
376	5.372225653181882e-195
377	9.528236114753421e-196
378	1.6873721110719887e-196
379	2.9836691306124685e-197
380	5.267847948997685e-198
381	9.286667698968375e-199
382	1.634677200586011e-199
383	2.87310066254453e-200
384	5.042172737412662e-201
385	8.83555701088115e-202
386	1.5459689608467082e-202
387	2.7009684343680136e-203
388	4.711849605124324e-204
389	8.207629934515279e-205
390	1.4275778593115235e-205
391	2.4793553616681065e-206
392	4.299677955476442e-207
393	7.445476311304706e-208
394	1.2873886481251027e-208
395	2.2227402381698784e-209
396	3.832046791999913e-210
397	6.596858244744254e-211
398	1.1339892836684873e-211
399	1.9464685237100007e-212
400	3.336211959478321e-213
401	5.709904849354867e-214
402	9.758302087384202e-215
403	1.6652941402752408e-215
404	2.8377890444161123e-216
405	4.828840528204706e-217
406	8.205033456437576e-218
407	1.392174633846175e-218
408	2.3587616930395345e-219
409	3.990731609328321e-220
410	6.742177623733747e-221
411	1.137439157505234e-221
412	1.9161856015888558e-222
413	3.2235133329892914e-223
414	5.415080944206651e-224
415	9.083748352071686e-225
416	1.521636668342634e-225
417	2.5453272606193698e-226
418	4.251714967196561e-227
419	7.092078847836312e-228
420	1.1813345709481787e-228
421	1.9650031673161885e-229
422	3.2639658883041863e-230
423	5.414034380133738e-231
424	8.967894052885021e-232
425	1.4833888287799975e-232
426	2.45027948089783e-233
427	4.0417861231413544e-234
428	6.657775036657027e-235
429	1.0951761507537725e-235
430	1.7990320372092513e-236
431	2.9511742605004625e-237
432	4.834514003418538e-238
433	7.908857846363005e-239
434	1.2920480294036707e-239
435	2.1078924318898657e-240
436	3.434188112592797e-241
437	5.5873581674686335e-242
438	9.078135882438411e-243
439	1.4729754786009918e-243
440	2.3867336464343013e-244
441	3.862094704227124e-245
442	6.240987704023428e-246
443	1.0071544894615433e-246
444	1.6231255944022468e-247
445	2.6122956649905966e-248
446	4.198629981576674e-249
447	6.739207652206136e-250
448	1.0802565918614748e-250
449	1.7292697583520535e-251
450	2.764503735734162e-252
451	4.413581011262603e-253
452	7.036964809800711e-254
453	1.1204716570059476e-254
454	1.781715875346992e-255
455	2.829430016991225e-256
456	4.487280783753233e-257
457	7.1070956681207385e-258
458	1.1241559004914252e-258
459	1.7757721055441695e-259
460	2.8013995092522326e-260
461	4.41357820520082e-261
462	6.944410510456385e-262
463	1.0912130308561611e-262
464	1.7124350661679398e-263
465	2.683798468798502e-264
466	4.200661750391249e-265
467	6.56626410003101e-266
468	1.0250678158861224e-266
469	1.5981636861759495e-267
470	2.4884281937792104e-268
471	3.869589937794962e-269
472	6.009544171764127e-270
473	9.320852743660072e-271
474	1.443803398670045e-271
475	2.233569836640777e-272
476	3.4508877803157003e-273
477	5.324792870202783e-274
478	8.20570567149439e-275
479	1.2629066067604615e-275
480	1.9411958912441314e-276
481	2.9799642967559967e-277
482	4.5687465280040277e-278
483	6.995650542986715e-279
484	1.0698057247265102e-279
485	1.6339103416273765e-280
486	2.492290948670214e-281
487	3.796795367240873e-282
488	5.77675950184953e-283
489	8.7781043512884e-284
490	1.3321933235710052e-284
491	2.0192241428648064e-285
492	3.0567031898068445e-286
493	4.6214064643071124e-287
494	6.97827232134952e-288
495	1.0523863236565192e-288
496	1.585100116174975e-289
497	2.3844767957839178e-290
498	3.58249077236861e-291
499	5.375678791207973e-292
500	8.056352517257147e-293
501	1.2058719628811867e-293
502	1.8026947051578205e-294
503	2.6915476734261533e-295
504	4.0136688112420806e-296
505	5.977797607970899e-297
506	8.892046907328367e-298
507	1.3210638043304222e-298
508	1.960234347097214e-299
509	2.9050592001833613e-300
510	4.299969807800436e-301
511	6.356819564417741e-302
512	9.385967591573153e-303
513	1.3841511877735546e-303
514	2.0387029200278857e-304
515	2.999099781049318e-305
516	4.406513004649301e-306
517	6.46646573782995e-307
518	9.477794734138e-308
519	1.3874476837068424e-308
520	2.028595868621457e-309
521	2.96240655670543e-310
522	4.320804176755e-311
523	6.294422666657e-312
524	9.15839151685e-313
525	1.3309295939e-313
526	1.931808695e-314
527	2.800572957e-315
528	4.05512254e-316
529	5.864567e-317
530	8.47117e-318
531	1.222155e-318
532	1.7611e-319
533	2.5346e-320
534	3.64e-321
535	5.24e-322
536	7.4e-323
537	1e-323
538	0.0
539	0.0
540	0.0
541	0.0
542	0.0
543	0.0
544	0.0
545	0.0
546	0.0
547	0.0
548	0.0
549	0.0
550	0.0
551	0.0
552	0.0
553	0.0
554	0.0
555	0.0
556	0.0
557	0.0
558	0.0
559	0.0
560	0.0
561	0.0
562	0.0
563	0.0
564	0.0
565	0.0
566	0.0
567	0.0
568	0.0
569	0.0
570	0.0
571	0.0
572	0.0
573	0.0
574	0.0
575	0.0
576	0.0
577	0.0
578	0.0
579	0.0
580	0.0
581	0.0
582	0.0
583	0.0
584	0.0
585	0.0
586	0.0
587	0.0
588	0.0
589	0.0
590	0.0
591	0.0
592	0.0
593	0.0
594	0.0
595	0.0
596	0.0
597	0.0
598	0.0
599	0.0
600	0.0
601	0.0
602	0.0
603	0.0
604	0.0
605	0.0
606	0.0
607	0.0
608	0.0
609	0.0
610	0.0
611	0.0
612	0.0
613	0.0
614	0.0
615	0.0
616	0.0
617	0.0
618	0.0
619	0.0
620	0.0
621	0.0
622	0.0
623	0.0
624	0.0
625	0.0
626	0.0
627	0.0
628	0.0
629	0.0
630	0.0
631	0.0
632	0.0
633	0.0
634	0.0
635	0.0
636	0.0
637	0.0
638	0.0
639	0.0
640	0.0
641	0.0
642	0.0
643	0.0
644	0.0
645	0.0
646	0.0
647	0.0
648	0.0
649	0.0
650	0.0
651	0.0
652	0.0
653	0.0
654	0.0
655	0.0
656	0.0
657	0.0
658	0.0
659	0.0
660	0.0
661	0.0
662	0.0
663	0.0
664	0.0
665	0.0
666	0.0
667	0.0
668	0.0
669	0.0
670	0.0
671	0.0
672	0.0
673	0.0
674	0.0
675	0.0
676	0.0
677	0.0
678	0.0
679	0.0
680	0.0
681	0.0
682	0.0
683	0.0
684	0.0
685	0.0
686	0.0
687	0.0
688	0.0
689	0.0
690	0.0
691	0.0
692	0.0
693	0.0
694	0.0
695	0.0
696	0.0
697	0.0
698	0.0
699	0.0
700	0.0
701	0.0
702	0.0
703	0.0
704	0.0
705	0.0
706	0.0
707	0.0
708	0.0
709	0.0
710	0.0
711	0.0
712	0.0
713	0.0
714	0.0
715	0.0
716	0.0
717	0.0
718	0.0
719	0.0
720	0.0
721	0.0
722	0.0
723	0.0
724	0.0
725	0.0
726	0.0
727	0.0
728	0.0
729	0.0
730	0.0
731	0.0
732	0.0
733	0.0
734	0.0
735	0.0
736	0.0
737	0.0
738	0.0
739	0.0
740	0.0
741	0.0
742	0.0
743	0.0
744	0.0
745	0.0
746	0.0
747	0.0
748	0.0
749	0.0
750	0.0
751	0.0
752	0.0
753	0.0
754	0.0
755	0.0
756	0.0
757	0.0
758	0.0
759	0.0
760	0.0
761	0.0
762	0.0
763	0.0
764	0.0
765	0.0
766	0.0
767	0.0
768	0.0
769	0.0
770	0.0
771	0.0
772	0.0
773	0.0
774	0.0
775	0.0
776	0.0
777	0.0
778	0.0
779	0.0
780	0.0
781	0.0
782	0.0
783	0.0
784	0.0
785	0.0
786	0.0
787	0.0
788	0.0
789	0.0
790	0.0
791	0.0
792	0.0
793	0.0
794	0.0
795	0.0
796	0.0
797	0.0
798	0.0
799	0.0
800	0.0
801	0.0
802	0.0
803	0.0
804	0.0
805	0.0
806	0.0
807	0.0
808	0.0
809	0.0
810	0.0
811	0.0
812	0.0
813	0.0
814	0.0
815	0.0
816	0.0
817	0.0
818	0.0
819	0.0
820	0.0
821	0.0
822	0.0
823	0.0
824	0.0
825	0.0
826	0.0
827	0.0
828	0.0
829	0.0
830	0.0
831	0.0
832	0.0
833	0.0
834	0.0
835	0.0
836	0.0
837	0.0
838	0.0
839	0.0
840	0.0
841	0.0
842	0.0
843	0.0
844	0.0
845	0.0
846	0.0
847	0.0
848	0.0
849	0.0
850	0.0
851	0.0
852	0.0
853	0.0
854	0.0
855	0.0
856	0.0
857	0.0
858	0.0
859	0.0
860	0.0
861	0.0
862	0.0
863	0.0
864	0.0
865	0.0
866	0.0
867	0.0
868	0.0
869	0.0
870	0.0
871	0.0
872	0.0
873	0.0
874	0.0
875	0.0
876	0.0
877	0.0
878	0.0
879	0.0
880	0.0
881	0.0
882	0.0
883	0.0
884	0.0
885	0.0
886	0.0
887	0.0
888	0.0
889	0.0
890	0.0
891	0.0
892	0.0
893	0.0
894	0.0
895	0.0
896	0.0
897	0.0
898	0.0
899	0.0
900	0.0
901	0.0
902	0.0
903	0.0
904	0.0
905	0.0
906	0.0
907	0.0
908	0.0
909	0.0
910	0.0
911	0.0
912	0.0
913	0.0
914	0.0
915	0.0
916	0.0
917	0.0
918	0.0
919	0.0
920	0.0
921	0.0
922	0.0
923	0.0
924	0.0
925	0.0
926	0.0
927	0.0
928	0.0
929	0.0
930	0.0
931	0.0
932	0.0
933	0.0
934	0.0
935	0.0
936	0.0
937	0.0
938	0.0
939	0.0
940	0.0
941	0.0
942	0.0
943	0.0
944	0.0
945	0.0
946	0.0
947	0.0
948	0.0
949	0.0
950	0.0
951	0.0
952	0.0
953	0.0
954	0.0
955	0.0
956	0.0
957	0.0
958	0.0
959	0.0
960	0.0
961	0.0
962	0.0
963	0.0
964	0.0
965	0.0
966	0.0
967	0.0
968	0.0
969	0.0
970	0.0
971	0.0
972	0.0
973	0.0
974	0.0
975	0.0
976	0.0
977	0.0
978	0.0
979	0.0
980	0.0
981	0.0
982	0.0
983	0.0
984	0.0
985	0.0
986	0.0
987	0.0
988	0.0
989	0.0
990	0.0
991	0.0
992	0.0
993	0.0
994	0.0
995	0.0
996	0.0
997	0.0
998	0.0
999	0.0
1000	0.0
1001	0.0
1002	0.0
1003	0.0
1004	0.0
1005	0.0
1006	0.0
1007	0.0
1008	0.0
1009	0.0
1010	0.0
1011	0.0
1012	0.0
1013	0.0
1014	0.0
1015	0.0
1016	0.0
1017	0.0
1018	0.0
1019	0.0
1020	0.0
1021	0.0
1022	0.0
1023	0.0
1024	0.0
1025	0.0
1026	0.0
1027	0.0
1028	0.0
1029	0.0
1030	0.0
1031	0.0
1032	0.0
1033	0.0
1034	0.0
1035	0.0
1036	0.0
1037	0.0
1038	0.0
1039	0.0
1040	0.0
1041	0.0
1042	0.0
1043	0.0
1044	0.0
1045	0.0
1046	0.0
1047	0.0
1048	0.0
1049	0.0
1050	0.0
1051	0.0
1052	0.0
1053	0.0
1054	0.0
1055	0.0
1056	0.0
1057	0.0
1058	0.0
1059	0.0
1060	0.0
1061	0.0
1062	0.0
1063	0.0
1064	0.0
1065	0.0
1066	0.0
1067	0.0
1068	0.0
1069	0.0
1070	0.0
1071	0.0
1072	0.0
1073	0.0
1074	0.0
1075	0.0
1076	0.0
1077	0.0
1078	0.0
1079	0.0
1080	0.0
1081	0.0
1082	0.0
1083	0.0
1084	0.0
1085	0.0
1086	0.0
1087	0.0
1088	0.0
1089	0.0
1090	0.0
1091	0.0
1092	0.0
1093	0.0
1094	0.0
1095	0.0
1096	0.0
1097	0.0
1098	0.0
1099	0.0
1100	0.0
1101	0.0
1102	0.0
1103	0.0
1104	0.0
1105	0.0
1106	0.0
1107	0.0
1108	0.0
1109	0.0
1110	0.0
1111	0.0
1112	0.0
1113	0.0
1114	0.0
1115	0.0
1116	0.0
1117	0.0
1118	0.0
1119	0.0
1120	0.0
1121	0.0
1122	0.0
1123	0.0
1124	0.0
1125	0.0
1126	0.0
1127	0.0
1128	0.0
1129	0.0
1130	0.0
1131	0.0
1132	0.0
1133	0.0
1134	0.0
1135	0.0
1136	0.0
1137	0.0
1138	0.0
1139	0.0
1140	0.0
1141	0.0
1142	0.0
1143	0.0
1144	0.0
1145	0.0
1146	0.0
1147	0.0
1148	0.0
1149	0.0
1150	0.0
1151	0.0
1152	0.0
1153	0.0
1154	0.0
1155	0.0
1156	0.0
1157	0.0
1158	0.0
1159	0.0
1160	0.0
1161	0.0
1162	0.0
1163	0.0
1164	0.0
1165	0.0
1166	0.0
1167	0.0
1168	0.0
1169	0.0
1170	0.0
1171	0.0
1172	0.0
1173	0.0
1174	0.0
1175	0.0
1176	0.0
1177	0.0
1178	0.0
1179	0.0
1180	0.0
1181	0.0
1182	0.0
1183	0.0
1184	0.0
1185	0.0
1186	0.0
1187	0.0
1188	0.0
1189	0.0
1190	0.0
1191	0.0
1192	0.0
1193	0.0
1194	0.0
1195	0.0
1196	0.0
1197	0.0
1198	0.0
1199	0.0
1200	0.0
1201	0.0
1202	0.0
1203	0.0
1204	0.0
1205	0.0
1206	0.0
1207	0.0
1208	0.0
1209	0.0
1210	0.0
1211	0.0
1212	0.0
1213	0.0
1214	0.0
1215	0.0
1216	0.0
1217	0.0
1218	0.0
1219	0.0
1220	0.0
1221	0.0
1222	0.0
1223	0.0
1224	0.0
1225	0.0
1226	0.0
1227	0.0
1228	0.0
1229	0.0
1230	0.0
1231	0.0
1232	0.0
1233	0.0
1234	0.0
1235	0.0
1236	0.0
1237	0.0
1238	0.0
1239	0.0
1240	0.0
1241	0.0
1242	0.0
1243	0.0
1244	0.0
1245	0.0
1246	0.0
1247	0.0
1248	0.0
1249	0.0
1250	0.0
1251	0.0
1252	0.0
1253	0.0
1254	0.0
1255	0.0
1256	0.0
1257	0.0
1258	0.0
1259	0.0
1260	0.0
1261	0.0
1262	0.0
1263	0.0
1264	0.0
1265	0.0
1266	0.0
1267	0.0
1268	0.0
1269	0.0
1270	0.0
1271	0.0
1272	0.0
1273	0.0
1274	0.0
1275	0.0
1276	0.0
1277	0.0
1278	0.0
1279	0.0
1280	0.0
1281	0.0
1282	0.0
1283	0.0
1284	0.0
1285	0.0
1286	0.0
1287	0.0
1288	0.0
1289	0.0
1290	0.0
1291	0.0
1292	0.0
1293	0.0
1294	0.0
1295	0.0
1296	0.0
1297	0.0
1298	0.0
1299	0.0
1300	0.0
1301	0.0
1302	0.0
1303	0.0
1304	0.0
1305	0.0
1306	0.0
1307	0.0
1308	0.0
1309	0.0
1310	0.0
1311	0.0
1312	0.0
1313	0.0
1314	0.0
1315	0.0
1316	0.0
1317	0.0
1318	0.0
1319	0.0
1320	0.0
1321	0.0
1322	0.0
1323	0.0
1324	0.0
1325	0.0
1326	0.0
1327	0.0
1328	0.0
1329	0.0
1330	0.0
1331	0.0
1332	0.0
1333	0.0
1334	0.0
1335	0.0
1336	0.0
1337	0.0
1338	0.0
1339	0.0
1340	0.0
1341	0.0
1342	0.0
1343	0.0
1344	0.0
1345	0.0
1346	0.0
1347	0.0
1348	0.0
1349	0.0
1350	0.0
1351	0.0
1352	0.0
1353	0.0
1354	0.0
1355	0.0
1356	0.0
1357	0.0
1358	0.0
1359	0.0
1360	0.0
1361	0.0
1362	0.0
1363	0.0
1364	0.0
1365	0.0
1366	0.0
1367	0.0
1368	0.0
1369	0.0
1370	0.0
1371	0.0
1372	0.0
1373	0.0
1374	0.0
1375	0.0
1376	0.0
1377	0.0
1378	0.0
1379	0.0
1380	0.0
1381	0.0
1382	0.0
1383	0.0
1384	0.0
1385	0.0
1386	0.0
1387	0.0
1388	0.0
1389	0.0
1390	0.0
1391	0.0
1392	0.0
1393	0.0
1394	0.0
1395	0.0
1396	0.0
1397	0.0
1398	0.0
1399	0.0
1400	0.0
1401	0.0
1402	0.0
1403	0.0
1404	0.0
1405	0.0
1406	0.0
1407	0.0
1408	0.0
1409	0.0
1410	0.0
1411	0.0
1412	0.0
1413	0.0
1414	0.0
1415	0.0
1416	0.0
1417	0.0
1418	0.0
1419	0.0
1420	0.0
1421	0.0
1422	0.0
1423	0.0
1424	0.0
1425	0.0
1426	0.0
1427	0.0
1428	0.0
1429	0.0
1430	0.0
1431	0.0
1432	0.0
1433	0.0
1434	0.0
1435	0.0
1436	0.0
1437	0.0
1438	0.0
1439	0.0
1440	0.0
1441	0.0
1442	0.0
1443	0.0
1444	0.0
1445	0.0
1446	0.0
1447	0.0
1448	0.0
1449	0.0
1450	0.0
1451	0.0
1452	0.0
1453	0.0
1454	0.0
1455	0.0
1456	0.0
1457	0.0
1458	0.0
1459	0.0
1460	0.0
1461	0.0
1462	0.0
1463	0.0
1464	0.0
1465	0.0
1466	0.0
1467	0.0
1468	0.0
1469	0.0
1470	0.0
1471	0.0
1472	0.0
1473	0.0
1474	0.0
1475	0.0
1476	0.0
1477	0.0
1478	0.0
1479	0.0
1480	0.0
1481	0.0
1482	0.0
1483	0.0
1484	0.0
1485	0.0
1486	0.0
1487	0.0
1488	0.0
1489	0.0
1490	0.0
1491	0.0
1492	0.0
1493	0.0
1494	0.0
1495	0.0
1496	0.0
1497	0.0
1498	0.0
1499	0.0
1500	0.0
1501	0.0
1502	0.0
1503	0.0
1504	0.0
1505	0.0
1506	0.0
1507	0.0
1508	0.0
1509	0.0
1510	0.0
1511	0.0
1512	0.0
1513	0.0
1514	0.0
1515	0.0
1516	0.0
1517	0.0
1518	0.0
1519	0.0
1520	0.0
1521	0.0
1522	0.0
1523	0.0
1524	0.0
1525	0.0
1526	0.0
1527	0.0
1528	0.0
1529	0.0
1530	0.0
1531	0.0
1532	0.0
1533	0.0
1534	0.0
1535	0.0
1536	0.0
1537	0.0
1538	0.0
1539	0.0
1540	0.0
1541	0.0
1542	0.0
1543	0.0
1544	0.0
1545	0.0
1546	0.0
1547	0.0
1548	0.0
1549	0.0
1550	0.0
1551	0.0
1552	0.0
1553	0.0
1554	0.0
1555	0.0
1556	0.0
1557	0.0
1558	0.0
1559	0.0
1560	0.0
1561	0.0
1562	0.0
1563	0.0
1564	0.0
1565	0.0
1566	0.0
1567	0.0
1568	0.0
1569	0.0
1570	0.0
1571	0.0
1572	0.0
1573	0.0
1574	0.0
1575	0.0
1576	0.0
1577	0.0
1578	0.0
1579	0.0
1580	0.0
1581	0.0
1582	0.0
1583	0.0
1584	0.0
1585	0.0
1586	0.0
1587	0.0
1588	0.0
1589	0.0
1590	0.0
1591	0.0
1592	0.0
1593	0.0
1594	0.0
1595	0.0
1596	0.0
1597	0.0
1598	0.0
1599	0.0
1600	0.0
1601	0.0
1602	0.0
1603	0.0
1604	0.0
1605	0.0
1606	0.0
1607	0.0
1608	0.0
1609	0.0
1610	0.0
1611	0.0
1612	0.0
1613	0.0
1614	0.0
1615	0.0
1616	0.0
1617	0.0
1618	0.0
1619	0.0
1620	0.0
1621	0.0
1622	0.0
1623	0.0
1624	0.0
1625	0.0
1626	0.0
1627	0.0
1628	0.0
1629	0.0
1630	0.0
1631	0.0
1632	0.0
1633	0.0
1634	0.0
1635	0.0
1636	0.0
1637	0.0
1638	0.0
1639	0.0
1640	0.0
1641	0.0
1642	0.0
1643	0.0
1644	0.0
1645	0.0
1646	0.0
1647	0.0
1648	0.0
1649	0.0
1650	0.0
1651	0.0
1652	0.0
1653	0.0
1654	0.0
1655	0.0
1656	0.0
1657	0.0
1658	0.0
1659	0.0
1660	0.0
1661	0.0
1662	0.0
1663	0.0
1664	0.0
1665	0.0
1666	0.0
1667	0.0
1668	0.0
1669	0.0
1670	0.0
1671	0.0
1672	0.0
1673	0.0
1674	0.0
1675	0.0
1676	0.0
1677	0.0
1678	0.0
1679	0.0
1680	0.0
1681	0.0
1682	0.0
1683	0.0
1684	0.0
1685	0.0
1686	0.0
1687	0.0
1688	0.0
1689	0.0
1690	0.0
1691	0.0
1692	0.0
1693	0.0
1694	0.0
1695	0.0
1696	0.0
1697	0.0
1698	0.0
1699	0.0
1700	0.0
1701	0.0
1702	0.0
1703	0.0
1704	0.0
1705	0.0
1706	0.0
1707	0.0
1708	0.0
1709	0.0
1710	0.0
1711	0.0
1712	0.0
1713	0.0
1714	0.0
1715	0.0
1716	0.0
1717	0.0
1718	0.0
1719	0.0
1720	0.0
1721	0.0
1722	0.0
1723	0.0
1724	0.0
1725	0.0
1726	0.0
1727	0.0
1728	0.0
1729	0.0
1730	0.0
1731	0.0
1732	0.0
1733	0.0
1734	0.0
1735	0.0
1736	0.0
1737	0.0
1738	0.0
1739	0.0
1740	0.0
1741	0.0
1742	0.0
1743	0.0
1744	0.0
1745	0.0
1746	0.0
1747	0.0
1748	0.0
1749	0.0
1750	0.0
1751	0.0
1752	0.0
1753	0.0
1754	0.0
1755	0.0
1756	0.0
1757	0.0
1758	0.0
1759	0.0
1760	0.0
1761	0.0
1762	0.0
1763	0.0
1764	0.0
1765	0.0
1766	0.0
1767	0.0
1768	0.0
1769	0.0
1770	0.0
1771	0.0
1772	0.0
1773	0.0
1774	0.0
1775	0.0
1776	0.0
1777	0.0
1778	0.0
1779	0.0
1780	0.0
1781	0.0
1782	0.0
1783	0.0
1784	0.0
1785	0.0
1786	0.0
1787	0.0
1788	0.0
1789	0.0
1790	0.0
1791	0.0
1792	0.0
1793	0.0
1794	0.0
1795	0.0
1796	0.0
1797	0.0
1798	0.0
1799	0.0
1800	0.0
1801	0.0
1802	0.0
1803	0.0
1804	0.0
1805	0.0
1806	0.0
1807	0.0
1808	0.0
1809	0.0
1810	0.0
1811	0.0
1812	0.0
1813	0.0
1814	0.0
1815	0.0
1816	0.0
1817	0.0
1818	0.0
1819	0.0
1820	0.0
1821	0.0
1822	0.0
1823	0.0
1824	0.0
1825	0.0
1826	0.0
1827	0.0
1828	0.0
1829	0.0
1830	0.0
1831	0.0
1832	0.0
1833	0.0
1834	0.0
1835	0.0
1836	0.0
1837	0.0
1838	0.0
1839	0.0
1840	0.0
1841	0.0
1842	0.0
1843	0.0
1844	0.0
1845	0.0
1846	0.0
1847	0.0
1848	0.0
1849	0.0
1850	0.0
1851	0.0
1852	0.0
1853	0.0
1854	0.0
1855	0.0
1856	0.0
1857	0.0
1858	0.0
1859	0.0
1860	0.0
1861	0.0
1862	0.0
1863	0.0
1864	0.0
1865	0.0
1866	0.0
1867	0.0
1868	0.0
1869	0.0
1870	0.0
1871	0.0
1872	0.0
1873	0.0
1874	0.0
1875	0.0
1876	0.0
1877	0.0
1878	0.0
1879	0.0
1880	0.0
1881	0.0
1882	0.0
1883	0.0
1884	0.0
1885	0.0
1886	0.0
1887	0.0
1888	0.0
1889	0.0
1890	0.0
1891	0.0
1892	0.0
1893	0.0
1894	0.0
1895	0.0
1896	0.0
1897	0.0
1898	0.0
1899	0.0
1900	0.0
1901	0.0
1902	0.0
1903	0.0
1904	0.0
1905	0.0
1906	0.0
1907	0.0
1908	0.0
1909	0.0
1910	0.0
1911	0.0
1912	0.0
1913	0.0
1914	0.0
1915	0.0
1916	0.0
1917	0.0
1918	0.0
1919	0.0
1920	0.0
1921	0.0
1922	0.0
1923	0.0
1924	0.0
1925	0.0
1926	0.0
1927	0.0
1928	0.0
1929	0.0
1930	0.0
1931	0.0
1932	0.0
1933	0.0
1934	0.0
1935	0.0
1936	0.0
1937	0.0
1938	0.0
1939	0.0
1940	0.0
1941	0.0
1942	0.0
1943	0.0
1944	0.0
1945	0.0
1946	0.0
1947	0.0
1948	0.0
1949	0.0
1950	0.0
1951	0.0
1952	0.0
1953	0.0
1954	0.0
1955	0.0
1956	0.0
1957	0.0
1958	0.0
1959	0.0
1960	0.0
1961	0.0
1962	0.0
1963	0.0
1964	0.0
1965	0.0
1966	0.0
1967	0.0
1968	0.0
1969	0.0
1970	0.0
1971	0.0
1972	0.0
1973	0.0
1974	0.0
1975	0.0
1976	0.0
1977	0.0
1978	0.0
1979	0.0
1980	0.0
1981	0.0
1982	0.0
1983	0.0
1984	0.0
1985	0.0
1986	0.0
1987	0.0
1988	0.0
1989	0.0
1990	0.0
1991	0.0
1992	0.0
1993	0.0
1994	0.0
1995	0.0
1996	0.0
1997	0.0
1998	0.0
1999	0.0
2000	0.0
2001	0.0
2002	0.0
2003	0.0
2004	0.0
2005	0.0
2006	0.0
2007	0.0
2008	0.0
2009	0.0
2010	0.0
2011	0.0
2012	0.0
2013	0.0
2014	0.0
2015	0.0
2016	0.0
2017	0.0
2018	0.0
2019	0.0
2020	0.0
2021	0.0
2022	0.0
2023	0.0
2024	0.0
2025	0.0
2026	0.0
2027	0.0
2028	0.0
2029	0.0
2030	0.0
2031	0.0
2032	0.0
2033	0.0
2034	0.0
2035	0.0
2036	0.0
2037	0.0
2038	0.0
2039	0.0
2040	0.0
2041	0.0
2042	0.0
2043	0.0
2044	0.0
2045	0.0
2046	0.0
2047	0.0
2048	0.0
2049	0.0
2050	0.0
2051	0.0
2052	0.0
2053	0.0
2054	0.0
2055	0.0
2056	0.0
2057	0.0
2058	0.0
2059	0.0
2060	0.0
2061	0.0
2062	0.0
2063	0.0
2064	0.0
2065	0.0
2066	0.0
2067	0.0
2068	0.0
2069	0.0
2070	0.0
2071	0.0
2072	0.0
2073	0.0
2074	0.0
2075	0.0
2076	0.0
2077	0.0
2078	0.0
2079	0.0
2080	0.0
2081	0.0
2082	0.0
2083	0.0
2084	0.0
2085	0.0
2086	0.0
2087	0.0
2088	0.0
2089	0.0
2090	0.0
2091	0.0
2092	0.0
2093	0.0
2094	0.0
2095	0.0
2096	0.0
2097	0.0
2098	0.0
2099	0.0
2100	0.0
2101	0.0
2102	0.0
2103	0.0
2104	0.0
2105	0.0
2106	0.0
2107	0.0
2108	0.0
2109	0.0
2110	0.0
2111	0.0
2112	0.0
2113	0.0
2114	0.0
2115	0.0
2116	0.0
2117	0.0
2118	0.0
2119	0.0
2120	0.0
2121	0.0
2122	0.0
2123	0.0
2124	0.0
2125	0.0
2126	0.0
2127	0.0
2128	0.0
2129	0.0
2130	0.0
2131	0.0
2132	0.0
2133	0.0
2134	0.0
2135	0.0
2136	0.0
2137	0.0
2138	0.0
2139	0.0
2140	0.0
2141	0.0
2142	0.0
2143	0.0
2144	0.0
2145	0.0
2146	0.0
2147	0.0
2148	0.0
2149	0.0
2150	0.0
2151	0.0
2152	0.0
2153	0.0
2154	0.0
2155	0.0
2156	0.0
2157	0.0
2158	0.0
2159	0.0
2160	0.0
2161	0.0
2162	0.0
2163	0.0
2164	0.0
2165	0.0
2166	0.0
2167	0.0
2168	0.0
2169	0.0
2170	0.0
2171	0.0
2172	0.0
2173	0.0
2174	0.0
2175	0.0
2176	0.0
2177	0.0
2178	0.0
2179	0.0
2180	0.0
2181	0.0
2182	0.0
2183	0.0
2184	0.0
2185	0.0
2186	0.0
2187	0.0
2188	0.0
2189	0.0
2190	0.0
2191	0.0
2192	0.0
2193	0.0
2194	0.0
2195	0.0
2196	0.0
2197	0.0
2198	0.0
2199	0.0
2200	0.0
2201	0.0
2202	0.0
2203	0.0
2204	0.0
2205	0.0
2206	0.0
2207	0.0
2208	0.0
2209	0.0
2210	0.0
2211	0.0
2212	0.0
2213	0.0
2214	0.0
2215	0.0
2216	0.0
2217	0.0
2218	0.0
2219	0.0
2220	0.0
2221	0.0
2222	0.0
2223	0.0
2224	0.0
2225	0.0
2226	0.0
2227	0.0
2228	0.0
2229	0.0
2230	0.0
2231	0.0
2232	0.0
2233	0.0
2234	0.0
2235	0.0
2236	0.0
2237	0.0
2238	0.0
2239	0.0
2240	0.0
2241	0.0
2242	0.0
2243	0.0
2244	0.0
2245	0.0
2246	0.0
2247	0.0
2248	0.0
2249	0.0
2250	0.0
2251	0.0
2252	0.0
2253	0.0
2254	0.0
2255	0.0
2256	0.0
2257	0.0
2258	0.0
2259	0.0
2260	0.0
2261	0.0
2262	0.0
2263	0.0
2264	0.0
2265	0.0
2266	0.0
2267	0.0
2268	0.0
2269	0.0
2270	0.0
2271	0.0
2272	0.0
2273	0.0
2274	0.0
2275	0.0
2276	0.0
2277	0.0
2278	0.0
2279	0.0
2280	0.0
2281	0.0
2282	0.0
2283	0.0
2284	0.0
2285	0.0
2286	0.0
2287	0.0
2288	0.0
2289	0.0
2290	0.0
2291	0.0
2292	0.0
2293	0.0
2294	0.0
2295	0.0
2296	0.0
2297	0.0
2298	0.0
2299	0.0
2300	0.0
2301	0.0
2302	0.0
2303	0.0
2304	0.0
2305	0.0
2306	0.0
2307	0.0
2308	0.0
2309	0.0
2310	0.0
2311	0.0
2312	0.0
2313	0.0
2314	0.0
2315	0.0
2316	0.0
2317	0.0
2318	0.0
2319	0.0
2320	0.0
2321	0.0
2322	0.0
2323	0.0
2324	0.0
2325	0.0
2326	0.0
2327	0.0
2328	0.0
2329	0.0
2330	0.0
2331	0.0
2332	0.0
2333	0.0
2334	0.0
2335	0.0
2336	0.0
2337	0.0
2338	0.0
2339	0.0
2340	0.0
2341	0.0
2342	0.0
2343	0.0
2344	0.0
2345	0.0
2346	0.0
2347	0.0
2348	0.0
2349	0.0
2350	0.0
2351	0.0
2352	0.0
2353	0.0
2354	0.0
2355	0.0
2356	0.0
2357	0.0
2358	0.0
2359	0.0
2360	0.0
2361	0.0
2362	0.0
2363	0.0
2364	0.0
2365	0.0
2366	0.0
2367	0.0
2368	0.0
2369	0.0
2370	0.0
2371	0.0
2372	0.0
2373	0.0
2374	0.0
2375	0.0
2376	0.0
2377	0.0
2378	0.0
2379	0.0
2380	0.0
2381	0.0
2382	0.0
2383	0.0
2384	0.0
2385	0.0
2386	0.0
2387	0.0
2388	0.0
2389	0.0
2390	0.0
2391	0.0
2392	0.0
2393	0.0
2394	0.0
2395	0.0
2396	0.0
2397	0.0
2398	0.0
2399	0.0
2400	0.0
2401	0.0
2402	0.0
2403	0.0
2404	0.0
2405	0.0
2406	0.0
2407	0.0
2408	0.0
2409	0.0
2410	0.0
2411	0.0
2412	0.0
2413	0.0
2414	0.0
2415	0.0
2416	0.0
2417	0.0
2418	0.0
2419	0.0
2420	0.0
2421	0.0
2422	0.0
2423	0.0
2424	0.0
2425	0.0
2426	0.0
2427	0.0
2428	0.0
2429	0.0
2430	0.0
2431	0.0
2432	0.0
2433	0.0
2434	0.0
2435	0.0
2436	0.0
2437	0.0
2438	0.0
2439	0.0
2440	0.0
2441	0.0
2442	0.0
2443	0.0
2444	0.0
2445	0.0
2446	0.0
2447	0.0
2448	0.0
2449	0.0
2450	0.0
2451	0.0
2452	0.0
2453	0.0
2454	0.0
2455	0.0
2456	0.0
2457	0.0
2458	0.0
2459	0.0
2460	0.0
2461	0.0
2462	0.0
2463	0.0
2464	0.0
2465	0.0
2466	0.0
2467	0.0
2468	0.0
2469	0.0
2470	0.0
2471	0.0
2472	0.0
2473	0.0
2474	0.0
2475	0.0
2476	0.0
2477	0.0
2478	0.0
2479	0.0
2480	0.0
2481	0.0
2482	0.0
2483	0.0
2484	0.0
2485	0.0
2486	0.0
2487	0.0
2488	0.0
2489	0.0
2490	0.0
2491	0.0
2492	0.0
2493	0.0
2494	0.0
2495	0.0
2496	0.0
2497	0.0
2498	0.0
2499	0.0
2500	0.0
