k	pvalue
0	0.9999999999999138
1	0.9999999996688763
2	0.9999999933605669
3	0.9999999324123011
4	0.9999995344954538
5	0.9999975602551715
6	0.9999896231143078
7	0.9999626970535073
8	0.9998834418239705
9	0.9996768759324016
10	0.9991927200927951
11	0.9981597457997463
12	0.996133795335012
13	0.992451617869043
14	0.9862078626827674
15	0.9762735848298781
16	0.9613694018762557
17	0.9401950332345783
18	0.9116019477418849
19	0.8747817128557859
20	0.8294341414024746
21	0.7758796914799547
22	0.7150902176785953
23	0.64862856441892
24	0.5785060909824002
25	0.5069830693701941
26	0.436346224619697
27	0.3686988958173149
28	0.3057931253016609
29	0.24892192253484424
30	0.19887723836337612
31	0.15596781336536442
32	0.12008306404290053
33	0.09078534999236917
34	0.06741302750259598
35	0.04917961053968331
36	0.03525880941603311
37	0.024849969140561527
38	0.01722257588904295
39	0.01174154064531802
40	0.007876773814190084
41	0.0052012696201187885
42	0.003381803833431347
43	0.002165729218650856
44	0.0013665107082838097
45	0.0008497847307014956
46	0.0005209821142062516
47	0.00031497977576577606
48	0.00018785089668942742
49	0.0001105442485396028
50	6.420510295367368e-05
51	3.6815304966305544e-05
52	2.0846079527292002e-05
53	1.1659124715436478e-05
54	6.442557948403231e-06
55	3.518063644319723e-06
56	1.8988957729695728e-06
57	1.0133203996237617e-06
58	5.34729241281337e-07
59	2.790956382102346e-07
60	1.44109265798456e-07
61	7.362675500396808e-08
62	3.722776299032351e-08
63	1.863227694333179e-08
64	9.232311646540705e-09
65	4.5297690941937975e-09
66	2.201081414690517e-09
67	1.0594045071846278e-09
68	5.051523563034403e-10
69	2.3866296288974227e-10
70	1.11741648083766e-10
71	5.18532531711132e-11
72	2.385226150408459e-11
73	1.0877666982066968e-11
74	4.9187299924865e-12
75	2.2056573098007547e-12
76	9.809484801228922e-13
77	4.3274421523376295e-13
78	1.893850267540233e-13
79	8.223189880341325e-14
80	3.542949807337238e-14
81	1.5148446523717598e-14
82	6.4283097599570116e-15
83	2.7076784250478402e-15
84	1.1321756372015173e-15
85	4.699922407033861e-16
86	1.9371818375915764e-16
87	7.928563780206766e-17
88	3.222580003812649e-17
89	1.3008810339004564e-17
90	5.215967162690978e-18
91	2.077463016462548e-18
92	8.219962808671862e-19
93	3.2313244305738197e-19
94	1.2621200666475854e-19
95	4.8985169144106625e-20
96	1.889322285053413e-20
97	7.241989471697968e-21
98	2.759003947438063e-21
99	1.0447703141546868e-21
100	3.9327305392475116e-22
101	1.471643282003535e-22
102	5.474889973535041e-23
103	2.0250771959675804e-23
104	7.447823388470227e-24
105	2.723744843330217e-24
106	9.905578210248484e-25
107	3.582581991242098e-25
108	1.288668878547619e-25
109	4.610424454328951e-26
110	1.64066461105481e-26
111	5.8076777173674445e-27
112	2.0450926491704844e-27
113	7.164316505065566e-28
114	2.496956032726651e-28
115	8.658526609778421e-29
116	2.9874197510778903e-29
117	1.0256269214811801e-29
118	3.50384462216835e-30
119	1.1911966986940857e-30
120	4.0301935252483045e-31
121	1.3570388555459077e-31
122	4.5478113556115747e-32
123	1.5169659512334972e-32
124	5.036531578160288e-33
125	1.6645175903444108e-33
126	5.476016470655438e-34
127	1.7934064825287682e-34
128	5.847202632750288e-35
129	1.8979748378292455e-35
130	6.13370420902977e-36
131	1.973613738551799e-36
132	6.323026993210053e-37
133	2.0171015774954066e-37
134	6.407467272890096e-38
135	2.0268270330719158e-38
136	6.384606727701373e-39
137	2.0028758867112837e-39
138	6.257363011153589e-40
139	1.946977117099034e-40
140	6.033607395216137e-41
141	1.8623196989774408e-41
142	5.72540845013565e-42
143	1.7532651289469413e-42
144	5.34799774637501e-43
145	1.624990176029497e-43
146	4.91857573306814e-44
147	1.4830987725641115e-44
148	4.455081661413113e-45
149	1.333241240783146e-45
150	3.97504170910667e-46
151	1.1807738828368558e-46
152	3.494587495005681e-47
153	1.0304835984827651e-47
154	3.027707471902164e-48
155	8.863921697357267e-49
156	2.585761208677575e-49
157	7.516447002794403e-50
158	2.177255880578567e-50
159	6.284777181837393e-51
160	1.8078589095768336e-51
161	5.182555510064994e-52
162	1.4806027952223728e-52
163	4.215592167949606e-53
164	1.1962284820973103e-53
165	3.38310266700304e-54
166	9.5361161181282e-55
167	2.6791244517634093e-55
168	7.502202920297444e-56
169	2.0939616022511886e-56
170	5.825616711129321e-57
171	1.6155394282307602e-57
172	4.465856120218955e-58
173	1.2305870282815265e-58
174	3.38025287155754e-59
175	9.25601381974285e-60
176	2.526651390874469e-60
177	6.875774916786559e-61
178	1.8653542923020236e-61
179	5.045132932606255e-62
180	1.3603906681208371e-62
181	3.657147371289e-63
182	9.802052010508689e-64
183	2.619359475914982e-64
184	6.978860285541005e-65
185	1.853927908211771e-65
186	4.910522030761745e-66
187	1.296869928606317e-66
188	3.415123943729615e-67
189	8.96736984378026e-68
190	2.347899130786199e-68
191	6.129945612624711e-69
192	1.5958925461974521e-69
193	4.1431192262923684e-70
194	1.0725926426963922e-70
195	2.769061171416994e-71
196	7.12897867059041e-72
197	1.8303144419122626e-72
198	4.6863448325912414e-73
199	1.1966285587694513e-73
200	3.0472454557350838e-74
201	7.73899842195234e-75
202	1.9601871744405172e-75
203	4.951672824057823e-76
204	1.2475387092167914e-76
205	3.1347998455073677e-77
206	7.856429921424764e-78
207	1.9638403321086256e-78
208	4.896191828498443e-79
209	1.2175525953585855e-79
210	3.0199501183351446e-80
211	7.471368456651059e-81
212	1.8437177490550673e-81
213	4.5382467516929054e-82
214	1.1142601290398971e-82
215	2.7289480117412173e-83
216	6.666830772662654e-84
217	1.6246669733646207e-84
218	3.949437281250446e-85
219	9.577169646461789e-86
220	2.316729426853752e-86
221	5.590551558420499e-87
222	1.3457989485918252e-87
223	3.231891879748836e-88
224	7.74264677342736e-89
225	1.8504735309779325e-89
226	4.412064848248789e-90
227	1.0494728266747603e-90
228	2.4904365643811e-91
229	5.896025723156078e-92
230	1.3926033397745334e-92
231	3.2815891178754933e-93
232	7.714968643904462e-94
233	1.809596544736109e-94
234	4.2347850934411456e-95
235	9.88751981135897e-96
236	2.303318718469985e-96
237	5.353473400553281e-97
238	1.2414705541622148e-97
239	2.8725033059002593e-98
240	6.631505404086208e-99
241	1.5275494959149548e-99
242	3.510864617554485e-100
243	8.051420686514191e-101
244	1.842360341891014e-101
245	4.206531966427682e-102
246	9.583524783309713e-103
247	2.1786209184041084e-103
248	4.941937128217171e-104
249	1.1186022774976818e-104
250	2.5265091287867396e-105
251	5.694248953796955e-106
252	1.2806372140235918e-106
253	2.8740447130800776e-107
254	6.4363888126565696e-108
255	1.4383876633645448e-108
256	3.2077321795150635e-109
257	7.138586693095013e-110
258	1.585337896199879e-110
259	3.51342233937736e-111
260	7.7703611766861535e-112
261	1.7149749022831377e-112
262	3.7773167213970363e-113
263	8.302739779873222e-114
264	1.821273375112794e-114
265	3.987014370676712e-115
266	8.710491228729347e-116
267	1.899165814330513e-116
268	4.1324888167418645e-117
269	8.974126854296218e-118
270	1.9449460373554418e-118
271	4.2068868943491476e-119
272	9.08144815802467e-120
273	1.9565610857137897e-120
274	4.207060504109295e-121
275	9.02846944479146e-122
276	1.9337596548868634e-122
277	4.133774472834196e-123
278	8.819620391620047e-124
279	1.8780827335383697e-124
280	3.991573389396311e-125
281	8.467221541290246e-126
282	1.7927013393915484e-126
283	3.7883314050099985e-127
284	7.9903122135943e-128
285	1.682124114737489e-128
286	3.5345452246313635e-129
287	7.412982250154139e-130
288	1.5518114767833518e-130
289	3.2424567260875553e-131
290	6.762406509106298e-132
291	1.4077411951871447e-132
292	2.9251046522440166e-133
293	6.066798937983363e-134
294	1.2559719509998082e-134
295	2.595403845836436e-135
296	5.353491416619523e-136
297	1.1022469858084623e-136
298	2.2653370599680183e-137
299	4.6473061078358554e-138
300	9.516706757239634e-139
301	1.945321798142229e-139
302	3.9693368616595728e-140
303	8.084786592582394e-141
304	1.6437872434355834e-141
305	3.3361949173649774e-142
306	6.7590910660284455e-143
307	1.3669685949447304e-143
308	2.759716075796189e-144
309	5.561707540856368e-145
310	1.1189018823723554e-145
311	2.247078213247023e-146
312	4.504938852916038e-147
313	9.01584259439772e-148
314	1.8012442810313876e-148
315	3.592443371664751e-149
316	7.152541737267788e-150
317	1.421628559131131e-150
318	2.82078019836673e-151
319	5.587426256134494e-152
320	1.104881955106484e-152
321	2.1811399238861387e-153
322	4.2984985015697697e-154
323	8.457025864297681e-155
324	1.6610709001647104e-155
325	3.257094083762495e-156
326	6.375966628270482e-157
327	1.2460553252992234e-157
328	2.431118457884529e-158
329	4.735374729429928e-159
330	9.2083949404764e-160
331	1.7877088082293646e-160
332	3.4649324203870397e-161
333	6.704706616053799e-162
334	1.2952502120964039e-162
335	2.498148761289164e-163
336	4.8103368158631735e-164
337	9.247557983147949e-165
338	1.7749038622724001e-165
339	3.401109351182022e-166
340	6.506780072509103e-167
341	1.2428342159053764e-167
342	2.3700830882143295e-168
343	4.5125183670290974e-169
344	8.577903697622614e-170
345	1.6279904062056147e-170
346	3.0848405046748466e-171
347	5.836137040551907e-172
348	1.1023812646593738e-172
349	2.078994847585727e-173
350	3.914640712515628e-174
351	7.359510980671678e-175
352	1.381421453965195e-175
353	2.5889594582272837e-176
354	4.844486282462085e-177
355	9.050972411622665e-178
356	1.688376786916762e-178
357	3.144645577876096e-179
358	5.847952101824245e-180
359	1.0858435031937483e-180
360	2.0130916317614781e-181
361	3.726441113759912e-182
362	6.887489052374805e-183
363	1.2710570270884628e-183
364	2.3421144415176637e-184
365	4.3091503284392935e-185
366	7.916206615661416e-186
367	1.4520648577098462e-186
368	2.659498763274777e-187
369	4.863623071470759e-188
370	8.88112152209175e-189
371	1.6192911304222249e-189
372	2.948035506616647e-190
373	5.35910848330855e-191
374	9.727603503233261e-192
375	1.763088222732863e-192
376	3.1907919631411344e-193
377	5.766078834482682e-194
378	1.040451101556813e-194
379	1.8746627374572094e-195
380	3.37276705412451e-196
381	6.059162755504526e-197
382	1.0869343064356873e-197
383	1.9469720103042574e-198
384	3.4824362229726763e-199
385	6.21977960830498e-200
386	1.10926799597246e-200
387	1.9754631148647715e-201
388	3.512963249208074e-202
389	6.23809239926598e-203
390	1.1061264655144472e-203
391	1.9585461386174237e-204
392	3.4629013947797063e-205
393	6.1139936366884e-206
394	1.07792765459646e-206
395	1.8977336055738083e-207
396	3.3362847112703393e-208
397	5.856988854941983e-209
398	1.0267632834435875e-209
399	1.7974304719263353e-210
400	3.142106470895965e-211
401	5.485016061212188e-212
402	9.561461803045536e-213
403	1.6644135282108888e-213
404	2.8932761812005025e-214
405	5.022401308563688e-215
406	8.706165972923188e-216
407	1.5070845671967858e-216
408	2.6052210847726573e-217
409	4.4972699005599406e-218
410	7.752679742230424e-219
411	1.334609986977556e-219
412	2.2943392543656232e-220
413	3.93878918664474e-221
414	6.752595965705536e-222
415	1.1560664652778279e-222
416	1.9765141596980154e-223
417	3.3746070930105926e-224
418	5.753786234725034e-225
419	9.796986540527014e-226
420	1.6658681766719915e-226
421	2.8287797169934043e-227
422	4.796992533869351e-228
423	8.123653738842886e-229
424	1.3738750590308507e-229
425	2.320371751612984e-230
426	3.9136628362212335e-231
427	6.592129998461502e-232
428	1.1088827722246639e-232
429	1.862790538710293e-233
430	3.125085578264875e-234
431	5.2357667899864594e-235
432	8.760323416444353e-236
433	1.4638022977355766e-236
434	2.4426886515816346e-237
435	4.070785055434989e-238
436	6.775066308811266e-239
437	1.126095441083314e-239
438	1.8692356967184388e-240
439	3.0987110887804195e-241
440	5.130116099958417e-242
441	8.48209859278998e-243
442	1.4005879187595548e-243
443	2.3096665757738278e-244
444	3.803828855795848e-245
445	6.256426105304358e-246
446	1.027699731103204e-246
447	1.685938136339232e-247
448	2.76218896020748e-248
449	4.519624767468429e-249
450	7.385663199389474e-250
451	1.2053567878621605e-250
452	1.9646337776243156e-251
453	3.198072685065099e-252
454	5.1992014935762955e-253
455	8.44165147457171e-254
456	1.3688677363183296e-254
457	2.2168673308693515e-255
458	3.585608809565378e-256
459	5.792045059205488e-257
460	9.34431803408844e-258
461	1.5056040383497818e-258
462	2.422826039513408e-259
463	3.8938822399661144e-260
464	6.250191521333521e-261
465	1.00196967291299e-261
466	1.6042327221010922e-262
467	2.5652665937487026e-263
468	4.0968567244021204e-264
469	6.534659633238028e-265
470	1.0409979584920628e-265
471	1.656274346810987e-266
472	2.6319094340190656e-267
473	4.1770208813121997e-268
474	6.620947738409012e-269
475	1.0481712535577819e-269
476	1.6573096559603306e-270
477	2.617189458620899e-271
478	4.1278841561172625e-272
479	6.502515899194981e-273
480	1.0230519102397036e-273
481	1.6075962441645179e-274
482	2.523016518125487e-275
483	3.954829215627495e-276
484	6.191567741676161e-277
485	9.681429814207118e-278
486	1.5119765985110532e-278
487	2.358403156244923e-279
488	3.6741691430397726e-280
489	5.717011557161334e-281
490	8.884817753261945e-282
491	1.3791077703413386e-282
492	2.1380546878175119e-283
493	3.3106329047040156e-284
494	5.120065840884376e-285
495	7.908844716440193e-286
496	1.2201808802937237e-286
497	1.8802245651949412e-287
498	2.893811524057014e-288
499	4.44842673526397e-289
500	6.829973029334343e-290
501	1.0473902883367312e-290
502	1.604263719329232e-291
503	2.4542641341060627e-292
504	3.7501255682489635e-293
505	5.7233451371028125e-294
506	8.724374977239421e-295
507	1.3283105192102498e-295
508	2.0199770640230812e-296
509	3.068141857489994e-297
510	4.654652181304978e-298
511	7.053139270753619e-299
512	1.06748488756104e-299
513	1.6137107100347292e-300
514	2.4365476763807358e-301
515	3.674599786419524e-302
516	5.535179208861417e-303
517	8.327994750001061e-304
518	1.2515174744692453e-304
519	1.8785454706120617e-305
520	2.8164070383814224e-306
521	4.217534454408999e-307
522	6.308294451422833e-308
523	9.424448825227528e-309
524	1.406342932393193e-309
525	2.09613070997676e-310
526	3.1205986464746e-311
527	4.64034718037e-312
528	6.89217996804e-313
529	1.022484864e-313
530	1.5151369033e-314
531	2.24255001e-315
532	3.3153412e-316
533	4.895654e-317
534	7.22088e-318
535	1.063817e-318
536	1.56545e-319
537	2.301e-320
538	3.38e-321
539	4.94e-322
540	7.4e-323
541	1e-323
542	0.0
543	0.0
544	0.0
545	0.0
546	0.0
547	0.0
548	0.0
549	0.0
550	0.0
551	0.0
552	0.0
553	0.0
554	0.0
555	0.0
556	0.0
557	0.0
558	0.0
559	0.0
560	0.0
561	0.0
562	0.0
563	0.0
564	0.0
565	0.0
566	0.0
567	0.0
568	0.0
569	0.0
570	0.0
571	0.0
572	0.0
573	0.0
574	0.0
575	0.0
576	0.0
577	0.0
578	0.0
579	0.0
580	0.0
581	0.0
582	0.0
583	0.0
584	0.0
585	0.0
586	0.0
587	0.0
588	0.0
589	0.0
590	0.0
591	0.0
592	0.0
593	0.0
594	0.0
595	0.0
596	0.0
597	0.0
598	0.0
599	0.0
600	0.0
601	0.0
602	0.0
603	0.0
604	0.0
605	0.0
606	0.0
607	0.0
608	0.0
609	0.0
610	0.0
611	0.0
612	0.0
613	0.0
614	0.0
615	0.0
616	0.0
617	0.0
618	0.0
619	0.0
620	0.0
621	0.0
622	0.0
623	0.0
624	0.0
625	0.0
626	0.0
627	0.0
628	0.0
629	0.0
630	0.0
631	0.0
632	0.0
633	0.0
634	0.0
635	0.0
636	0.0
637	0.0
638	0.0
639	0.0
640	0.0
641	0.0
642	0.0
643	0.0
644	0.0
645	0.0
646	0.0
647	0.0
648	0.0
649	0.0
650	0.0
651	0.0
652	0.0
653	0.0
654	0.0
655	0.0
656	0.0
657	0.0
658	0.0
659	0.0
660	0.0
661	0.0
662	0.0
663	0.0
664	0.0
665	0.0
666	0.0
667	0.0
668	0.0
669	0.0
670	0.0
671	0.0
672	0.0
673	0.0
674	0.0
675	0.0
676	0.0
677	0.0
678	0.0
679	0.0
680	0.0
681	0.0
682	0.0
683	0.0
684	0.0
685	0.0
686	0.0
687	0.0
688	0.0
689	0.0
690	0.0
691	0.0
692	0.0
693	0.0
694	0.0
695	0.0
696	0.0
697	0.0
698	0.0
699	0.0
700	0.0
701	0.0
702	0.0
703	0.0
704	0.0
705	0.0
706	0.0
707	0.0
708	0.0
709	0.0
710	0.0
711	0.0
712	0.0
713	0.0
714	0.0
715	0.0
716	0.0
717	0.0
718	0.0
719	0.0
720	0.0
721	0.0
722	0.0
723	0.0
724	0.0
725	0.0
726	0.0
727	0.0
728	0.0
729	0.0
730	0.0
731	0.0
732	0.0
733	0.0
734	0.0
735	0.0
736	0.0
737	0.0
738	0.0
739	0.0
740	0.0
741	0.0
742	0.0
743	0.0
744	0.0
745	0.0
746	0.0
747	0.0
748	0.0
749	0.0
750	0.0
751	0.0
752	0.0
753	0.0
754	0.0
755	0.0
756	0.0
757	0.0
758	0.0
759	0.0
760	0.0
761	0.0
762	0.0
763	0.0
764	0.0
765	0.0
766	0.0
767	0.0
768	0.0
769	0.0
770	0.0
771	0.0
772	0.0
773	0.0
774	0.0
775	0.0
776	0.0
777	0.0
778	0.0
779	0.0
780	0.0
781	0.0
782	0.0
783	0.0
784	0.0
785	0.0
786	0.0
787	0.0
788	0.0
789	0.0
790	0.0
791	0.0
792	0.0
793	0.0
794	0.0
795	0.0
796	0.0
797	0.0
798	0.0
799	0.0
800	0.0
801	0.0
802	0.0
803	0.0
804	0.0
805	0.0
806	0.0
807	0.0
808	0.0
809	0.0
810	0.0
811	0.0
812	0.0
813	0.0
814	0.0
815	0.0
816	0.0
817	0.0
818	0.0
819	0.0
820	0.0
821	0.0
822	0.0
823	0.0
824	0.0
825	0.0
826	0.0
827	0.0
828	0.0
829	0.0
830	0.0
831	0.0
832	0.0
833	0.0
834	0.0
835	0.0
836	0.0
837	0.0
838	0.0
839	0.0
840	0.0
841	0.0
842	0.0
843	0.0
844	0.0
845	0.0
846	0.0
847	0.0
848	0.0
849	0.0
850	0.0
851	0.0
852	0.0
853	0.0
854	0.0
855	0.0
856	0.0
857	0.0
858	0.0
859	0.0
860	0.0
861	0.0
862	0.0
863	0.0
864	0.0
865	0.0
866	0.0
867	0.0
868	0.0
869	0.0
870	0.0
871	0.0
872	0.0
873	0.0
874	0.0
875	0.0
876	0.0
877	0.0
878	0.0
879	0.0
880	0.0
881	0.0
882	0.0
883	0.0
884	0.0
885	0.0
886	0.0
887	0.0
888	0.0
889	0.0
890	0.0
891	0.0
892	0.0
893	0.0
894	0.0
895	0.0
896	0.0
897	0.0
898	0.0
899	0.0
900	0.0
901	0.0
902	0.0
903	0.0
904	0.0
905	0.0
906	0.0
907	0.0
908	0.0
909	0.0
910	0.0
911	0.0
912	0.0
913	0.0
914	0.0
915	0.0
916	0.0
917	0.0
918	0.0
919	0.0
920	0.0
921	0.0
922	0.0
923	0.0
924	0.0
925	0.0
926	0.0
927	0.0
928	0.0
929	0.0
930	0.0
931	0.0
932	0.0
933	0.0
934	0.0
935	0.0
936	0.0
937	0.0
938	0.0
939	0.0
940	0.0
941	0.0
942	0.0
943	0.0
944	0.0
945	0.0
946	0.0
947	0.0
948	0.0
949	0.0
950	0.0
951	0.0
952	0.0
953	0.0
954	0.0
955	0.0
956	0.0
957	0.0
958	0.0
959	0.0
960	0.0
961	0.0
962	0.0
963	0.0
964	0.0
965	0.0
966	0.0
967	0.0
968	0.0
969	0.0
970	0.0
971	0.0
972	0.0
973	0.0
974	0.0
975	0.0
976	0.0
977	0.0
978	0.0
979	0.0
980	0.0
981	0.0
982	0.0
983	0.0
984	0.0
985	0.0
986	0.0
987	0.0
988	0.0
989	0.0
990	0.0
991	0.0
992	0.0
993	0.0
994	0.0
995	0.0
996	0.0
997	0.0
998	0.0
999	0.0
1000	0.0
1001	0.0
1002	0.0
1003	0.0
1004	0.0
1005	0.0
1006	0.0
1007	0.0
1008	0.0
1009	0.0
1010	0.0
1011	0.0
1012	0.0
1013	0.0
1014	0.0
1015	0.0
1016	0.0
1017	0.0
1018	0.0
1019	0.0
1020	0.0
1021	0.0
1022	0.0
1023	0.0
1024	0.0
1025	0.0
1026	0.0
1027	0.0
1028	0.0
1029	0.0
1030	0.0
1031	0.0
1032	0.0
1033	0.0
1034	0.0
1035	0.0
1036	0.0
1037	0.0
1038	0.0
1039	0.0
1040	0.0
1041	0.0
1042	0.0
1043	0.0
1044	0.0
1045	0.0
1046	0.0
1047	0.0
1048	0.0
1049	0.0
1050	0.0
1051	0.0
1052	0.0
1053	0.0
1054	0.0
1055	0.0
1056	0.0
1057	0.0
1058	0.0
1059	0.0
1060	0.0
1061	0.0
1062	0.0
1063	0.0
1064	0.0
1065	0.0
1066	0.0
1067	0.0
1068	0.0
1069	0.0
1070	0.0
1071	0.0
1072	0.0
1073	0.0
1074	0.0
1075	0.0
1076	0.0
1077	0.0
1078	0.0
1079	0.0
1080	0.0
1081	0.0
1082	0.0
1083	0.0
1084	0.0
1085	0.0
1086	0.0
1087	0.0
1088	0.0
1089	0.0
1090	0.0
1091	0.0
1092	0.0
1093	0.0
1094	0.0
1095	0.0
1096	0.0
1097	0.0
1098	0.0
1099	0.0
1100	0.0
1101	0.0
1102	0.0
1103	0.0
1104	0.0
1105	0.0
1106	0.0
1107	0.0
1108	0.0
1109	0.0
1110	0.0
1111	0.0
1112	0.0
1113	0.0
1114	0.0
1115	0.0
1116	0.0
1117	0.0
1118	0.0
1119	0.0
1120	0.0
1121	0.0
1122	0.0
1123	0.0
1124	0.0
1125	0.0
1126	0.0
1127	0.0
1128	0.0
1129	0.0
1130	0.0
1131	0.0
1132	0.0
1133	0.0
1134	0.0
1135	0.0
1136	0.0
1137	0.0
1138	0.0
1139	0.0
1140	0.0
1141	0.0
1142	0.0
1143	0.0
1144	0.0
1145	0.0
1146	0.0
1147	0.0
1148	0.0
1149	0.0
1150	0.0
1151	0.0
1152	0.0
1153	0.0
1154	0.0
1155	0.0
1156	0.0
1157	0.0
1158	0.0
1159	0.0
1160	0.0
1161	0.0
1162	0.0
1163	0.0
1164	0.0
1165	0.0
1166	0.0
1167	0.0
1168	0.0
1169	0.0
1170	0.0
1171	0.0
1172	0.0
1173	0.0
1174	0.0
1175	0.0
1176	0.0
1177	0.0
1178	0.0
1179	0.0
1180	0.0
1181	0.0
1182	0.0
1183	0.0
1184	0.0
1185	0.0
1186	0.0
1187	0.0
1188	0.0
1189	0.0
1190	0.0
1191	0.0
1192	0.0
1193	0.0
1194	0.0
1195	0.0
1196	0.0
1197	0.0
1198	0.0
1199	0.0
1200	0.0
1201	0.0
1202	0.0
1203	0.0
1204	0.0
1205	0.0
1206	0.0
1207	0.0
1208	0.0
1209	0.0
1210	0.0
1211	0.0
1212	0.0
1213	0.0
1214	0.0
1215	0.0
1216	0.0
1217	0.0
1218	0.0
1219	0.0
1220	0.0
1221	0.0
1222	0.0
1223	0.0
1224	0.0
1225	0.0
1226	0.0
1227	0.0
1228	0.0
1229	0.0
1230	0.0
1231	0.0
1232	0.0
1233	0.0
1234	0.0
1235	0.0
1236	0.0
1237	0.0
1238	0.0
1239	0.0
1240	0.0
1241	0.0
1242	0.0
1243	0.0
1244	0.0
1245	0.0
1246	0.0
1247	0.0
1248	0.0
1249	0.0
1250	0.0
1251	0.0
1252	0.0
1253	0.0
1254	0.0
1255	0.0
1256	0.0
1257	0.0
1258	0.0
1259	0.0
1260	0.0
1261	0.0
1262	0.0
1263	0.0
1264	0.0
1265	0.0
1266	0.0
1267	0.0
1268	0.0
1269	0.0
1270	0.0
1271	0.0
1272	0.0
1273	0.0
1274	0.0
1275	0.0
1276	0.0
1277	0.0
1278	0.0
1279	0.0
1280	0.0
1281	0.0
1282	0.0
1283	0.0
1284	0.0
1285	0.0
1286	0.0
1287	0.0
1288	0.0
1289	0.0
1290	0.0
1291	0.0
1292	0.0
1293	0.0
1294	0.0
1295	0.0
1296	0.0
1297	0.0
1298	0.0
1299	0.0
1300	0.0
1301	0.0
1302	0.0
1303	0.0
1304	0.0
1305	0.0
1306	0.0
1307	0.0
1308	0.0
1309	0.0
1310	0.0
1311	0.0
1312	0.0
1313	0.0
1314	0.0
1315	0.0
1316	0.0
1317	0.0
1318	0.0
1319	0.0
1320	0.0
1321	0.0
1322	0.0
1323	0.0
1324	0.0
1325	0.0
1326	0.0
1327	0.0
1328	0.0
1329	0.0
1330	0.0
1331	0.0
1332	0.0
1333	0.0
1334	0.0
1335	0.0
1336	0.0
1337	0.0
1338	0.0
1339	0.0
1340	0.0
1341	0.0
1342	0.0
1343	0.0
1344	0.0
1345	0.0
1346	0.0
1347	0.0
1348	0.0
1349	0.0
1350	0.0
1351	0.0
1352	0.0
1353	0.0
1354	0.0
1355	0.0
1356	0.0
1357	0.0
1358	0.0
1359	0.0
1360	0.0
1361	0.0
1362	0.0
1363	0.0
1364	0.0
1365	0.0
1366	0.0
1367	0.0
1368	0.0
1369	0.0
1370	0.0
1371	0.0
1372	0.0
1373	0.0
1374	0.0
1375	0.0
1376	0.0
1377	0.0
1378	0.0
1379	0.0
1380	0.0
1381	0.0
1382	0.0
1383	0.0
1384	0.0
1385	0.0
1386	0.0
1387	0.0
1388	0.0
1389	0.0
1390	0.0
1391	0.0
1392	0.0
1393	0.0
1394	0.0
1395	0.0
1396	0.0
1397	0.0
1398	0.0
1399	0.0
1400	0.0
1401	0.0
1402	0.0
1403	0.0
1404	0.0
1405	0.0
1406	0.0
1407	0.0
1408	0.0
1409	0.0
1410	0.0
1411	0.0
1412	0.0
1413	0.0
1414	0.0
1415	0.0
1416	0.0
1417	0.0
1418	0.0
1419	0.0
1420	0.0
1421	0.0
1422	0.0
1423	0.0
1424	0.0
1425	0.0
1426	0.0
1427	0.0
1428	0.0
1429	0.0
1430	0.0
1431	0.0
1432	0.0
1433	0.0
1434	0.0
1435	0.0
1436	0.0
1437	0.0
1438	0.0
1439	0.0
1440	0.0
1441	0.0
1442	0.0
1443	0.0
1444	0.0
1445	0.0
1446	0.0
1447	0.0
1448	0.0
1449	0.0
1450	0.0
1451	0.0
1452	0.0
1453	0.0
1454	0.0
1455	0.0
1456	0.0
1457	0.0
1458	0.0
1459	0.0
1460	0.0
1461	0.0
1462	0.0
1463	0.0
1464	0.0
1465	0.0
1466	0.0
1467	0.0
1468	0.0
1469	0.0
1470	0.0
1471	0.0
1472	0.0
1473	0.0
1474	0.0
1475	0.0
1476	0.0
1477	0.0
1478	0.0
1479	0.0
1480	0.0
1481	0.0
1482	0.0
1483	0.0
1484	0.0
1485	0.0
1486	0.0
1487	0.0
1488	0.0
1489	0.0
1490	0.0
1491	0.0
1492	0.0
1493	0.0
1494	0.0
1495	0.0
1496	0.0
1497	0.0
1498	0.0
1499	0.0
1500	0.0
1501	0.0
1502	0.0
1503	0.0
1504	0.0
1505	0.0
1506	0.0
1507	0.0
1508	0.0
1509	0.0
1510	0.0
1511	0.0
1512	0.0
1513	0.0
1514	0.0
1515	0.0
1516	0.0
1517	0.0
1518	0.0
1519	0.0
1520	0.0
1521	0.0
1522	0.0
1523	0.0
1524	0.0
1525	0.0
1526	0.0
1527	0.0
1528	0.0
1529	0.0
1530	0.0
1531	0.0
1532	0.0
1533	0.0
1534	0.0
1535	0.0
1536	0.0
1537	0.0
1538	0.0
1539	0.0
1540	0.0
1541	0.0
1542	0.0
1543	0.0
1544	0.0
1545	0.0
1546	0.0
1547	0.0
1548	0.0
1549	0.0
1550	0.0
1551	0.0
1552	0.0
1553	0.0
1554	0.0
1555	0.0
1556	0.0
1557	0.0
1558	0.0
1559	0.0
1560	0.0
1561	0.0
1562	0.0
1563	0.0
1564	0.0
1565	0.0
1566	0.0
1567	0.0
1568	0.0
1569	0.0
1570	0.0
1571	0.0
1572	0.0
1573	0.0
1574	0.0
1575	0.0
1576	0.0
1577	0.0
1578	0.0
1579	0.0
1580	0.0
1581	0.0
1582	0.0
1583	0.0
1584	0.0
1585	0.0
1586	0.0
1587	0.0
1588	0.0
1589	0.0
1590	0.0
1591	0.0
1592	0.0
1593	0.0
1594	0.0
1595	0.0
1596	0.0
1597	0.0
1598	0.0
1599	0.0
1600	0.0
1601	0.0
1602	0.0
1603	0.0
1604	0.0
1605	0.0
1606	0.0
1607	0.0
1608	0.0
1609	0.0
1610	0.0
1611	0.0
1612	0.0
1613	0.0
1614	0.0
1615	0.0
1616	0.0
1617	0.0
1618	0.0
1619	0.0
1620	0.0
1621	0.0
1622	0.0
1623	0.0
1624	0.0
1625	0.0
1626	0.0
1627	0.0
1628	0.0
1629	0.0
1630	0.0
1631	0.0
1632	0.0
1633	0.0
1634	0.0
1635	0.0
1636	0.0
1637	0.0
1638	0.0
1639	0.0
1640	0.0
1641	0.0
1642	0.0
1643	0.0
1644	0.0
1645	0.0
1646	0.0
1647	0.0
1648	0.0
1649	0.0
1650	0.0
1651	0.0
1652	0.0
1653	0.0
1654	0.0
1655	0.0
1656	0.0
1657	0.0
1658	0.0
1659	0.0
1660	0.0
1661	0.0
1662	0.0
1663	0.0
1664	0.0
1665	0.0
1666	0.0
1667	0.0
1668	0.0
1669	0.0
1670	0.0
1671	0.0
1672	0.0
1673	0.0
1674	0.0
1675	0.0
1676	0.0
1677	0.0
1678	0.0
1679	0.0
1680	0.0
1681	0.0
1682	0.0
1683	0.0
1684	0.0
1685	0.0
1686	0.0
1687	0.0
1688	0.0
1689	0.0
1690	0.0
1691	0.0
1692	0.0
1693	0.0
1694	0.0
1695	0.0
1696	0.0
1697	0.0
1698	0.0
1699	0.0
1700	0.0
1701	0.0
1702	0.0
1703	0.0
1704	0.0
1705	0.0
1706	0.0
1707	0.0
1708	0.0
1709	0.0
1710	0.0
1711	0.0
1712	0.0
1713	0.0
1714	0.0
1715	0.0
1716	0.0
1717	0.0
1718	0.0
1719	0.0
1720	0.0
1721	0.0
1722	0.0
1723	0.0
1724	0.0
1725	0.0
1726	0.0
1727	0.0
1728	0.0
1729	0.0
1730	0.0
1731	0.0
1732	0.0
1733	0.0
1734	0.0
1735	0.0
1736	0.0
1737	0.0
1738	0.0
1739	0.0
1740	0.0
1741	0.0
1742	0.0
1743	0.0
1744	0.0
1745	0.0
1746	0.0
1747	0.0
1748	0.0
1749	0.0
1750	0.0
1751	0.0
1752	0.0
1753	0.0
1754	0.0
1755	0.0
1756	0.0
1757	0.0
1758	0.0
1759	0.0
1760	0.0
1761	0.0
1762	0.0
1763	0.0
1764	0.0
1765	0.0
1766	0.0
1767	0.0
1768	0.0
1769	0.0
1770	0.0
1771	0.0
1772	0.0
1773	0.0
1774	0.0
1775	0.0
1776	0.0
1777	0.0
1778	0.0
1779	0.0
1780	0.0
1781	0.0
1782	0.0
1783	0.0
1784	0.0
1785	0.0
1786	0.0
1787	0.0
1788	0.0
1789	0.0
1790	0.0
1791	0.0
1792	0.0
1793	0.0
1794	0.0
1795	0.0
1796	0.0
1797	0.0
1798	0.0
1799	0.0
1800	0.0
1801	0.0
1802	0.0
1803	0.0
1804	0.0
1805	0.0
1806	0.0
1807	0.0
1808	0.0
1809	0.0
1810	0.0
1811	0.0
1812	0.0
1813	0.0
1814	0.0
1815	0.0
1816	0.0
1817	0.0
1818	0.0
1819	0.0
1820	0.0
1821	0.0
1822	0.0
1823	0.0
1824	0.0
1825	0.0
1826	0.0
1827	0.0
1828	0.0
1829	0.0
1830	0.0
1831	0.0
1832	0.0
1833	0.0
1834	0.0
1835	0.0
1836	0.0
1837	0.0
1838	0.0
1839	0.0
1840	0.0
1841	0.0
1842	0.0
1843	0.0
1844	0.0
1845	0.0
1846	0.0
1847	0.0
1848	0.0
1849	0.0
1850	0.0
1851	0.0
1852	0.0
1853	0.0
1854	0.0
1855	0.0
1856	0.0
1857	0.0
1858	0.0
1859	0.0
1860	0.0
1861	0.0
1862	0.0
1863	0.0
1864	0.0
1865	0.0
1866	0.0
1867	0.0
1868	0.0
1869	0.0
1870	0.0
1871	0.0
1872	0.0
1873	0.0
1874	0.0
1875	0.0
1876	0.0
1877	0.0
1878	0.0
1879	0.0
1880	0.0
1881	0.0
1882	0.0
1883	0.0
1884	0.0
1885	0.0
1886	0.0
1887	0.0
1888	0.0
1889	0.0
1890	0.0
1891	0.0
1892	0.0
1893	0.0
1894	0.0
1895	0.0
1896	0.0
1897	0.0
1898	0.0
1899	0.0
1900	0.0
1901	0.0
1902	0.0
1903	0.0
1904	0.0
1905	0.0
1906	0.0
1907	0.0
1908	0.0
1909	0.0
1910	0.0
1911	0.0
1912	0.0
1913	0.0
1914	0.0
1915	0.0
1916	0.0
1917	0.0
1918	0.0
1919	0.0
1920	0.0
1921	0.0
1922	0.0
1923	0.0
1924	0.0
1925	0.0
1926	0.0
1927	0.0
1928	0.0
1929	0.0
1930	0.0
1931	0.0
1932	0.0
1933	0.0
1934	0.0
1935	0.0
1936	0.0
1937	0.0
1938	0.0
1939	0.0
1940	0.0
1941	0.0
1942	0.0
1943	0.0
1944	0.0
1945	0.0
1946	0.0
1947	0.0
1948	0.0
1949	0.0
1950	0.0
1951	0.0
1952	0.0
1953	0.0
1954	0.0
1955	0.0
1956	0.0
1957	0.0
1958	0.0
1959	0.0
1960	0.0
1961	0.0
1962	0.0
1963	0.0
1964	0.0
1965	0.0
1966	0.0
1967	0.0
1968	0.0
1969	0.0
1970	0.0
1971	0.0
1972	0.0
1973	0.0
1974	0.0
1975	0.0
1976	0.0
1977	0.0
1978	0.0
1979	0.0
1980	0.0
1981	0.0
1982	0.0
1983	0.0
1984	0.0
1985	0.0
1986	0.0
1987	0.0
1988	0.0
1989	0.0
1990	0.0
1991	0.0
1992	0.0
1993	0.0
1994	0.0
1995	0.0
1996	0.0
1997	0.0
1998	0.0
1999	0.0
2000	0.0
2001	0.0
2002	0.0
2003	0.0
2004	0.0
2005	0.0
2006	0.0
2007	0.0
2008	0.0
2009	0.0
2010	0.0
2011	0.0
2012	0.0
2013	0.0
2014	0.0
2015	0.0
2016	0.0
2017	0.0
2018	0.0
2019	0.0
2020	0.0
2021	0.0
2022	0.0
2023	0.0
2024	0.0
2025	0.0
2026	0.0
2027	0.0
2028	0.0
2029	0.0
2030	0.0
2031	0.0
2032	0.0
2033	0.0
2034	0.0
2035	0.0
2036	0.0
2037	0.0
2038	0.0
2039	0.0
2040	0.0
2041	0.0
2042	0.0
2043	0.0
2044	0.0
2045	0.0
2046	0.0
2047	0.0
2048	0.0
2049	0.0
2050	0.0
2051	0.0
2052	0.0
2053	0.0
2054	0.0
2055	0.0
2056	0.0
2057	0.0
2058	0.0
2059	0.0
2060	0.0
2061	0.0
2062	0.0
2063	0.0
2064	0.0
2065	0.0
2066	0.0
2067	0.0
2068	0.0
2069	0.0
2070	0.0
2071	0.0
2072	0.0
2073	0.0
2074	0.0
2075	0.0
2076	0.0
2077	0.0
2078	0.0
2079	0.0
2080	0.0
2081	0.0
2082	0.0
2083	0.0
2084	0.0
2085	0.0
2086	0.0
2087	0.0
2088	0.0
2089	0.0
2090	0.0
2091	0.0
2092	0.0
2093	0.0
2094	0.0
2095	0.0
2096	0.0
2097	0.0
2098	0.0
2099	0.0
2100	0.0
2101	0.0
2102	0.0
2103	0.0
2104	0.0
2105	0.0
2106	0.0
2107	0.0
2108	0.0
2109	0.0
2110	0.0
2111	0.0
2112	0.0
2113	0.0
2114	0.0
2115	0.0
2116	0.0
2117	0.0
2118	0.0
2119	0.0
2120	0.0
2121	0.0
2122	0.0
2123	0.0
2124	0.0
2125	0.0
2126	0.0
2127	0.0
2128	0.0
2129	0.0
2130	0.0
2131	0.0
2132	0.0
2133	0.0
2134	0.0
2135	0.0
2136	0.0
2137	0.0
2138	0.0
2139	0.0
2140	0.0
2141	0.0
2142	0.0
2143	0.0
2144	0.0
2145	0.0
2146	0.0
2147	0.0
2148	0.0
2149	0.0
2150	0.0
2151	0.0
2152	0.0
2153	0.0
2154	0.0
2155	0.0
2156	0.0
2157	0.0
2158	0.0
2159	0.0
2160	0.0
2161	0.0
2162	0.0
2163	0.0
2164	0.0
2165	0.0
2166	0.0
2167	0.0
2168	0.0
2169	0.0
2170	0.0
2171	0.0
2172	0.0
2173	0.0
2174	0.0
2175	0.0
2176	0.0
2177	0.0
2178	0.0
2179	0.0
2180	0.0
2181	0.0
2182	0.0
2183	0.0
2184	0.0
2185	0.0
2186	0.0
2187	0.0
2188	0.0
2189	0.0
2190	0.0
2191	0.0
2192	0.0
2193	0.0
2194	0.0
2195	0.0
2196	0.0
2197	0.0
2198	0.0
2199	0.0
2200	0.0
2201	0.0
2202	0.0
2203	0.0
2204	0.0
2205	0.0
2206	0.0
2207	0.0
2208	0.0
2209	0.0
2210	0.0
2211	0.0
2212	0.0
2213	0.0
2214	0.0
2215	0.0
2216	0.0
2217	0.0
2218	0.0
2219	0.0
2220	0.0
2221	0.0
2222	0.0
2223	0.0
2224	0.0
2225	0.0
2226	0.0
2227	0.0
2228	0.0
2229	0.0
2230	0.0
2231	0.0
2232	0.0
2233	0.0
2234	0.0
2235	0.0
2236	0.0
2237	0.0
2238	0.0
2239	0.0
2240	0.0
2241	0.0
2242	0.0
2243	0.0
2244	0.0
2245	0.0
2246	0.0
2247	0.0
2248	0.0
2249	0.0
2250	0.0
2251	0.0
2252	0.0
2253	0.0
2254	0.0
2255	0.0
2256	0.0
2257	0.0
2258	0.0
2259	0.0
2260	0.0
2261	0.0
2262	0.0
2263	0.0
2264	0.0
2265	0.0
2266	0.0
2267	0.0
2268	0.0
2269	0.0
2270	0.0
2271	0.0
2272	0.0
2273	0.0
2274	0.0
2275	0.0
2276	0.0
2277	0.0
2278	0.0
2279	0.0
2280	0.0
2281	0.0
2282	0.0
2283	0.0
2284	0.0
2285	0.0
2286	0.0
2287	0.0
2288	0.0
2289	0.0
2290	0.0
2291	0.0
2292	0.0
2293	0.0
2294	0.0
2295	0.0
2296	0.0
2297	0.0
2298	0.0
2299	0.0
2300	0.0
2301	0.0
2302	0.0
2303	0.0
2304	0.0
2305	0.0
2306	0.0
2307	0.0
2308	0.0
2309	0.0
2310	0.0
2311	0.0
2312	0.0
2313	0.0
2314	0.0
2315	0.0
2316	0.0
2317	0.0
2318	0.0
2319	0.0
2320	0.0
2321	0.0
2322	0.0
2323	0.0
2324	0.0
2325	0.0
2326	0.0
2327	0.0
2328	0.0
2329	0.0
2330	0.0
2331	0.0
2332	0.0
2333	0.0
2334	0.0
2335	0.0
2336	0.0
2337	0.0
2338	0.0
2339	0.0
2340	0.0
2341	0.0
2342	0.0
2343	0.0
2344	0.0
2345	0.0
2346	0.0
2347	0.0
2348	0.0
2349	0.0
2350	0.0
2351	0.0
2352	0.0
2353	0.0
2354	0.0
2355	0.0
2356	0.0
2357	0.0
2358	0.0
2359	0.0
2360	0.0
2361	0.0
2362	0.0
2363	0.0
2364	0.0
2365	0.0
2366	0.0
2367	0.0
2368	0.0
2369	0.0
2370	0.0
2371	0.0
2372	0.0
2373	0.0
2374	0.0
2375	0.0
2376	0.0
2377	0.0
2378	0.0
2379	0.0
2380	0.0
2381	0.0
2382	0.0
2383	0.0
2384	0.0
2385	0.0
2386	0.0
2387	0.0
2388	0.0
2389	0.0
2390	0.0
2391	0.0
2392	0.0
2393	0.0
2394	0.0
2395	0.0
2396	0.0
2397	0.0
2398	0.0
2399	0.0
2400	0.0
2401	0.0
2402	0.0
2403	0.0
2404	0.0
2405	0.0
2406	0.0
2407	0.0
2408	0.0
2409	0.0
2410	0.0
2411	0.0
2412	0.0
2413	0.0
2414	0.0
2415	0.0
2416	0.0
2417	0.0
2418	0.0
2419	0.0
2420	0.0
2421	0.0
2422	0.0
2423	0.0
2424	0.0
2425	0.0
2426	0.0
2427	0.0
2428	0.0
2429	0.0
2430	0.0
2431	0.0
2432	0.0
2433	0.0
2434	0.0
2435	0.0
2436	0.0
2437	0.0
2438	0.0
2439	0.0
2440	0.0
2441	0.0
2442	0.0
2443	0.0
2444	0.0
2445	0.0
2446	0.0
2447	0.0
2448	0.0
2449	0.0
2450	0.0
2451	0.0
2452	0.0
2453	0.0
2454	0.0
2455	0.0
2456	0.0
2457	0.0
2458	0.0
2459	0.0
2460	0.0
2461	0.0
2462	0.0
2463	0.0
2464	0.0
2465	0.0
2466	0.0
2467	0.0
2468	0.0
2469	0.0
2470	0.0
2471	0.0
2472	0.0
2473	0.0
2474	0.0
2475	0.0
2476	0.0
2477	0.0
2478	0.0
2479	0.0
2480	0.0
2481	0.0
2482	0.0
2483	0.0
2484	0.0
2485	0.0
2486	0.0
2487	0.0
2488	0.0
2489	0.0
2490	0.0
2491	0.0
2492	0.0
2493	0.0
2494	0.0
2495	0.0
2496	0.0
2497	0.0
2498	0.0
2499	0.0
2500	0.0
