k	pvalue
0	1.0000000000456277
1	1.0000000000456277
2	1.0000000000456277
3	1.0000000000456277
4	1.0000000000456277
5	1.0000000000456277
6	1.0000000000456277
7	1.0000000000456277
8	1.0000000000456277
9	1.0000000000456277
10	1.0000000000456277
11	1.0000000000456277
12	1.0000000000456277
13	1.0000000000456277
14	1.0000000000456277
15	1.0000000000456277
16	1.0000000000456277
17	1.0000000000456277
18	1.0000000000456277
19	1.0000000000456277
20	1.0000000000456277
21	1.0000000000456277
22	1.0000000000456277
23	1.0000000000456277
24	1.0000000000456277
25	1.0000000000456277
26	1.0000000000456277
27	1.0000000000456277
28	1.0000000000456277
29	1.0000000000456277
30	1.0000000000456277
31	1.0000000000456277
32	1.0000000000456277
33	1.0000000000456277
34	1.0000000000456277
35	1.0000000000456277
36	1.0000000000456277
37	1.0000000000456277
38	1.0000000000456277
39	1.0000000000456277
40	1.0000000000456277
41	1.0000000000456277
42	1.0000000000456277
43	1.0000000000456277
44	1.0000000000456277
45	1.0000000000456277
46	1.0000000000456277
47	1.0000000000456277
48	1.0000000000456277
49	1.0000000000456277
50	1.0000000000456277
51	1.0000000000456277
52	1.0000000000456277
53	1.0000000000456277
54	1.0000000000456277
55	1.0000000000456277
56	1.0000000000456277
57	1.0000000000456277
58	1.0000000000456277
59	1.0000000000456277
60	1.0000000000456277
61	1.0000000000456277
62	1.0000000000456277
63	1.0000000000456277
64	1.0000000000456277
65	1.0000000000456277
66	1.0000000000456277
67	1.0000000000456277
68	1.0000000000456277
69	1.0000000000456277
70	1.0000000000456277
71	1.0000000000456277
72	1.0000000000456277
73	1.0000000000456277
74	1.0000000000456277
75	1.0000000000456277
76	1.0000000000456277
77	1.0000000000456277
78	1.0000000000456277
79	1.0000000000456277
80	1.0000000000456277
81	1.0000000000456277
82	1.0000000000456277
83	1.0000000000456277
84	1.0000000000456277
85	1.0000000000456277
86	1.0000000000456277
87	1.0000000000456277
88	1.0000000000456277
89	1.0000000000456277
90	1.0000000000456277
91	1.0000000000456277
92	1.0000000000456277
93	1.0000000000456277
94	1.0000000000456277
95	1.0000000000456277
96	1.0000000000456277
97	1.0000000000456277
98	1.0000000000456277
99	1.0000000000456277
100	1.0000000000456277
101	1.0000000000456277
102	1.0000000000456277
103	1.0000000000456277
104	1.0000000000456277
105	1.0000000000456277
106	1.0000000000456277
107	1.0000000000456277
108	1.0000000000456277
109	1.0000000000456277
110	1.0000000000456277
111	1.0000000000456277
112	1.0000000000456277
113	1.0000000000456277
114	1.0000000000456277
115	1.0000000000456277
116	1.0000000000456277
117	1.0000000000456277
118	1.0000000000456277
119	1.0000000000456277
120	1.0000000000456277
121	1.0000000000456277
122	1.0000000000456275
123	1.0000000000456275
124	1.0000000000456275
125	1.0000000000456273
126	1.000000000045627
127	1.0000000000456266
128	1.0000000000456257
129	1.0000000000456244
130	1.0000000000456217
131	1.000000000045617
132	1.0000000000456086
133	1.000000000045594
134	1.0000000000455687
135	1.0000000000455247
136	1.0000000000454492
137	1.0000000000453204
138	1.0000000000451024
139	1.0000000000447355
140	1.0000000000441227
141	1.0000000000431049
142	1.0000000000414258
143	1.0000000000386735
144	1.0000000000341918
145	1.0000000000269393
146	1.0000000000152776
147	0.9999999999966436
148	0.9999999999670534
149	0.9999999999203555
150	0.9999999998471106
151	0.9999999997329267
152	0.9999999995559973
153	0.999999999283488
154	0.9999999988662678
155	0.9999999982312716
156	0.9999999972705096
157	0.9999999958253464
158	0.9999999936641639
159	0.9999999904508259
160	0.9999999857004446
161	0.9999999787177327
162	0.9999999685116376
163	0.9999999536778862
164	0.9999999322384115
165	0.9999999014232331
166	0.9999998573760545
167	0.9999997947594338
168	0.9999997062286414
169	0.9999995817350035
170	0.9999994076093541
171	0.9999991653638937
172	0.9999988301359599
173	0.9999983686796583
174	0.9999977367906614
175	0.9999968760255183
176	0.9999957095493012
177	0.9999941369142433
178	0.9999920275371982
179	0.999989212605439
180	0.9999854750989101
181	0.9999805375731703
182	0.9999740473018797
183	0.9999655583320689
184	0.9999545099612915
185	0.9999402011052104
186	0.9999217599897796
187	0.9998981085769809
188	0.9998679211204988
189	0.999829576251632
190	0.9997811020202613
191	0.9997201133651863
192	0.9996437415669647
193	0.99954855534876
194	0.9994304734404825
195	0.9992846686118566
196	0.9991054634132539
197	0.9988862181401882
198	0.9986192118577445
199	0.998295517682524
200	0.9979048739174123
201	0.9974355530617718
202	0.996874231167179
203	0.9962058604647024
204	0.9954135486395592
205	0.9944784485561534
206	0.993379662622317
207	0.9920941663059175
208	0.9905967555588158
209	0.9888600230412997
210	0.9868543680541819
211	0.9845480449570226
212	0.9819072545635055
213	0.9788962825466667
214	0.975477688250119
215	0.9716125464849339
216	0.9672607439002696
217	0.9623813303609832
218	0.9569329244665269
219	0.9508741709289368
220	0.9441642460272531
221	0.9367634058112585
222	0.9286335701843474
223	0.9197389345031071
224	0.9100465989417068
225	0.8995272046349737
226	0.8881555645861727
227	0.8759112765515774
228	0.8627793046358418
229	0.8487505161842721
230	0.833822160765217
231	0.8179982786119097
232	0.8012900268401335
233	0.78371591306527
234	0.7653019276860461
235	0.7460815680465223
236	0.7260957498849582
237	0.7053926038703541
238	0.6840271575486649
239	0.6620609055988599
240	0.639561273858639
241	0.6166009850444929
242	0.5932573363867499
243	0.5696114014579935
244	0.5457471702308176
245	0.5217506428060981
246	0.49770889326509843
247	0.4737091206901162
248	0.4498377045551714
249	0.42617928141083294
250	0.40281585909001005
251	0.3798259835719602
252	0.35728397219935026
253	0.3352592251976528
254	0.3138156254553335
255	0.29301103435093717
256	0.27289688912649257
257	0.25351790497378357
258	0.23491188268768007
259	0.21710962051191376
260	0.20013492671477978
261	0.18400472753525415
262	0.16872926347531822
263	0.1543123655136969
264	0.14075180170154836
265	0.1280396837835725
266	0.11616292297039216
267	0.10510372376259576
268	0.09484010477794085
269	0.08534643583824418
270	0.0765939811029957
271	0.06855143875995404
272	0.06118546866324039
273	0.05446120030962166
274	0.048342714626525875
275	0.04279349417474452
276	0.037776837510808695
277	0.03325623457780067
278	0.029195701071737988
279	0.025560070740714473
280	0.0223152454972553
281	0.019428404046965515
282	0.016868170449128337
283	0.014604744622300393
284	0.012609997288912331
285	0.010857532219630922
286	0.0093227188959375
287	0.007982698865599826
288	0.006816369129888407
289	0.0058043458842510585
290	0.004928911847249962
291	0.004173950267751178
292	0.003524868509424298
293	0.0029685138859147043
294	0.0024930841702319605
295	0.0020880349376622346
296	0.0017439856314821923
297	0.0014526259723701047
298	0.0012066240719037049
299	0.0009995373629207525
300	0.0008257272286509435
301	0.0006802780011741593
302	0.0005589208097002476
303	0.00045796259130795677
304	0.0003742204312849508
305	0.00030496127661439705
306	0.0002478469634952538
307	0.00020088441672128885
308	0.00016238081366399767
309	0.0001309034567180693
310	0.00010524406349564912
311	8.438716189954147e-05
312	6.748226560744708e-05
313	5.381950268676816e-05
314	4.2808374379518144e-05
315	3.3959331039879046e-05
316	2.6867866421109753e-05
317	2.1200848806187348e-05
318	1.6684826834438744e-05
319	1.3096068430388097e-05
320	1.0252112277294007e-05
321	8.004632221153794e-06
322	6.233435391198145e-06
323	4.841434340681461e-06
324	3.7504519037249586e-06
325	2.897734568399345e-06
326	2.2330658894587675e-06
327	1.7163857678196752e-06
328	1.3158343135544475e-06
329	1.0061505240739052e-06
330	7.673662133962731e-07
331	5.837446033572247e-07
332	4.429208257636963e-07
333	3.3520838420882587e-07
334	2.5304148576426955e-07
335	1.905281749599625e-07
336	1.4309348060791223e-07
337	1.0719541006753932e-07
338	8.009967901458311e-08
339	5.970162414515747e-08
340	4.4385880685285533e-08
341	3.2916177943104855e-08
342	2.4349069211420493e-08
343	1.7966615164976942e-08
344	1.3224024318436899e-08
345	9.709056219716008e-09
346	7.110643788019121e-09
347	5.19471689809163e-09
348	3.7856322253988175e-09
349	2.7519532080912975e-09
350	1.9955943756105522e-09
351	1.4435592167535886e-09
352	1.0416709290738913e-09
353	7.498296110788511e-10
354	5.384349247525848e-10
355	3.856958205493629e-10
356	2.7561331628744166e-10
357	1.9647237025979844e-10
358	1.3971764617769086e-10
359	9.911787483343736e-11
360	7.014651493307085e-11
361	4.9524038779193486e-11
362	3.4880627206506693e-11
363	2.4508301762736677e-11
364	1.7179292563008623e-11
365	1.2013315104468659e-11
366	8.380856455343274e-12
367	5.832896543001952e-12
368	4.0499799282965914e-12
369	2.805411510840371e-12
370	1.9387319016227778e-12
371	1.336653316673425e-12
372	9.193947100747384e-13
373	6.309134176394445e-13
374	4.3194097765478754e-13
375	2.9503141294714914e-13
376	2.0104979760492312e-13
377	1.366887780426507e-13
378	9.271675506467893e-14
379	6.274541858228617e-14
380	4.236493424975746e-14
381	2.8538690785031377e-14
382	1.91808042948194e-14
383	1.2861958320002347e-14
384	8.605124226674252e-15
385	5.744062960384059e-15
386	3.825563967643262e-15
387	2.5420740302376408e-15
388	1.6853867633149077e-15
389	1.1148894955047244e-15
390	7.35846315930893e-16
391	4.845824149452773e-16
392	3.184018529976883e-16
393	2.0874356352081085e-16
394	1.3654705062971296e-16
395	8.912210254695137e-17
396	5.803961565947462e-17
397	3.7713927552318367e-17
398	2.4452273472476335e-17
399	1.5819001989060334e-17
400	1.0211354880608165e-17
401	6.57709629206012e-18
402	4.227013662424733e-18
403	2.71071459378371e-18
404	1.7345494603285818e-18
405	1.1075016602744713e-18
406	7.05600580829654e-19
407	4.485721973093098e-19
408	2.845552993603332e-19
409	1.8012082250113196e-19
410	1.1376956255600723e-19
411	7.170594683894799e-20
412	4.509757282346694e-20
413	2.830232069511979e-20
414	1.772408325660102e-20
415	1.1075933253234064e-20
416	6.906748535751447e-21
417	4.297794707650317e-21
418	2.6686912426234127e-21
419	1.6536117888477856e-21
420	1.0224763465292853e-21
421	6.308983154191024e-22
422	3.8846665922909573e-22
423	2.3869224419308803e-22
424	1.4635747859717078e-22
425	8.955409632212305e-23
426	5.468293053935189e-23
427	3.332082521572458e-23
428	2.0261855029744578e-23
429	1.2295437412509252e-23
430	7.445809418836306e-24
431	4.4997130649310554e-24
432	2.7137167129273664e-24
433	1.6332504413212775e-24
434	9.809603184114925e-25
435	5.87979604630329e-25
436	3.517118720145289e-25
437	2.0995562178486805e-25
438	1.2507930570258215e-25
439	7.436398301613667e-26
440	4.412256948960386e-26
441	2.6126525416750017e-26
442	1.5439276796734443e-26
443	9.105386947041391e-27
444	5.359172398541127e-27
445	3.1479412746667594e-27
446	1.845384142045412e-27
447	1.0796423283803772e-27
448	6.303875955566585e-28
449	3.6734296189824604e-28
450	2.1363566732568194e-28
451	1.2399821404606518e-28
452	7.182876140263297e-29
453	4.1526396427655764e-29
454	2.396043329363855e-29
455	1.3797845226553555e-29
456	7.93004530903113e-30
457	4.548722856734754e-30
458	2.604079851492753e-30
459	1.4878930839157762e-30
460	8.484833970784029e-31
461	4.82915059119918e-31
462	2.7431875334123996e-31
463	1.5552462549340874e-31
464	8.800418081246929e-32
465	4.970149715716649e-32
466	2.8015553550779123e-32
467	1.5761373186826592e-32
468	8.850249889517664e-33
469	4.960039948857254e-33
470	2.7744984778399224e-33
471	1.5490127461758646e-33
472	8.631736564250773e-34
473	4.800821332909139e-34
474	2.665069735150097e-34
475	1.4766540457011514e-34
476	8.166342001659102e-35
477	4.507715077549054e-35
478	2.483515645431349e-35
479	1.3657158375589767e-35
480	7.496149520625654e-36
481	4.10678554387988e-36
482	2.245707199108362e-36
483	1.2257248388999478e-36
484	6.677640154661093e-37
485	3.631153596318457e-37
486	1.970875619663278e-37
487	1.067746618435977e-37
488	5.773949435585072e-38
489	3.116555889744086e-38
490	1.6790955694992597e-38
491	9.029752348377967e-39
492	4.847050664829349e-39
493	2.5970597260651417e-39
494	1.388961890008825e-39
495	7.41487930295934e-40
496	3.951159392616182e-40
497	2.1016145096558114e-40
498	1.115811781017416e-40
499	5.913430920029564e-41
500	3.1282404913315125e-41
501	1.6518631748486278e-41
502	8.706881822691943e-42
503	4.581072545207016e-42
504	2.4059628915782622e-42
505	1.2613313943241465e-42
506	6.6006893597815195e-43
507	3.4480255051951332e-43
508	1.797935064062231e-43
509	9.358390394432476e-44
510	4.862428156927005e-44
511	2.521920399975079e-44
512	1.3056805602974828e-44
513	6.747938734116286e-45
514	3.481249821618973e-45
515	1.7927938262731163e-45
516	9.216326041114116e-46
517	4.729539504759812e-46
518	2.422783708618597e-46
519	1.2389289513439908e-46
520	6.324341785373176e-47
521	3.222720454466233e-47
522	1.639341768437138e-47
523	8.324480237577922e-48
524	4.219749641569109e-48
525	2.1353022443255877e-48
526	1.0786394826421517e-48
527	5.439246257859928e-49
528	2.7380901514393528e-49
529	1.3759559607172625e-49
530	6.902560867918813e-50
531	3.456734483910278e-50
532	1.7281164567266298e-50
533	8.62446833747113e-51
534	4.296799917868155e-51
535	2.1370393951626307e-51
536	1.0610494974132088e-51
537	5.259150435263984e-52
538	2.6022767883679443e-52
539	1.2854359212380695e-52
540	6.338806965519658e-53
541	3.120512071765061e-53
542	1.5335803820361284e-53
543	7.5240321789182e-54
544	3.685184603372154e-54
545	1.801911395342763e-54
546	8.795778152873329e-55
547	4.286302529875537e-55
548	2.085259720316166e-55
549	1.0127618317422066e-55
550	4.91049628740217e-56
551	2.3769244968780995e-56
552	1.1486252723565188e-56
553	5.541347280523821e-57
554	2.6688700243894117e-57
555	1.283262676299025e-57
556	6.16000140027946e-58
557	2.9520532562079326e-58
558	1.4123642318634376e-58
559	6.746047421732516e-59
560	3.2168679429834747e-59
561	1.5314373768529804e-59
562	7.278609446310304e-60
563	3.453677248257059e-60
564	1.6360637814052482e-60
565	7.737574517170763e-61
566	3.653394516427086e-61
567	1.7221714732157747e-61
568	8.104855426938693e-62
569	3.8080635233801478e-62
570	1.786298735527696e-62
571	8.365577968034345e-63
572	3.9113863966132007e-63
573	1.8258258488873195e-63
574	8.509083570251229e-64
575	3.9591501916007716e-64
576	1.8391529769734453e-64
577	8.529652840355512e-65
578	3.949511758749819e-65
579	1.8258073360915646e-65
580	8.42688151875999e-66
581	3.883114082502438e-66
582	1.7864696751831124e-66
583	8.20567466608746e-67
584	3.7630240479576145e-67
585	1.7229181634908987e-67
586	7.875863132291859e-68
587	3.5944994463944865e-68
588	1.637896001518835e-68
589	7.45148364092361e-69
590	3.384609688094277e-69
591	1.5349163945379894e-69
592	6.94979545650837e-70
593	3.141748084542841e-70
594	1.4180240656761129e-70
595	6.3901288385913876e-71
596	2.8750821537165135e-71
597	1.2915356291349454e-71
598	5.792671029295082e-72
599	2.593991388345498e-72
600	1.1597816455048445e-72
601	5.1772938101855904e-73
602	2.3075393182334015e-73
603	1.0268711681316289e-73
604	4.562513836603235e-74
605	2.0240192591969713e-74
606	8.964955181439554e-75
607	3.9646555484114537e-75
608	1.7506022174341583e-75
609	7.717825847986722e-76
610	3.397259897708932e-76
611	1.4931026806525166e-76
612	6.552069349501814e-77
613	2.8707541638386166e-77
614	1.2558651970090441e-77
615	5.485552098538824e-78
616	2.3923722124689013e-78
617	1.0417632370297012e-78
618	4.5294134052100755e-79
619	1.9662934375227438e-79
620	8.522929766825456e-80
621	3.688624729882901e-80
622	1.5939540264865198e-80
623	6.877389614973266e-81
624	2.9628437485588607e-81
625	1.2744767332829207e-81
626	5.473862363835638e-82
627	2.3474447923361705e-82
628	1.0051646426424618e-82
629	4.297541399636898e-83
630	1.83461410177186e-83
631	7.820093019582436e-84
632	3.3282993581181866e-84
633	1.4144149833202642e-84
634	6.001724435574413e-85
635	2.542849857683262e-85
636	1.0757505419743152e-85
637	4.544115269889988e-86
638	1.916614346505634e-86
639	8.071764352877822e-87
640	3.394308189710634e-87
641	1.4252263277622202e-87
642	5.975398506848699e-88
643	2.5015033522445946e-88
644	1.0456520226071557e-88
645	4.364413090590068e-89
646	1.8189375452788693e-89
647	7.569438882510839e-90
648	3.1453156530899782e-90
649	1.3050288778260909e-90
650	5.406696935399692e-91
651	2.236663394561202e-91
652	9.239034946038433e-92
653	3.810751593006932e-92
654	1.5694713477324666e-92
655	6.454394904508079e-93
656	2.6504385015218718e-93
657	1.0867775252235064e-93
658	4.4496407036947165e-94
659	1.819161583935032e-94
660	7.42643353977691e-95
661	3.027280502571375e-95
662	1.2322221749646331e-95
663	5.008296290603302e-96
664	2.0326204399136383e-96
665	8.237368314566619e-97
666	3.33339854046134e-97
667	1.3469553262966496e-97
668	5.434842596480171e-98
669	2.189723134675346e-98
670	8.809687996352413e-99
671	3.5391710928084886e-99
672	1.4197534078090996e-99
673	5.687157191051162e-100
674	2.2748308638004082e-100
675	9.086051061464765e-101
676	3.623881828198938e-101
677	1.4432656757500202e-101
678	5.739744324373222e-102
679	2.2793626271146452e-102
680	9.038773677463088e-103
681	3.579162469564248e-103
682	1.4152387824918177e-103
683	5.587982418002935e-104
684	2.203220343903106e-104
685	8.674391437827608e-105
686	3.4103493220389136e-105
687	1.3388689397007913e-105
688	5.248765843564063e-106
689	2.0547398360438478e-106
690	8.032256515077173e-107
691	3.1354505674123734e-107
692	1.222206469653002e-107
693	4.757425527624827e-108
694	1.849195319676113e-108
695	7.17757109960054e-109
696	2.7819973579987744e-109
697	1.076765109896544e-109
698	4.1617007123942413e-110
699	1.6062268368561512e-110
700	6.190555563183799e-111
701	2.3825369187263752e-111
702	9.156667925976634e-112
703	3.5141771245161834e-112
704	1.3467864263683455e-112
705	5.1542235963374163e-113
706	1.9697801563467864e-113
707	7.517315471092542e-114
708	2.864829914738658e-114
709	1.0902509899129388e-114
710	4.143298716268527e-115
711	1.5723840764397963e-115
712	5.9588738185103e-116
713	2.2550876371859994e-116
714	8.522300861166144e-117
715	3.2162146116288805e-117
716	1.212071992047351e-117
717	4.561498759941407e-118
718	1.7142847734807004e-118
719	6.433616130895583e-119
720	2.4111520534463558e-119
721	9.023849330645932e-120
722	3.372541919298027e-120
723	1.2586983495182927e-120
724	4.691214083407096e-121
725	1.7460176184923983e-121
726	6.489515359486756e-122
727	2.4086665039995825e-122
728	8.927756509906609e-123
729	3.304530343226296e-123
730	1.221460366524451e-123
731	4.50870403252725e-124
732	1.6619856480012377e-124
733	6.11795789419767e-125
734	2.2490020360392544e-125
735	8.256155025732351e-126
736	3.026710813774744e-126
737	1.1080760998336766e-126
738	4.051112334223666e-127
739	1.4790589731202074e-127
740	5.392667784724531e-128
741	1.9634926351806705e-128
742	7.13941754695073e-129
743	2.5924156974948068e-129
744	9.400594387700468e-130
745	3.4042014546558206e-130
746	1.2310761323477785e-130
747	4.4459517074034683e-131
748	1.603449146775476e-131
749	5.775062760749168e-132
750	2.0771589853385873e-132
751	7.460960233293688e-133
752	2.6762834568644056e-133
753	9.586991253963821e-134
754	3.429618614626762e-134
755	1.2252452705796884e-134
756	4.3713379811978727e-135
757	1.557472238703309e-135
758	5.541677503915891e-136
759	1.9691446387493936e-136
760	6.987629135041879e-137
761	2.476272084309835e-137
762	8.763620938307652e-138
763	3.0973189905519563e-138
764	1.0932156333319147e-138
765	3.8533964788945844e-139
766	1.3564379700546153e-139
767	4.768425185255868e-140
768	1.6740530338986023e-140
769	5.869256174610376e-141
770	2.05502420079855e-141
771	7.185735775452134e-142
772	2.509264135528439e-142
773	8.750699083374844e-143
774	3.047619583454847e-143
775	1.0599876273922861e-143
776	3.6818260668894295e-144
777	1.2771695845374409e-144
778	4.424427544409576e-145
779	1.530696961272466e-145
780	5.288656441239858e-146
781	1.8248445812435805e-146
782	6.288270089527609e-147
783	2.164021914838285e-147
784	7.437340554210206e-148
785	2.552699007415636e-148
786	8.749996076038145e-149
787	2.9953170083065573e-149
788	1.024011393562065e-149
789	3.4961835228802973e-150
790	1.1920966410345226e-150
791	4.059353642988835e-151
792	1.3804823618653143e-151
793	4.6884982156330735e-152
794	1.5902519361121297e-152
795	5.386761662655025e-153
796	1.8222988491525257e-153
797	6.156612436041504e-154
798	2.0772786780499533e-154
799	6.9996899486759105e-155
800	2.35556065499825e-155
801	7.916652519216214e-156
802	2.6571803427062637e-156
803	8.907031469529941e-157
804	2.981795125433537e-157
805	9.969096970555767e-158
806	3.328644336545075e-158
807	1.1099741506090015e-158
808	3.6965158964511294e-159
809	1.2294386877133398e-159
810	4.0837213130511064e-160
811	1.3546920472555155e-160
812	4.488080792499806e-161
813	1.4849666065641066e-161
814	4.906920016982312e-162
815	1.619339365335334e-162
816	5.3370798681344775e-163
817	1.756737184295798e-163
818	5.774940014360739e-164
819	1.895946503097466e-164
820	6.216456846953627e-165
821	2.0356276149618401e-165
822	6.65721575779113e-166
823	2.1743334127820385e-166
824	7.092497218948962e-167
825	2.3105323492111244e-167
826	7.517355573949772e-168
827	2.442635179170384e-168
828	7.926708906341504e-169
829	2.5690248853049202e-169
830	8.315437840011137e-170
831	2.6880890335242733e-170
832	8.67849067319279e-171
833	2.7982536749676195e-171
834	9.010991879203312e-172
835	2.898017809897041e-172
836	9.308350743038324e-173
837	2.9859873643401468e-173
838	9.566366761376042e-174
839	3.060907606344348e-174
840	9.781328425806654e-175
841	3.1216929481975003e-175
842	9.950102140457896e-176
843	3.1674531444013134e-176
844	1.0070208293744735e-176
845	3.1975150009073075e-177
846	1.013988190091633e-177
847	3.211438855199284e-178
848	1.0158115743675851e-178
849	3.2090292633287695e-179
850	1.0124684533850232e-179
851	3.1903395312871133e-180
852	1.004014929325721e-180
853	3.155669945149372e-181
854	9.905841841710599e-182
855	3.1055597774210574e-182
856	9.723829987600303e-183
857	3.040773365817381e-183
858	9.496864689011476e-184
859	2.962280765481167e-184
860	9.228311067727375e-185
861	2.8712336573219967e-185
862	8.922065686989726e-186
863	2.7689373460125087e-186
864	8.582462924612877e-187
865	2.6568197951344104e-187
866	8.21417356983481e-188
867	2.5363987199606737e-188
868	7.822098935633953e-189
869	2.4092477884698407e-189
870	7.411263805541969e-190
871	2.276962968681237e-190
872	6.986711429431071e-191
873	2.141130007612664e-191
874	6.553403556811749e-192
875	2.0032939383192955e-192
876	6.116128164806959e-193
877	1.8649313923431398e-193
878	5.679417121393858e-194
879	1.727426352412018e-194
880	5.247475545981356e-195
881	1.5920498220449339e-195
882	4.824124113746703e-196
883	1.45994372275863e-196
884	4.4127550223517985e-197
885	1.3321091636077639e-197
886	4.016301823508826e-198
887	1.2093990690125571e-198
888	3.637222838797605e-199
889	1.092515005525416e-199
890	3.277497447304603e-200
891	9.820079214925406e-201
892	2.938634166193067e-201
893	8.782824092717468e-202
894	2.6216891540303587e-202
895	7.816040201517463e-203
896	2.3272935558586308e-203
897	6.921091083617397e-204
898	2.0556879795645085e-204
899	6.098166522202918e-205
900	1.8067623420984482e-205
901	5.346414960441063e-206
902	1.5800993451324368e-206
903	4.664084734550568e-207
904	1.3750199237981568e-207
905	4.048669079944167e-208
906	1.1906291482497446e-208
907	3.497050368046825e-209
908	1.025861233888676e-209
909	3.005639636716267e-210
910	8.795225197307178e-211
911	2.5705081502263216e-211
912	7.50331493482841e-212
913	2.1875084284686745e-212
914	6.369551652046463e-213
915	1.852382885842403e-213
916	5.3804130909001634e-214
917	1.5608588895785078e-214
918	4.522462966959332e-215
919	1.3087296618196883e-215
920	3.782584284890315e-216
921	1.0919209924763103e-216
922	3.1481682937617975e-217
923	9.065441893876415e-218
924	2.607261052601084e-218
925	7.489360629093379e-219
926	2.1486706061022883e-219
927	6.156870229412309e-220
928	1.7620385201762375e-220
929	5.036585610334894e-221
930	1.4378800135415983e-221
931	4.099915053151661e-222
932	1.1675971703344032e-222
933	3.3210648075371335e-223
934	9.434697615673343e-224
935	2.6769799239901846e-224
936	7.586280755688185e-225
937	2.1472348625691235e-225
938	6.07011895849277e-226
939	1.7138864277748848e-226
940	4.833194049186305e-227
941	1.361300326055543e-227
942	3.8294936772398305e-228
943	1.0759612323099758e-228
944	3.0193948831839295e-229
945	8.462747722959036e-230
946	2.3690336350360457e-230
947	6.623683519708432e-231
948	1.849679982048878e-231
949	5.158963504009991e-232
950	1.437134151873544e-232
951	3.998538831246507e-233
952	1.11115497832071e-233
953	3.084021671701637e-234
954	8.549285636354584e-235
955	2.3670749451462848e-235
956	6.545820887950712e-236
957	1.807949544453064e-236
958	4.987451952884092e-237
959	1.3741733547385825e-237
960	3.781593561952362e-238
961	1.039390761210866e-238
962	2.8533409980424087e-239
963	7.823470843372103e-240
964	2.1424780041494393e-240
965	5.860093298592755e-241
966	1.6008995638202465e-241
967	4.368126234407193e-242
968	1.1904138015248156e-242
969	3.240205418575411e-243
970	8.80884747601174e-244
971	2.3918708690356494e-244
972	6.486771464802421e-245
973	1.7570811900288417e-245
974	4.753653906141534e-246
975	1.2845053574699703e-246
976	3.466706249187597e-247
977	9.344822580865028e-248
978	2.515927377063958e-248
979	6.765475005742473e-249
980	1.8170704562630177e-249
981	4.874371745745786e-250
982	1.3059876234755485e-250
983	3.4948869546082614e-251
984	9.341163759781583e-252
985	2.4936916060619817e-252
986	6.649033598184365e-253
987	1.7707141540348097e-253
988	4.709910528757735e-254
989	1.2512706030587297e-254
990	3.320200645250687e-255
991	8.799379298278645e-256
992	2.329241309216315e-256
993	6.158171514327642e-257
994	1.6261628772245579e-257
995	4.288953946201133e-258
996	1.129832110392234e-258
997	2.972704531293199e-259
998	7.812049526484559e-260
999	2.0504715642222517e-260
1000	5.375491036630382e-261
1001	1.4075319712792412e-261
1002	3.681071355229202e-262
1003	9.615373311568687e-263
1004	2.5086155779662024e-263
1005	6.536996211195225e-264
1006	1.701369361347095e-264
1007	4.422780023266695e-265
1008	1.1483348060261053e-265
1009	2.977955985415819e-266
1010	7.713379083481335e-267
1011	1.9954820695662054e-267
1012	5.156177184920146e-268
1013	1.3307141674172693e-268
1014	3.430194668388426e-269
1015	8.831406744567476e-270
1016	2.271005743822188e-270
1017	5.832891461377053e-271
1018	1.4963285612601424e-271
1019	3.833959615317815e-272
1020	9.811732265125693e-273
1021	2.507965273360775e-273
1022	6.40287627860268e-274
1023	1.6327005885001207e-274
1024	4.158300987286284e-275
1025	1.0577993858413392e-275
1026	2.687625791473327e-276
1027	6.820441250545309e-277
1028	1.7287588198042494e-277
1029	4.376578170738542e-278
1030	1.106657916559632e-278
1031	2.7949278627424615e-279
1032	7.050280431625311e-280
1033	1.7763184952321737e-280
1034	4.470066837764587e-281
1035	1.1235334430898548e-281
1036	2.820569943022828e-282
1037	7.072398092443694e-283
1038	1.7712324109855787e-283
1039	4.430609777490404e-284
1040	1.1069566706315187e-284
1041	2.7623390345744918e-285
1042	6.884979419284177e-286
1043	1.7139876452453936e-286
1044	4.2617912106975696e-287
1045	1.0584154214491364e-287
1046	2.6254256322440613e-288
1047	6.504634814246054e-289
1048	1.6096291075722067e-289
1049	3.9784002760164e-290
1050	9.82134481251736e-291
1051	2.4216608709142197e-291
1052	5.963972513807368e-292
1053	1.46702644815277e-292
1054	3.6042948654685406e-293
1055	8.844693729437585e-294
1056	2.1678311716490988e-294
1057	5.3069908865283135e-295
1058	1.2976318845955606e-295
1059	3.169093182801469e-296
1060	7.730345366790412e-297
1061	1.883402852172406e-297
1062	4.583191876422774e-298
1063	1.1139697407473246e-298
1064	2.704327823481752e-299
1065	6.557313002758547e-300
1066	1.5880829219709568e-300
1067	3.841502900225046e-301
1068	9.281323917298473e-302
1069	2.2397498335914203e-302
1070	5.398460880803074e-303
1071	1.299634733174715e-303
1072	3.1250258008688515e-304
1073	7.505279895947758e-305
1074	1.800367676019991e-305
1075	4.313567397848794e-306
1076	1.0322694507301183e-306
1077	2.467349688419318e-307
1078	5.890464113540826e-308
1079	1.4045898949867056e-308
1080	3.345267222164824e-309
1081	7.95780650841323e-310
1082	1.89076368648697e-310
1083	4.4870662335956e-311
1084	1.063577371928e-311
1085	2.518008023296e-312
1086	5.95424323414e-313
1087	1.40629847094e-313
1088	3.317492393e-314
1089	7.816708066e-315
1090	1.83958306e-315
1091	4.32410754e-316
1092	1.0152083e-316
1093	2.38065e-317
1094	5.57593e-318
1095	1.30443e-318
1096	3.04794e-319
1097	7.1136e-320
1098	1.658e-320
1099	3.86e-321
1100	9e-322
1101	2.08e-322
1102	5e-323
1103	1e-323
1104	5e-324
1105	0.0
1106	0.0
1107	0.0
1108	0.0
1109	0.0
1110	0.0
1111	0.0
1112	0.0
1113	0.0
1114	0.0
1115	0.0
1116	0.0
1117	0.0
1118	0.0
1119	0.0
1120	0.0
1121	0.0
1122	0.0
1123	0.0
1124	0.0
1125	0.0
1126	0.0
1127	0.0
1128	0.0
1129	0.0
1130	0.0
1131	0.0
1132	0.0
1133	0.0
1134	0.0
1135	0.0
1136	0.0
1137	0.0
1138	0.0
1139	0.0
1140	0.0
1141	0.0
1142	0.0
1143	0.0
1144	0.0
1145	0.0
1146	0.0
1147	0.0
1148	0.0
1149	0.0
1150	0.0
1151	0.0
1152	0.0
1153	0.0
1154	0.0
1155	0.0
1156	0.0
1157	0.0
1158	0.0
1159	0.0
1160	0.0
1161	0.0
1162	0.0
1163	0.0
1164	0.0
1165	0.0
1166	0.0
1167	0.0
1168	0.0
1169	0.0
1170	0.0
1171	0.0
1172	0.0
1173	0.0
1174	0.0
1175	0.0
1176	0.0
1177	0.0
1178	0.0
1179	0.0
1180	0.0
1181	0.0
1182	0.0
1183	0.0
1184	0.0
1185	0.0
1186	0.0
1187	0.0
1188	0.0
1189	0.0
1190	0.0
1191	0.0
1192	0.0
1193	0.0
1194	0.0
1195	0.0
1196	0.0
1197	0.0
1198	0.0
1199	0.0
1200	0.0
1201	0.0
1202	0.0
1203	0.0
1204	0.0
1205	0.0
1206	0.0
1207	0.0
1208	0.0
1209	0.0
1210	0.0
1211	0.0
1212	0.0
1213	0.0
1214	0.0
1215	0.0
1216	0.0
1217	0.0
1218	0.0
1219	0.0
1220	0.0
1221	0.0
1222	0.0
1223	0.0
1224	0.0
1225	0.0
1226	0.0
1227	0.0
1228	0.0
1229	0.0
1230	0.0
1231	0.0
1232	0.0
1233	0.0
1234	0.0
1235	0.0
1236	0.0
1237	0.0
1238	0.0
1239	0.0
1240	0.0
1241	0.0
1242	0.0
1243	0.0
1244	0.0
1245	0.0
1246	0.0
1247	0.0
1248	0.0
1249	0.0
1250	0.0
1251	0.0
1252	0.0
1253	0.0
1254	0.0
1255	0.0
1256	0.0
1257	0.0
1258	0.0
1259	0.0
1260	0.0
1261	0.0
1262	0.0
1263	0.0
1264	0.0
1265	0.0
1266	0.0
1267	0.0
1268	0.0
1269	0.0
1270	0.0
1271	0.0
1272	0.0
1273	0.0
1274	0.0
1275	0.0
1276	0.0
1277	0.0
1278	0.0
1279	0.0
1280	0.0
1281	0.0
1282	0.0
1283	0.0
1284	0.0
1285	0.0
1286	0.0
1287	0.0
1288	0.0
1289	0.0
1290	0.0
1291	0.0
1292	0.0
1293	0.0
1294	0.0
1295	0.0
1296	0.0
1297	0.0
1298	0.0
1299	0.0
1300	0.0
1301	0.0
1302	0.0
1303	0.0
1304	0.0
1305	0.0
1306	0.0
1307	0.0
1308	0.0
1309	0.0
1310	0.0
1311	0.0
1312	0.0
1313	0.0
1314	0.0
1315	0.0
1316	0.0
1317	0.0
1318	0.0
1319	0.0
1320	0.0
1321	0.0
1322	0.0
1323	0.0
1324	0.0
1325	0.0
1326	0.0
1327	0.0
1328	0.0
1329	0.0
1330	0.0
1331	0.0
1332	0.0
1333	0.0
1334	0.0
1335	0.0
1336	0.0
1337	0.0
1338	0.0
1339	0.0
1340	0.0
1341	0.0
1342	0.0
1343	0.0
1344	0.0
1345	0.0
1346	0.0
1347	0.0
1348	0.0
1349	0.0
1350	0.0
1351	0.0
1352	0.0
1353	0.0
1354	0.0
1355	0.0
1356	0.0
1357	0.0
1358	0.0
1359	0.0
1360	0.0
1361	0.0
1362	0.0
1363	0.0
1364	0.0
1365	0.0
1366	0.0
1367	0.0
1368	0.0
1369	0.0
1370	0.0
1371	0.0
1372	0.0
1373	0.0
1374	0.0
1375	0.0
1376	0.0
1377	0.0
1378	0.0
1379	0.0
1380	0.0
1381	0.0
1382	0.0
1383	0.0
1384	0.0
1385	0.0
1386	0.0
1387	0.0
1388	0.0
1389	0.0
1390	0.0
1391	0.0
1392	0.0
1393	0.0
1394	0.0
1395	0.0
1396	0.0
1397	0.0
1398	0.0
1399	0.0
1400	0.0
1401	0.0
1402	0.0
1403	0.0
1404	0.0
1405	0.0
1406	0.0
1407	0.0
1408	0.0
1409	0.0
1410	0.0
1411	0.0
1412	0.0
1413	0.0
1414	0.0
1415	0.0
1416	0.0
1417	0.0
1418	0.0
1419	0.0
1420	0.0
1421	0.0
1422	0.0
1423	0.0
1424	0.0
1425	0.0
1426	0.0
1427	0.0
1428	0.0
1429	0.0
1430	0.0
1431	0.0
1432	0.0
1433	0.0
1434	0.0
1435	0.0
1436	0.0
1437	0.0
1438	0.0
1439	0.0
1440	0.0
1441	0.0
1442	0.0
1443	0.0
1444	0.0
1445	0.0
1446	0.0
1447	0.0
1448	0.0
1449	0.0
1450	0.0
1451	0.0
1452	0.0
1453	0.0
1454	0.0
1455	0.0
1456	0.0
1457	0.0
1458	0.0
1459	0.0
1460	0.0
1461	0.0
1462	0.0
1463	0.0
1464	0.0
1465	0.0
1466	0.0
1467	0.0
1468	0.0
1469	0.0
1470	0.0
1471	0.0
1472	0.0
1473	0.0
1474	0.0
1475	0.0
1476	0.0
1477	0.0
1478	0.0
1479	0.0
1480	0.0
1481	0.0
1482	0.0
1483	0.0
1484	0.0
1485	0.0
1486	0.0
1487	0.0
1488	0.0
1489	0.0
1490	0.0
1491	0.0
1492	0.0
1493	0.0
1494	0.0
1495	0.0
1496	0.0
1497	0.0
1498	0.0
1499	0.0
1500	0.0
1501	0.0
1502	0.0
1503	0.0
1504	0.0
1505	0.0
1506	0.0
1507	0.0
1508	0.0
1509	0.0
1510	0.0
1511	0.0
1512	0.0
1513	0.0
1514	0.0
1515	0.0
1516	0.0
1517	0.0
1518	0.0
1519	0.0
1520	0.0
1521	0.0
1522	0.0
1523	0.0
1524	0.0
1525	0.0
1526	0.0
1527	0.0
1528	0.0
1529	0.0
1530	0.0
1531	0.0
1532	0.0
1533	0.0
1534	0.0
1535	0.0
1536	0.0
1537	0.0
1538	0.0
1539	0.0
1540	0.0
1541	0.0
1542	0.0
1543	0.0
1544	0.0
1545	0.0
1546	0.0
1547	0.0
1548	0.0
1549	0.0
1550	0.0
1551	0.0
1552	0.0
1553	0.0
1554	0.0
1555	0.0
1556	0.0
1557	0.0
1558	0.0
1559	0.0
1560	0.0
1561	0.0
1562	0.0
1563	0.0
1564	0.0
1565	0.0
1566	0.0
1567	0.0
1568	0.0
1569	0.0
1570	0.0
1571	0.0
1572	0.0
1573	0.0
1574	0.0
1575	0.0
1576	0.0
1577	0.0
1578	0.0
1579	0.0
1580	0.0
1581	0.0
1582	0.0
1583	0.0
1584	0.0
1585	0.0
1586	0.0
1587	0.0
1588	0.0
1589	0.0
1590	0.0
1591	0.0
1592	0.0
1593	0.0
1594	0.0
1595	0.0
1596	0.0
1597	0.0
1598	0.0
1599	0.0
1600	0.0
1601	0.0
1602	0.0
1603	0.0
1604	0.0
1605	0.0
1606	0.0
1607	0.0
1608	0.0
1609	0.0
1610	0.0
1611	0.0
1612	0.0
1613	0.0
1614	0.0
1615	0.0
1616	0.0
1617	0.0
1618	0.0
1619	0.0
1620	0.0
1621	0.0
1622	0.0
1623	0.0
1624	0.0
1625	0.0
1626	0.0
1627	0.0
1628	0.0
1629	0.0
1630	0.0
1631	0.0
1632	0.0
1633	0.0
1634	0.0
1635	0.0
1636	0.0
1637	0.0
1638	0.0
1639	0.0
1640	0.0
1641	0.0
1642	0.0
1643	0.0
1644	0.0
1645	0.0
1646	0.0
1647	0.0
1648	0.0
1649	0.0
1650	0.0
1651	0.0
1652	0.0
1653	0.0
1654	0.0
1655	0.0
1656	0.0
1657	0.0
1658	0.0
1659	0.0
1660	0.0
1661	0.0
1662	0.0
1663	0.0
1664	0.0
1665	0.0
1666	0.0
1667	0.0
1668	0.0
1669	0.0
1670	0.0
1671	0.0
1672	0.0
1673	0.0
1674	0.0
1675	0.0
1676	0.0
1677	0.0
1678	0.0
1679	0.0
1680	0.0
1681	0.0
1682	0.0
1683	0.0
1684	0.0
1685	0.0
1686	0.0
1687	0.0
1688	0.0
1689	0.0
1690	0.0
1691	0.0
1692	0.0
1693	0.0
1694	0.0
1695	0.0
1696	0.0
1697	0.0
1698	0.0
1699	0.0
1700	0.0
1701	0.0
1702	0.0
1703	0.0
1704	0.0
1705	0.0
1706	0.0
1707	0.0
1708	0.0
1709	0.0
1710	0.0
1711	0.0
1712	0.0
1713	0.0
1714	0.0
1715	0.0
1716	0.0
1717	0.0
1718	0.0
1719	0.0
1720	0.0
1721	0.0
1722	0.0
1723	0.0
1724	0.0
1725	0.0
1726	0.0
1727	0.0
1728	0.0
1729	0.0
1730	0.0
1731	0.0
1732	0.0
1733	0.0
1734	0.0
1735	0.0
1736	0.0
1737	0.0
1738	0.0
1739	0.0
1740	0.0
1741	0.0
1742	0.0
1743	0.0
1744	0.0
1745	0.0
1746	0.0
1747	0.0
1748	0.0
1749	0.0
1750	0.0
1751	0.0
1752	0.0
1753	0.0
1754	0.0
1755	0.0
1756	0.0
1757	0.0
1758	0.0
1759	0.0
1760	0.0
1761	0.0
1762	0.0
1763	0.0
1764	0.0
1765	0.0
1766	0.0
1767	0.0
1768	0.0
1769	0.0
1770	0.0
1771	0.0
1772	0.0
1773	0.0
1774	0.0
1775	0.0
1776	0.0
1777	0.0
1778	0.0
1779	0.0
1780	0.0
1781	0.0
1782	0.0
1783	0.0
1784	0.0
1785	0.0
1786	0.0
1787	0.0
1788	0.0
1789	0.0
1790	0.0
1791	0.0
1792	0.0
1793	0.0
1794	0.0
1795	0.0
1796	0.0
1797	0.0
1798	0.0
1799	0.0
1800	0.0
1801	0.0
1802	0.0
1803	0.0
1804	0.0
1805	0.0
1806	0.0
1807	0.0
1808	0.0
1809	0.0
1810	0.0
1811	0.0
1812	0.0
1813	0.0
1814	0.0
1815	0.0
1816	0.0
1817	0.0
1818	0.0
1819	0.0
1820	0.0
1821	0.0
1822	0.0
1823	0.0
1824	0.0
1825	0.0
1826	0.0
1827	0.0
1828	0.0
1829	0.0
1830	0.0
1831	0.0
1832	0.0
1833	0.0
1834	0.0
1835	0.0
1836	0.0
1837	0.0
1838	0.0
1839	0.0
1840	0.0
1841	0.0
1842	0.0
1843	0.0
1844	0.0
1845	0.0
1846	0.0
1847	0.0
1848	0.0
1849	0.0
1850	0.0
1851	0.0
1852	0.0
1853	0.0
1854	0.0
1855	0.0
1856	0.0
1857	0.0
1858	0.0
1859	0.0
1860	0.0
1861	0.0
1862	0.0
1863	0.0
1864	0.0
1865	0.0
1866	0.0
1867	0.0
1868	0.0
1869	0.0
1870	0.0
1871	0.0
1872	0.0
1873	0.0
1874	0.0
1875	0.0
1876	0.0
1877	0.0
1878	0.0
1879	0.0
1880	0.0
1881	0.0
1882	0.0
1883	0.0
1884	0.0
1885	0.0
1886	0.0
1887	0.0
1888	0.0
1889	0.0
1890	0.0
1891	0.0
1892	0.0
1893	0.0
1894	0.0
1895	0.0
1896	0.0
1897	0.0
1898	0.0
1899	0.0
1900	0.0
1901	0.0
1902	0.0
1903	0.0
1904	0.0
1905	0.0
1906	0.0
1907	0.0
1908	0.0
1909	0.0
1910	0.0
1911	0.0
1912	0.0
1913	0.0
1914	0.0
1915	0.0
1916	0.0
1917	0.0
1918	0.0
1919	0.0
1920	0.0
1921	0.0
1922	0.0
1923	0.0
1924	0.0
1925	0.0
1926	0.0
1927	0.0
1928	0.0
1929	0.0
1930	0.0
1931	0.0
1932	0.0
1933	0.0
1934	0.0
1935	0.0
1936	0.0
1937	0.0
1938	0.0
1939	0.0
1940	0.0
1941	0.0
1942	0.0
1943	0.0
1944	0.0
1945	0.0
1946	0.0
1947	0.0
1948	0.0
1949	0.0
1950	0.0
1951	0.0
1952	0.0
1953	0.0
1954	0.0
1955	0.0
1956	0.0
1957	0.0
1958	0.0
1959	0.0
1960	0.0
1961	0.0
1962	0.0
1963	0.0
1964	0.0
1965	0.0
1966	0.0
1967	0.0
1968	0.0
1969	0.0
1970	0.0
1971	0.0
1972	0.0
1973	0.0
1974	0.0
1975	0.0
1976	0.0
1977	0.0
1978	0.0
1979	0.0
1980	0.0
1981	0.0
1982	0.0
1983	0.0
1984	0.0
1985	0.0
1986	0.0
1987	0.0
1988	0.0
1989	0.0
1990	0.0
1991	0.0
1992	0.0
1993	0.0
1994	0.0
1995	0.0
1996	0.0
1997	0.0
1998	0.0
1999	0.0
2000	0.0
2001	0.0
2002	0.0
2003	0.0
2004	0.0
2005	0.0
2006	0.0
2007	0.0
2008	0.0
2009	0.0
2010	0.0
2011	0.0
2012	0.0
2013	0.0
2014	0.0
2015	0.0
2016	0.0
2017	0.0
2018	0.0
2019	0.0
2020	0.0
2021	0.0
2022	0.0
2023	0.0
2024	0.0
2025	0.0
2026	0.0
2027	0.0
2028	0.0
2029	0.0
2030	0.0
2031	0.0
2032	0.0
2033	0.0
2034	0.0
2035	0.0
2036	0.0
2037	0.0
2038	0.0
2039	0.0
2040	0.0
2041	0.0
2042	0.0
2043	0.0
2044	0.0
2045	0.0
2046	0.0
2047	0.0
2048	0.0
2049	0.0
2050	0.0
2051	0.0
2052	0.0
2053	0.0
2054	0.0
2055	0.0
2056	0.0
2057	0.0
2058	0.0
2059	0.0
2060	0.0
2061	0.0
2062	0.0
2063	0.0
2064	0.0
2065	0.0
2066	0.0
2067	0.0
2068	0.0
2069	0.0
2070	0.0
2071	0.0
2072	0.0
2073	0.0
2074	0.0
2075	0.0
2076	0.0
2077	0.0
2078	0.0
2079	0.0
2080	0.0
2081	0.0
2082	0.0
2083	0.0
2084	0.0
2085	0.0
2086	0.0
2087	0.0
2088	0.0
2089	0.0
2090	0.0
2091	0.0
2092	0.0
2093	0.0
2094	0.0
2095	0.0
2096	0.0
2097	0.0
2098	0.0
2099	0.0
2100	0.0
2101	0.0
2102	0.0
2103	0.0
2104	0.0
2105	0.0
2106	0.0
2107	0.0
2108	0.0
2109	0.0
2110	0.0
2111	0.0
2112	0.0
2113	0.0
2114	0.0
2115	0.0
2116	0.0
2117	0.0
2118	0.0
2119	0.0
2120	0.0
2121	0.0
2122	0.0
2123	0.0
2124	0.0
2125	0.0
2126	0.0
2127	0.0
2128	0.0
2129	0.0
2130	0.0
2131	0.0
2132	0.0
2133	0.0
2134	0.0
2135	0.0
2136	0.0
2137	0.0
2138	0.0
2139	0.0
2140	0.0
2141	0.0
2142	0.0
2143	0.0
2144	0.0
2145	0.0
2146	0.0
2147	0.0
2148	0.0
2149	0.0
2150	0.0
2151	0.0
2152	0.0
2153	0.0
2154	0.0
2155	0.0
2156	0.0
2157	0.0
2158	0.0
2159	0.0
2160	0.0
2161	0.0
2162	0.0
2163	0.0
2164	0.0
2165	0.0
2166	0.0
2167	0.0
2168	0.0
2169	0.0
2170	0.0
2171	0.0
2172	0.0
2173	0.0
2174	0.0
2175	0.0
2176	0.0
2177	0.0
2178	0.0
2179	0.0
2180	0.0
2181	0.0
2182	0.0
2183	0.0
2184	0.0
2185	0.0
2186	0.0
2187	0.0
2188	0.0
2189	0.0
2190	0.0
2191	0.0
2192	0.0
2193	0.0
2194	0.0
2195	0.0
2196	0.0
2197	0.0
2198	0.0
2199	0.0
2200	0.0
2201	0.0
2202	0.0
2203	0.0
2204	0.0
2205	0.0
2206	0.0
2207	0.0
2208	0.0
2209	0.0
2210	0.0
2211	0.0
2212	0.0
2213	0.0
2214	0.0
2215	0.0
2216	0.0
2217	0.0
2218	0.0
2219	0.0
2220	0.0
2221	0.0
2222	0.0
2223	0.0
2224	0.0
2225	0.0
2226	0.0
2227	0.0
2228	0.0
2229	0.0
2230	0.0
2231	0.0
2232	0.0
2233	0.0
2234	0.0
2235	0.0
2236	0.0
2237	0.0
2238	0.0
2239	0.0
2240	0.0
2241	0.0
2242	0.0
2243	0.0
2244	0.0
2245	0.0
2246	0.0
2247	0.0
2248	0.0
2249	0.0
2250	0.0
2251	0.0
2252	0.0
2253	0.0
2254	0.0
2255	0.0
2256	0.0
2257	0.0
2258	0.0
2259	0.0
2260	0.0
2261	0.0
2262	0.0
2263	0.0
2264	0.0
2265	0.0
2266	0.0
2267	0.0
2268	0.0
2269	0.0
2270	0.0
2271	0.0
2272	0.0
2273	0.0
2274	0.0
2275	0.0
2276	0.0
2277	0.0
2278	0.0
2279	0.0
2280	0.0
2281	0.0
2282	0.0
2283	0.0
2284	0.0
2285	0.0
2286	0.0
2287	0.0
2288	0.0
2289	0.0
2290	0.0
2291	0.0
2292	0.0
2293	0.0
2294	0.0
2295	0.0
2296	0.0
2297	0.0
2298	0.0
2299	0.0
2300	0.0
2301	0.0
2302	0.0
2303	0.0
2304	0.0
2305	0.0
2306	0.0
2307	0.0
2308	0.0
2309	0.0
2310	0.0
2311	0.0
2312	0.0
2313	0.0
2314	0.0
2315	0.0
2316	0.0
2317	0.0
2318	0.0
2319	0.0
2320	0.0
2321	0.0
2322	0.0
2323	0.0
2324	0.0
2325	0.0
2326	0.0
2327	0.0
2328	0.0
2329	0.0
2330	0.0
2331	0.0
2332	0.0
2333	0.0
2334	0.0
2335	0.0
2336	0.0
2337	0.0
2338	0.0
2339	0.0
2340	0.0
2341	0.0
2342	0.0
2343	0.0
2344	0.0
2345	0.0
2346	0.0
2347	0.0
2348	0.0
2349	0.0
2350	0.0
2351	0.0
2352	0.0
2353	0.0
2354	0.0
2355	0.0
2356	0.0
2357	0.0
2358	0.0
2359	0.0
2360	0.0
2361	0.0
2362	0.0
2363	0.0
2364	0.0
2365	0.0
2366	0.0
2367	0.0
2368	0.0
2369	0.0
2370	0.0
2371	0.0
2372	0.0
2373	0.0
2374	0.0
2375	0.0
2376	0.0
2377	0.0
2378	0.0
2379	0.0
2380	0.0
2381	0.0
2382	0.0
2383	0.0
2384	0.0
2385	0.0
2386	0.0
2387	0.0
2388	0.0
2389	0.0
2390	0.0
2391	0.0
2392	0.0
2393	0.0
2394	0.0
2395	0.0
2396	0.0
2397	0.0
2398	0.0
2399	0.0
2400	0.0
2401	0.0
2402	0.0
2403	0.0
2404	0.0
2405	0.0
2406	0.0
2407	0.0
2408	0.0
2409	0.0
2410	0.0
2411	0.0
2412	0.0
2413	0.0
2414	0.0
2415	0.0
2416	0.0
2417	0.0
2418	0.0
2419	0.0
2420	0.0
2421	0.0
2422	0.0
2423	0.0
2424	0.0
2425	0.0
2426	0.0
2427	0.0
2428	0.0
2429	0.0
2430	0.0
2431	0.0
2432	0.0
2433	0.0
2434	0.0
2435	0.0
2436	0.0
2437	0.0
2438	0.0
2439	0.0
2440	0.0
2441	0.0
2442	0.0
2443	0.0
2444	0.0
2445	0.0
2446	0.0
2447	0.0
2448	0.0
2449	0.0
2450	0.0
2451	0.0
2452	0.0
2453	0.0
2454	0.0
2455	0.0
2456	0.0
2457	0.0
2458	0.0
2459	0.0
2460	0.0
2461	0.0
2462	0.0
2463	0.0
2464	0.0
2465	0.0
2466	0.0
2467	0.0
2468	0.0
2469	0.0
2470	0.0
2471	0.0
2472	0.0
2473	0.0
2474	0.0
2475	0.0
2476	0.0
2477	0.0
2478	0.0
2479	0.0
2480	0.0
2481	0.0
2482	0.0
2483	0.0
2484	0.0
2485	0.0
2486	0.0
2487	0.0
2488	0.0
2489	0.0
2490	0.0
2491	0.0
2492	0.0
2493	0.0
2494	0.0
2495	0.0
2496	0.0
2497	0.0
2498	0.0
2499	0.0
2500	0.0
