k	pvalue
0	0.999999999975947
1	0.999999999975947
2	0.999999999975947
3	0.999999999975947
4	0.999999999975947
5	0.999999999975947
6	0.999999999975947
7	0.999999999975947
8	0.999999999975947
9	0.999999999975947
10	0.999999999975947
11	0.999999999975947
12	0.999999999975947
13	0.999999999975947
14	0.999999999975947
15	0.999999999975947
16	0.999999999975947
17	0.999999999975947
18	0.999999999975947
19	0.999999999975947
20	0.999999999975947
21	0.999999999975947
22	0.999999999975947
23	0.999999999975947
24	0.999999999975947
25	0.999999999975947
26	0.999999999975947
27	0.999999999975947
28	0.999999999975947
29	0.999999999975947
30	0.999999999975947
31	0.999999999975947
32	0.999999999975947
33	0.999999999975947
34	0.999999999975947
35	0.999999999975947
36	0.999999999975947
37	0.999999999975947
38	0.999999999975947
39	0.999999999975947
40	0.999999999975947
41	0.999999999975947
42	0.999999999975947
43	0.999999999975947
44	0.999999999975947
45	0.999999999975947
46	0.999999999975947
47	0.999999999975947
48	0.999999999975947
49	0.999999999975947
50	0.999999999975947
51	0.999999999975947
52	0.999999999975947
53	0.999999999975947
54	0.999999999975947
55	0.999999999975947
56	0.999999999975947
57	0.999999999975947
58	0.999999999975947
59	0.999999999975947
60	0.999999999975947
61	0.999999999975947
62	0.999999999975947
63	0.999999999975947
64	0.999999999975947
65	0.999999999975947
66	0.999999999975947
67	0.999999999975947
68	0.999999999975947
69	0.999999999975947
70	0.999999999975947
71	0.999999999975947
72	0.999999999975947
73	0.999999999975947
74	0.999999999975947
75	0.999999999975947
76	0.999999999975947
77	0.999999999975947
78	0.999999999975947
79	0.999999999975947
80	0.999999999975947
81	0.999999999975947
82	0.999999999975947
83	0.999999999975947
84	0.999999999975947
85	0.999999999975947
86	0.999999999975947
87	0.999999999975947
88	0.999999999975947
89	0.999999999975947
90	0.999999999975947
91	0.999999999975947
92	0.999999999975947
93	0.999999999975947
94	0.999999999975947
95	0.999999999975947
96	0.999999999975947
97	0.999999999975947
98	0.999999999975947
99	0.999999999975947
100	0.999999999975947
101	0.999999999975947
102	0.999999999975947
103	0.999999999975947
104	0.999999999975947
105	0.999999999975947
106	0.999999999975947
107	0.999999999975947
108	0.999999999975947
109	0.999999999975947
110	0.999999999975947
111	0.999999999975947
112	0.999999999975947
113	0.999999999975947
114	0.999999999975947
115	0.999999999975947
116	0.999999999975947
117	0.999999999975947
118	0.999999999975947
119	0.999999999975947
120	0.999999999975947
121	0.999999999975947
122	0.999999999975947
123	0.999999999975947
124	0.999999999975947
125	0.999999999975947
126	0.999999999975947
127	0.999999999975947
128	0.999999999975947
129	0.999999999975947
130	0.999999999975947
131	0.999999999975947
132	0.999999999975947
133	0.999999999975947
134	0.999999999975947
135	0.999999999975947
136	0.999999999975947
137	0.999999999975947
138	0.999999999975947
139	0.999999999975947
140	0.999999999975947
141	0.999999999975947
142	0.999999999975947
143	0.999999999975947
144	0.999999999975947
145	0.999999999975947
146	0.999999999975947
147	0.999999999975947
148	0.999999999975947
149	0.999999999975947
150	0.999999999975947
151	0.999999999975947
152	0.999999999975947
153	0.999999999975947
154	0.999999999975947
155	0.999999999975947
156	0.999999999975947
157	0.999999999975947
158	0.999999999975947
159	0.999999999975947
160	0.999999999975947
161	0.999999999975947
162	0.999999999975947
163	0.999999999975947
164	0.999999999975947
165	0.999999999975947
166	0.999999999975947
167	0.999999999975947
168	0.999999999975947
169	0.999999999975947
170	0.999999999975947
171	0.999999999975947
172	0.999999999975947
173	0.999999999975947
174	0.999999999975947
175	0.999999999975947
176	0.999999999975947
177	0.999999999975947
178	0.999999999975947
179	0.999999999975947
180	0.999999999975947
181	0.999999999975947
182	0.999999999975947
183	0.999999999975947
184	0.999999999975947
185	0.999999999975947
186	0.999999999975947
187	0.999999999975947
188	0.999999999975947
189	0.999999999975947
190	0.999999999975947
191	0.999999999975947
192	0.999999999975947
193	0.999999999975947
194	0.999999999975947
195	0.999999999975947
196	0.999999999975947
197	0.999999999975947
198	0.999999999975947
199	0.999999999975947
200	0.999999999975947
201	0.999999999975947
202	0.999999999975947
203	0.999999999975947
204	0.999999999975947
205	0.999999999975947
206	0.999999999975947
207	0.999999999975947
208	0.999999999975947
209	0.999999999975947
210	0.999999999975947
211	0.999999999975947
212	0.999999999975947
213	0.999999999975947
214	0.999999999975947
215	0.999999999975947
216	0.999999999975947
217	0.999999999975947
218	0.999999999975947
219	0.999999999975947
220	0.999999999975947
221	0.999999999975947
222	0.999999999975947
223	0.999999999975947
224	0.999999999975947
225	0.999999999975947
226	0.999999999975947
227	0.999999999975947
228	0.999999999975947
229	0.999999999975947
230	0.999999999975947
231	0.999999999975947
232	0.999999999975947
233	0.999999999975947
234	0.999999999975947
235	0.999999999975947
236	0.999999999975947
237	0.999999999975947
238	0.999999999975947
239	0.999999999975947
240	0.999999999975947
241	0.999999999975947
242	0.999999999975947
243	0.999999999975947
244	0.999999999975947
245	0.999999999975947
246	0.999999999975947
247	0.999999999975947
248	0.999999999975947
249	0.999999999975947
250	0.999999999975947
251	0.999999999975947
252	0.999999999975947
253	0.999999999975947
254	0.999999999975947
255	0.999999999975947
256	0.999999999975947
257	0.999999999975947
258	0.999999999975947
259	0.999999999975947
260	0.999999999975947
261	0.999999999975947
262	0.999999999975947
263	0.999999999975947
264	0.999999999975947
265	0.999999999975947
266	0.999999999975947
267	0.999999999975947
268	0.999999999975947
269	0.999999999975947
270	0.999999999975947
271	0.999999999975947
272	0.999999999975947
273	0.999999999975947
274	0.999999999975947
275	0.999999999975947
276	0.999999999975947
277	0.999999999975947
278	0.999999999975947
279	0.999999999975947
280	0.999999999975947
281	0.999999999975947
282	0.999999999975947
283	0.999999999975947
284	0.999999999975947
285	0.999999999975947
286	0.999999999975947
287	0.999999999975947
288	0.999999999975947
289	0.999999999975947
290	0.999999999975947
291	0.999999999975947
292	0.999999999975947
293	0.999999999975947
294	0.999999999975947
295	0.999999999975947
296	0.999999999975947
297	0.999999999975947
298	0.999999999975947
299	0.999999999975947
300	0.999999999975947
301	0.999999999975947
302	0.999999999975947
303	0.999999999975947
304	0.999999999975947
305	0.999999999975947
306	0.999999999975947
307	0.999999999975947
308	0.999999999975947
309	0.999999999975947
310	0.999999999975947
311	0.999999999975947
312	0.999999999975947
313	0.999999999975947
314	0.999999999975947
315	0.999999999975947
316	0.999999999975947
317	0.999999999975947
318	0.999999999975947
319	0.999999999975947
320	0.999999999975947
321	0.999999999975947
322	0.999999999975947
323	0.999999999975947
324	0.999999999975947
325	0.999999999975947
326	0.999999999975947
327	0.999999999975947
328	0.999999999975947
329	0.999999999975947
330	0.999999999975947
331	0.999999999975947
332	0.999999999975947
333	0.999999999975947
334	0.999999999975947
335	0.999999999975947
336	0.999999999975947
337	0.999999999975947
338	0.999999999975947
339	0.999999999975947
340	0.999999999975947
341	0.999999999975947
342	0.999999999975947
343	0.999999999975947
344	0.999999999975947
345	0.999999999975947
346	0.999999999975947
347	0.999999999975947
348	0.999999999975947
349	0.999999999975947
350	0.999999999975947
351	0.999999999975947
352	0.999999999975947
353	0.999999999975947
354	0.999999999975947
355	0.999999999975947
356	0.999999999975947
357	0.999999999975947
358	0.999999999975947
359	0.999999999975947
360	0.999999999975947
361	0.999999999975947
362	0.999999999975947
363	0.999999999975947
364	0.999999999975947
365	0.999999999975947
366	0.999999999975947
367	0.999999999975947
368	0.999999999975947
369	0.999999999975947
370	0.999999999975947
371	0.999999999975947
372	0.999999999975947
373	0.999999999975947
374	0.999999999975947
375	0.999999999975947
376	0.999999999975947
377	0.999999999975947
378	0.999999999975947
379	0.999999999975947
380	0.999999999975947
381	0.999999999975947
382	0.999999999975947
383	0.999999999975947
384	0.999999999975947
385	0.999999999975947
386	0.999999999975947
387	0.999999999975947
388	0.999999999975947
389	0.999999999975947
390	0.999999999975947
391	0.999999999975947
392	0.999999999975947
393	0.999999999975947
394	0.999999999975947
395	0.999999999975947
396	0.999999999975947
397	0.999999999975947
398	0.999999999975947
399	0.999999999975947
400	0.999999999975947
401	0.999999999975947
402	0.999999999975947
403	0.999999999975947
404	0.999999999975947
405	0.999999999975947
406	0.999999999975947
407	0.999999999975947
408	0.999999999975947
409	0.999999999975947
410	0.999999999975947
411	0.999999999975947
412	0.999999999975947
413	0.999999999975947
414	0.999999999975947
415	0.999999999975947
416	0.999999999975947
417	0.999999999975947
418	0.999999999975947
419	0.999999999975947
420	0.999999999975947
421	0.999999999975947
422	0.999999999975947
423	0.999999999975947
424	0.999999999975947
425	0.999999999975947
426	0.999999999975947
427	0.999999999975947
428	0.999999999975947
429	0.999999999975947
430	0.999999999975947
431	0.999999999975947
432	0.999999999975947
433	0.999999999975947
434	0.999999999975947
435	0.999999999975947
436	0.999999999975947
437	0.999999999975947
438	0.999999999975947
439	0.999999999975947
440	0.999999999975947
441	0.999999999975947
442	0.999999999975947
443	0.999999999975947
444	0.999999999975947
445	0.999999999975947
446	0.999999999975947
447	0.999999999975947
448	0.999999999975947
449	0.999999999975947
450	0.999999999975947
451	0.999999999975947
452	0.999999999975947
453	0.999999999975947
454	0.999999999975947
455	0.999999999975947
456	0.999999999975947
457	0.999999999975947
458	0.999999999975947
459	0.999999999975947
460	0.999999999975947
461	0.999999999975947
462	0.999999999975947
463	0.999999999975947
464	0.999999999975947
465	0.999999999975947
466	0.999999999975947
467	0.999999999975947
468	0.999999999975947
469	0.999999999975947
470	0.999999999975947
471	0.999999999975947
472	0.999999999975947
473	0.999999999975947
474	0.999999999975947
475	0.999999999975947
476	0.999999999975947
477	0.999999999975947
478	0.999999999975947
479	0.999999999975947
480	0.999999999975947
481	0.999999999975947
482	0.999999999975947
483	0.999999999975947
484	0.999999999975947
485	0.999999999975947
486	0.999999999975947
487	0.999999999975947
488	0.999999999975947
489	0.999999999975947
490	0.999999999975947
491	0.999999999975947
492	0.999999999975947
493	0.999999999975947
494	0.999999999975947
495	0.999999999975947
496	0.999999999975947
497	0.999999999975947
498	0.999999999975947
499	0.999999999975947
500	0.999999999975947
501	0.999999999975947
502	0.999999999975947
503	0.999999999975947
504	0.999999999975947
505	0.999999999975947
506	0.999999999975947
507	0.999999999975947
508	0.999999999975947
509	0.999999999975947
510	0.999999999975947
511	0.999999999975947
512	0.999999999975947
513	0.999999999975947
514	0.999999999975947
515	0.999999999975947
516	0.999999999975947
517	0.999999999975947
518	0.999999999975947
519	0.999999999975947
520	0.999999999975947
521	0.999999999975947
522	0.999999999975947
523	0.999999999975947
524	0.999999999975947
525	0.999999999975947
526	0.999999999975947
527	0.999999999975947
528	0.999999999975947
529	0.999999999975947
530	0.999999999975947
531	0.999999999975947
532	0.999999999975947
533	0.999999999975947
534	0.999999999975947
535	0.999999999975947
536	0.999999999975947
537	0.999999999975947
538	0.999999999975947
539	0.999999999975947
540	0.999999999975947
541	0.999999999975947
542	0.999999999975947
543	0.999999999975947
544	0.999999999975947
545	0.999999999975947
546	0.999999999975947
547	0.999999999975947
548	0.999999999975947
549	0.999999999975947
550	0.999999999975947
551	0.999999999975947
552	0.999999999975947
553	0.999999999975947
554	0.999999999975947
555	0.999999999975947
556	0.999999999975947
557	0.999999999975947
558	0.999999999975947
559	0.999999999975947
560	0.999999999975947
561	0.999999999975947
562	0.999999999975947
563	0.999999999975947
564	0.999999999975947
565	0.999999999975947
566	0.999999999975947
567	0.999999999975947
568	0.999999999975947
569	0.999999999975947
570	0.999999999975947
571	0.999999999975947
572	0.999999999975947
573	0.999999999975947
574	0.999999999975947
575	0.999999999975947
576	0.999999999975947
577	0.999999999975947
578	0.999999999975947
579	0.999999999975947
580	0.999999999975947
581	0.999999999975947
582	0.999999999975947
583	0.999999999975947
584	0.999999999975947
585	0.999999999975947
586	0.999999999975947
587	0.999999999975947
588	0.999999999975947
589	0.999999999975947
590	0.999999999975947
591	0.999999999975947
592	0.999999999975947
593	0.999999999975947
594	0.999999999975947
595	0.999999999975947
596	0.999999999975947
597	0.999999999975947
598	0.999999999975947
599	0.999999999975947
600	0.999999999975947
601	0.999999999975947
602	0.999999999975947
603	0.999999999975947
604	0.999999999975947
605	0.999999999975947
606	0.999999999975947
607	0.999999999975947
608	0.999999999975947
609	0.999999999975947
610	0.999999999975947
611	0.999999999975947
612	0.999999999975947
613	0.999999999975947
614	0.999999999975947
615	0.999999999975947
616	0.999999999975947
617	0.999999999975947
618	0.999999999975947
619	0.999999999975947
620	0.999999999975947
621	0.999999999975947
622	0.999999999975947
623	0.999999999975947
624	0.999999999975947
625	0.999999999975947
626	0.999999999975947
627	0.999999999975947
628	0.999999999975947
629	0.999999999975947
630	0.999999999975947
631	0.999999999975947
632	0.999999999975947
633	0.999999999975947
634	0.999999999975947
635	0.999999999975947
636	0.999999999975947
637	0.999999999975947
638	0.999999999975947
639	0.999999999975947
640	0.999999999975947
641	0.999999999975947
642	0.999999999975947
643	0.999999999975947
644	0.999999999975947
645	0.999999999975947
646	0.999999999975947
647	0.999999999975947
648	0.999999999975947
649	0.999999999975947
650	0.999999999975947
651	0.999999999975947
652	0.999999999975947
653	0.999999999975947
654	0.999999999975947
655	0.999999999975947
656	0.999999999975947
657	0.999999999975947
658	0.999999999975947
659	0.999999999975947
660	0.999999999975947
661	0.999999999975947
662	0.999999999975947
663	0.999999999975947
664	0.999999999975947
665	0.999999999975947
666	0.999999999975947
667	0.999999999975947
668	0.999999999975947
669	0.999999999975947
670	0.999999999975947
671	0.999999999975947
672	0.999999999975947
673	0.999999999975947
674	0.999999999975947
675	0.999999999975947
676	0.999999999975947
677	0.999999999975947
678	0.999999999975947
679	0.999999999975947
680	0.999999999975947
681	0.999999999975947
682	0.999999999975947
683	0.999999999975947
684	0.999999999975947
685	0.999999999975947
686	0.999999999975947
687	0.999999999975947
688	0.999999999975947
689	0.999999999975947
690	0.999999999975947
691	0.999999999975947
692	0.999999999975947
693	0.999999999975947
694	0.999999999975947
695	0.999999999975947
696	0.999999999975947
697	0.999999999975947
698	0.999999999975947
699	0.999999999975947
700	0.999999999975947
701	0.999999999975947
702	0.999999999975947
703	0.999999999975947
704	0.999999999975947
705	0.999999999975947
706	0.999999999975947
707	0.999999999975947
708	0.999999999975947
709	0.999999999975947
710	0.999999999975947
711	0.999999999975947
712	0.999999999975947
713	0.999999999975947
714	0.999999999975947
715	0.999999999975947
716	0.999999999975947
717	0.999999999975947
718	0.999999999975947
719	0.999999999975947
720	0.999999999975947
721	0.999999999975947
722	0.999999999975947
723	0.999999999975947
724	0.999999999975947
725	0.999999999975947
726	0.999999999975947
727	0.999999999975947
728	0.999999999975947
729	0.999999999975947
730	0.999999999975947
731	0.999999999975947
732	0.999999999975947
733	0.999999999975947
734	0.999999999975947
735	0.999999999975947
736	0.999999999975947
737	0.999999999975947
738	0.999999999975947
739	0.999999999975947
740	0.999999999975947
741	0.999999999975947
742	0.999999999975947
743	0.999999999975947
744	0.999999999975947
745	0.999999999975947
746	0.999999999975947
747	0.999999999975947
748	0.999999999975947
749	0.999999999975947
750	0.999999999975947
751	0.999999999975947
752	0.999999999975947
753	0.999999999975947
754	0.999999999975947
755	0.999999999975947
756	0.999999999975947
757	0.999999999975947
758	0.999999999975947
759	0.999999999975947
760	0.999999999975947
761	0.999999999975947
762	0.999999999975947
763	0.999999999975947
764	0.999999999975947
765	0.999999999975947
766	0.999999999975947
767	0.999999999975947
768	0.999999999975947
769	0.999999999975947
770	0.999999999975947
771	0.999999999975947
772	0.999999999975947
773	0.999999999975947
774	0.999999999975947
775	0.999999999975947
776	0.999999999975947
777	0.999999999975947
778	0.999999999975947
779	0.999999999975947
780	0.999999999975947
781	0.999999999975947
782	0.999999999975947
783	0.999999999975947
784	0.999999999975947
785	0.999999999975947
786	0.999999999975947
787	0.999999999975947
788	0.999999999975947
789	0.999999999975947
790	0.999999999975947
791	0.999999999975947
792	0.999999999975947
793	0.999999999975947
794	0.999999999975947
795	0.999999999975947
796	0.999999999975947
797	0.999999999975947
798	0.999999999975947
799	0.999999999975947
800	0.999999999975947
801	0.999999999975947
802	0.999999999975947
803	0.999999999975947
804	0.999999999975947
805	0.999999999975947
806	0.999999999975947
807	0.999999999975947
808	0.999999999975947
809	0.999999999975947
810	0.999999999975947
811	0.999999999975947
812	0.999999999975947
813	0.999999999975947
814	0.999999999975947
815	0.999999999975947
816	0.999999999975947
817	0.999999999975947
818	0.999999999975947
819	0.999999999975947
820	0.999999999975947
821	0.999999999975947
822	0.999999999975947
823	0.999999999975947
824	0.999999999975947
825	0.999999999975947
826	0.999999999975947
827	0.999999999975947
828	0.999999999975947
829	0.999999999975947
830	0.999999999975947
831	0.999999999975947
832	0.999999999975947
833	0.999999999975947
834	0.999999999975947
835	0.999999999975947
836	0.999999999975947
837	0.999999999975947
838	0.999999999975947
839	0.999999999975947
840	0.999999999975947
841	0.999999999975947
842	0.999999999975947
843	0.999999999975947
844	0.999999999975947
845	0.999999999975947
846	0.999999999975947
847	0.999999999975947
848	0.999999999975947
849	0.999999999975947
850	0.999999999975947
851	0.999999999975947
852	0.999999999975947
853	0.999999999975947
854	0.999999999975947
855	0.999999999975947
856	0.999999999975947
857	0.999999999975947
858	0.999999999975947
859	0.999999999975947
860	0.999999999975947
861	0.999999999975947
862	0.999999999975947
863	0.999999999975947
864	0.999999999975947
865	0.999999999975947
866	0.999999999975947
867	0.999999999975947
868	0.999999999975947
869	0.999999999975947
870	0.999999999975947
871	0.999999999975947
872	0.999999999975947
873	0.999999999975947
874	0.999999999975947
875	0.999999999975947
876	0.999999999975947
877	0.999999999975947
878	0.999999999975947
879	0.999999999975947
880	0.999999999975947
881	0.999999999975947
882	0.999999999975947
883	0.999999999975947
884	0.999999999975947
885	0.999999999975947
886	0.999999999975947
887	0.999999999975947
888	0.999999999975947
889	0.999999999975947
890	0.999999999975947
891	0.999999999975947
892	0.999999999975947
893	0.999999999975947
894	0.999999999975947
895	0.999999999975947
896	0.999999999975947
897	0.999999999975947
898	0.999999999975947
899	0.999999999975947
900	0.999999999975947
901	0.999999999975947
902	0.999999999975947
903	0.999999999975947
904	0.999999999975947
905	0.999999999975947
906	0.999999999975947
907	0.999999999975947
908	0.999999999975947
909	0.999999999975947
910	0.999999999975947
911	0.999999999975947
912	0.999999999975947
913	0.999999999975947
914	0.999999999975947
915	0.999999999975947
916	0.999999999975947
917	0.999999999975947
918	0.999999999975947
919	0.999999999975947
920	0.999999999975947
921	0.999999999975947
922	0.999999999975947
923	0.999999999975947
924	0.999999999975947
925	0.999999999975947
926	0.999999999975947
927	0.999999999975947
928	0.999999999975947
929	0.999999999975947
930	0.999999999975947
931	0.999999999975947
932	0.999999999975947
933	0.999999999975947
934	0.999999999975947
935	0.999999999975947
936	0.999999999975947
937	0.999999999975947
938	0.999999999975947
939	0.999999999975947
940	0.999999999975947
941	0.999999999975947
942	0.999999999975947
943	0.999999999975947
944	0.999999999975947
945	0.999999999975947
946	0.999999999975947
947	0.999999999975947
948	0.999999999975947
949	0.999999999975947
950	0.999999999975947
951	0.999999999975947
952	0.999999999975947
953	0.999999999975947
954	0.999999999975947
955	0.999999999975947
956	0.999999999975947
957	0.999999999975947
958	0.999999999975947
959	0.999999999975947
960	0.999999999975947
961	0.999999999975947
962	0.999999999975947
963	0.999999999975947
964	0.999999999975947
965	0.999999999975947
966	0.999999999975947
967	0.999999999975947
968	0.999999999975947
969	0.999999999975947
970	0.999999999975947
971	0.999999999975947
972	0.999999999975947
973	0.999999999975947
974	0.999999999975947
975	0.999999999975947
976	0.999999999975947
977	0.999999999975947
978	0.999999999975947
979	0.999999999975947
980	0.999999999975947
981	0.999999999975947
982	0.999999999975947
983	0.999999999975947
984	0.999999999975947
985	0.999999999975947
986	0.999999999975947
987	0.999999999975947
988	0.999999999975947
989	0.999999999975947
990	0.999999999975947
991	0.999999999975947
992	0.999999999975947
993	0.999999999975947
994	0.999999999975947
995	0.999999999975947
996	0.999999999975947
997	0.999999999975947
998	0.999999999975947
999	0.999999999975947
1000	0.999999999975947
1001	0.999999999975947
1002	0.999999999975947
1003	0.999999999975947
1004	0.999999999975947
1005	0.999999999975947
1006	0.999999999975947
1007	0.999999999975947
1008	0.999999999975947
1009	0.999999999975947
1010	0.999999999975947
1011	0.999999999975947
1012	0.999999999975947
1013	0.999999999975947
1014	0.999999999975947
1015	0.999999999975947
1016	0.999999999975947
1017	0.999999999975947
1018	0.999999999975947
1019	0.999999999975947
1020	0.999999999975947
1021	0.999999999975947
1022	0.999999999975947
1023	0.999999999975947
1024	0.999999999975947
1025	0.999999999975947
1026	0.999999999975947
1027	0.999999999975947
1028	0.999999999975947
1029	0.999999999975947
1030	0.999999999975947
1031	0.999999999975947
1032	0.999999999975947
1033	0.999999999975947
1034	0.999999999975947
1035	0.999999999975947
1036	0.999999999975947
1037	0.999999999975947
1038	0.999999999975947
1039	0.999999999975947
1040	0.999999999975947
1041	0.999999999975947
1042	0.999999999975947
1043	0.999999999975947
1044	0.999999999975947
1045	0.999999999975947
1046	0.999999999975947
1047	0.999999999975947
1048	0.999999999975947
1049	0.999999999975947
1050	0.999999999975947
1051	0.999999999975947
1052	0.999999999975947
1053	0.999999999975947
1054	0.999999999975947
1055	0.999999999975947
1056	0.999999999975947
1057	0.999999999975947
1058	0.999999999975947
1059	0.999999999975947
1060	0.999999999975947
1061	0.999999999975947
1062	0.999999999975947
1063	0.999999999975947
1064	0.999999999975947
1065	0.999999999975947
1066	0.999999999975947
1067	0.999999999975947
1068	0.999999999975947
1069	0.999999999975947
1070	0.999999999975947
1071	0.999999999975947
1072	0.999999999975947
1073	0.999999999975947
1074	0.999999999975947
1075	0.999999999975947
1076	0.999999999975947
1077	0.999999999975947
1078	0.999999999975947
1079	0.999999999975947
1080	0.999999999975947
1081	0.999999999975947
1082	0.999999999975947
1083	0.999999999975947
1084	0.999999999975947
1085	0.999999999975947
1086	0.999999999975947
1087	0.999999999975947
1088	0.999999999975947
1089	0.999999999975947
1090	0.999999999975947
1091	0.999999999975947
1092	0.999999999975947
1093	0.999999999975947
1094	0.999999999975947
1095	0.999999999975947
1096	0.999999999975947
1097	0.999999999975947
1098	0.999999999975947
1099	0.999999999975947
1100	0.999999999975947
1101	0.999999999975947
1102	0.999999999975947
1103	0.999999999975947
1104	0.999999999975947
1105	0.999999999975947
1106	0.999999999975947
1107	0.999999999975947
1108	0.999999999975947
1109	0.999999999975947
1110	0.999999999975947
1111	0.999999999975947
1112	0.999999999975947
1113	0.999999999975947
1114	0.999999999975947
1115	0.999999999975947
1116	0.999999999975947
1117	0.999999999975947
1118	0.999999999975947
1119	0.999999999975947
1120	0.999999999975947
1121	0.999999999975947
1122	0.999999999975947
1123	0.999999999975947
1124	0.999999999975947
1125	0.999999999975947
1126	0.999999999975947
1127	0.999999999975947
1128	0.999999999975947
1129	0.999999999975947
1130	0.999999999975947
1131	0.999999999975947
1132	0.999999999975947
1133	0.999999999975947
1134	0.999999999975947
1135	0.999999999975947
1136	0.999999999975947
1137	0.999999999975947
1138	0.999999999975947
1139	0.999999999975947
1140	0.999999999975947
1141	0.999999999975947
1142	0.999999999975947
1143	0.999999999975947
1144	0.999999999975947
1145	0.999999999975947
1146	0.999999999975947
1147	0.999999999975947
1148	0.999999999975947
1149	0.999999999975947
1150	0.999999999975947
1151	0.999999999975947
1152	0.999999999975947
1153	0.999999999975947
1154	0.999999999975947
1155	0.999999999975947
1156	0.999999999975947
1157	0.999999999975947
1158	0.999999999975947
1159	0.999999999975947
1160	0.999999999975947
1161	0.999999999975947
1162	0.999999999975947
1163	0.999999999975947
1164	0.999999999975947
1165	0.999999999975947
1166	0.999999999975947
1167	0.999999999975947
1168	0.999999999975947
1169	0.999999999975947
1170	0.999999999975947
1171	0.999999999975947
1172	0.999999999975947
1173	0.999999999975947
1174	0.999999999975947
1175	0.999999999975947
1176	0.999999999975947
1177	0.999999999975947
1178	0.999999999975947
1179	0.999999999975947
1180	0.999999999975947
1181	0.999999999975947
1182	0.999999999975947
1183	0.999999999975947
1184	0.999999999975947
1185	0.999999999975947
1186	0.999999999975947
1187	0.999999999975947
1188	0.999999999975947
1189	0.999999999975947
1190	0.999999999975947
1191	0.999999999975947
1192	0.999999999975947
1193	0.999999999975947
1194	0.999999999975947
1195	0.999999999975947
1196	0.999999999975947
1197	0.999999999975947
1198	0.999999999975947
1199	0.999999999975947
1200	0.999999999975947
1201	0.999999999975947
1202	0.999999999975947
1203	0.999999999975947
1204	0.999999999975947
1205	0.999999999975947
1206	0.999999999975947
1207	0.999999999975947
1208	0.999999999975947
1209	0.999999999975947
1210	0.999999999975947
1211	0.999999999975947
1212	0.999999999975947
1213	0.999999999975947
1214	0.999999999975947
1215	0.999999999975947
1216	0.999999999975947
1217	0.999999999975947
1218	0.999999999975947
1219	0.999999999975947
1220	0.999999999975947
1221	0.999999999975947
1222	0.999999999975947
1223	0.999999999975947
1224	0.999999999975947
1225	0.999999999975947
1226	0.999999999975947
1227	0.999999999975947
1228	0.999999999975947
1229	0.999999999975947
1230	0.999999999975947
1231	0.999999999975947
1232	0.999999999975947
1233	0.999999999975947
1234	0.999999999975947
1235	0.999999999975947
1236	0.999999999975947
1237	0.999999999975947
1238	0.999999999975947
1239	0.999999999975947
1240	0.999999999975947
1241	0.999999999975947
1242	0.999999999975947
1243	0.999999999975947
1244	0.999999999975947
1245	0.999999999975947
1246	0.999999999975947
1247	0.999999999975947
1248	0.999999999975947
1249	0.999999999975947
1250	0.999999999975947
1251	0.999999999975947
1252	0.999999999975947
1253	0.999999999975947
1254	0.999999999975947
1255	0.999999999975947
1256	0.999999999975947
1257	0.999999999975947
1258	0.999999999975947
1259	0.999999999975947
1260	0.999999999975947
1261	0.999999999975947
1262	0.999999999975947
1263	0.999999999975947
1264	0.999999999975947
1265	0.999999999975947
1266	0.999999999975947
1267	0.999999999975947
1268	0.999999999975947
1269	0.999999999975947
1270	0.999999999975947
1271	0.999999999975947
1272	0.999999999975947
1273	0.999999999975947
1274	0.999999999975947
1275	0.999999999975947
1276	0.999999999975947
1277	0.999999999975947
1278	0.999999999975947
1279	0.999999999975947
1280	0.999999999975947
1281	0.999999999975947
1282	0.999999999975947
1283	0.999999999975947
1284	0.999999999975947
1285	0.999999999975947
1286	0.999999999975947
1287	0.999999999975947
1288	0.999999999975947
1289	0.999999999975947
1290	0.999999999975947
1291	0.999999999975947
1292	0.999999999975947
1293	0.999999999975947
1294	0.999999999975947
1295	0.999999999975947
1296	0.999999999975947
1297	0.999999999975947
1298	0.999999999975947
1299	0.999999999975947
1300	0.999999999975947
1301	0.999999999975947
1302	0.999999999975947
1303	0.999999999975947
1304	0.999999999975947
1305	0.999999999975947
1306	0.999999999975947
1307	0.999999999975947
1308	0.999999999975947
1309	0.999999999975947
1310	0.999999999975947
1311	0.999999999975947
1312	0.999999999975947
1313	0.999999999975947
1314	0.999999999975947
1315	0.999999999975947
1316	0.999999999975947
1317	0.999999999975947
1318	0.999999999975947
1319	0.999999999975947
1320	0.999999999975947
1321	0.999999999975947
1322	0.999999999975947
1323	0.999999999975947
1324	0.999999999975947
1325	0.999999999975947
1326	0.999999999975947
1327	0.999999999975947
1328	0.999999999975947
1329	0.999999999975947
1330	0.999999999975947
1331	0.999999999975947
1332	0.999999999975947
1333	0.999999999975947
1334	0.999999999975947
1335	0.999999999975947
1336	0.999999999975947
1337	0.999999999975947
1338	0.999999999975947
1339	0.999999999975947
1340	0.999999999975947
1341	0.999999999975947
1342	0.999999999975947
1343	0.999999999975947
1344	0.999999999975947
1345	0.999999999975947
1346	0.999999999975947
1347	0.999999999975947
1348	0.999999999975947
1349	0.999999999975947
1350	0.999999999975947
1351	0.999999999975947
1352	0.999999999975947
1353	0.999999999975947
1354	0.999999999975947
1355	0.999999999975947
1356	0.999999999975947
1357	0.999999999975947
1358	0.999999999975947
1359	0.999999999975947
1360	0.999999999975947
1361	0.999999999975947
1362	0.999999999975947
1363	0.999999999975947
1364	0.999999999975947
1365	0.999999999975947
1366	0.999999999975947
1367	0.999999999975947
1368	0.999999999975947
1369	0.999999999975947
1370	0.999999999975947
1371	0.999999999975947
1372	0.999999999975947
1373	0.999999999975947
1374	0.999999999975947
1375	0.999999999975947
1376	0.999999999975947
1377	0.999999999975947
1378	0.999999999975947
1379	0.999999999975947
1380	0.999999999975947
1381	0.999999999975947
1382	0.999999999975947
1383	0.999999999975947
1384	0.999999999975947
1385	0.999999999975947
1386	0.999999999975947
1387	0.999999999975947
1388	0.999999999975947
1389	0.999999999975947
1390	0.999999999975947
1391	0.999999999975947
1392	0.999999999975947
1393	0.999999999975947
1394	0.999999999975947
1395	0.999999999975947
1396	0.999999999975947
1397	0.999999999975947
1398	0.999999999975947
1399	0.999999999975947
1400	0.999999999975947
1401	0.999999999975947
1402	0.999999999975947
1403	0.999999999975947
1404	0.999999999975947
1405	0.999999999975947
1406	0.999999999975947
1407	0.999999999975947
1408	0.999999999975947
1409	0.999999999975947
1410	0.999999999975947
1411	0.999999999975947
1412	0.999999999975947
1413	0.999999999975947
1414	0.999999999975947
1415	0.999999999975947
1416	0.999999999975947
1417	0.999999999975947
1418	0.999999999975947
1419	0.999999999975947
1420	0.999999999975947
1421	0.999999999975947
1422	0.999999999975947
1423	0.999999999975947
1424	0.999999999975947
1425	0.999999999975947
1426	0.999999999975947
1427	0.999999999975947
1428	0.999999999975947
1429	0.999999999975947
1430	0.999999999975947
1431	0.999999999975947
1432	0.999999999975947
1433	0.999999999975947
1434	0.999999999975947
1435	0.999999999975947
1436	0.999999999975947
1437	0.999999999975947
1438	0.999999999975947
1439	0.999999999975947
1440	0.999999999975947
1441	0.999999999975947
1442	0.999999999975947
1443	0.999999999975947
1444	0.999999999975947
1445	0.999999999975947
1446	0.999999999975947
1447	0.999999999975947
1448	0.999999999975947
1449	0.999999999975947
1450	0.999999999975947
1451	0.999999999975947
1452	0.999999999975947
1453	0.999999999975947
1454	0.999999999975947
1455	0.999999999975947
1456	0.999999999975947
1457	0.999999999975947
1458	0.999999999975947
1459	0.999999999975947
1460	0.999999999975947
1461	0.999999999975947
1462	0.999999999975947
1463	0.999999999975947
1464	0.999999999975947
1465	0.999999999975947
1466	0.999999999975947
1467	0.999999999975947
1468	0.999999999975947
1469	0.999999999975947
1470	0.999999999975947
1471	0.999999999975947
1472	0.999999999975947
1473	0.999999999975947
1474	0.999999999975947
1475	0.999999999975947
1476	0.999999999975947
1477	0.999999999975947
1478	0.999999999975947
1479	0.999999999975947
1480	0.999999999975947
1481	0.999999999975947
1482	0.999999999975947
1483	0.999999999975947
1484	0.999999999975947
1485	0.999999999975947
1486	0.999999999975947
1487	0.999999999975947
1488	0.999999999975947
1489	0.999999999975947
1490	0.999999999975947
1491	0.999999999975947
1492	0.999999999975947
1493	0.999999999975947
1494	0.999999999975947
1495	0.999999999975947
1496	0.999999999975947
1497	0.999999999975947
1498	0.999999999975947
1499	0.999999999975947
1500	0.999999999975947
1501	0.999999999975947
1502	0.999999999975947
1503	0.999999999975947
1504	0.999999999975947
1505	0.999999999975947
1506	0.999999999975947
1507	0.999999999975947
1508	0.999999999975947
1509	0.999999999975947
1510	0.999999999975947
1511	0.999999999975947
1512	0.999999999975947
1513	0.999999999975947
1514	0.999999999975947
1515	0.999999999975947
1516	0.999999999975947
1517	0.999999999975947
1518	0.999999999975947
1519	0.999999999975947
1520	0.999999999975947
1521	0.999999999975947
1522	0.999999999975947
1523	0.999999999975947
1524	0.999999999975947
1525	0.999999999975947
1526	0.999999999975947
1527	0.999999999975947
1528	0.999999999975947
1529	0.999999999975947
1530	0.999999999975947
1531	0.999999999975947
1532	0.999999999975947
1533	0.999999999975947
1534	0.999999999975947
1535	0.999999999975947
1536	0.999999999975947
1537	0.999999999975947
1538	0.999999999975947
1539	0.999999999975947
1540	0.999999999975947
1541	0.999999999975947
1542	0.999999999975947
1543	0.999999999975947
1544	0.999999999975947
1545	0.999999999975947
1546	0.999999999975947
1547	0.999999999975947
1548	0.999999999975947
1549	0.999999999975947
1550	0.999999999975947
1551	0.999999999975947
1552	0.999999999975947
1553	0.999999999975947
1554	0.999999999975947
1555	0.999999999975947
1556	0.999999999975947
1557	0.999999999975947
1558	0.999999999975947
1559	0.999999999975947
1560	0.999999999975947
1561	0.999999999975947
1562	0.999999999975947
1563	0.999999999975947
1564	0.999999999975947
1565	0.999999999975947
1566	0.999999999975947
1567	0.999999999975947
1568	0.999999999975947
1569	0.999999999975947
1570	0.999999999975947
1571	0.999999999975947
1572	0.999999999975947
1573	0.999999999975947
1574	0.999999999975947
1575	0.999999999975947
1576	0.999999999975947
1577	0.999999999975947
1578	0.999999999975947
1579	0.999999999975947
1580	0.999999999975947
1581	0.999999999975947
1582	0.999999999975947
1583	0.999999999975947
1584	0.999999999975947
1585	0.999999999975947
1586	0.999999999975947
1587	0.999999999975947
1588	0.999999999975947
1589	0.999999999975947
1590	0.999999999975947
1591	0.999999999975947
1592	0.999999999975947
1593	0.999999999975947
1594	0.999999999975947
1595	0.999999999975947
1596	0.999999999975947
1597	0.999999999975947
1598	0.999999999975947
1599	0.999999999975947
1600	0.999999999975947
1601	0.999999999975947
1602	0.999999999975947
1603	0.999999999975947
1604	0.999999999975947
1605	0.999999999975947
1606	0.999999999975947
1607	0.999999999975947
1608	0.999999999975947
1609	0.999999999975947
1610	0.999999999975947
1611	0.999999999975947
1612	0.999999999975947
1613	0.999999999975947
1614	0.999999999975947
1615	0.999999999975947
1616	0.999999999975947
1617	0.999999999975947
1618	0.999999999975947
1619	0.999999999975947
1620	0.999999999975947
1621	0.999999999975947
1622	0.999999999975947
1623	0.999999999975947
1624	0.999999999975947
1625	0.999999999975947
1626	0.999999999975947
1627	0.999999999975947
1628	0.999999999975947
1629	0.999999999975947
1630	0.999999999975947
1631	0.999999999975947
1632	0.999999999975947
1633	0.999999999975947
1634	0.999999999975947
1635	0.999999999975947
1636	0.999999999975947
1637	0.999999999975947
1638	0.999999999975947
1639	0.999999999975947
1640	0.999999999975947
1641	0.999999999975947
1642	0.999999999975947
1643	0.999999999975947
1644	0.999999999975947
1645	0.999999999975947
1646	0.999999999975947
1647	0.999999999975947
1648	0.999999999975947
1649	0.999999999975947
1650	0.999999999975947
1651	0.999999999975947
1652	0.999999999975947
1653	0.999999999975947
1654	0.999999999975947
1655	0.999999999975947
1656	0.999999999975947
1657	0.999999999975947
1658	0.999999999975947
1659	0.999999999975947
1660	0.999999999975947
1661	0.999999999975947
1662	0.999999999975947
1663	0.999999999975947
1664	0.999999999975947
1665	0.999999999975947
1666	0.999999999975947
1667	0.999999999975947
1668	0.999999999975947
1669	0.999999999975947
1670	0.999999999975947
1671	0.999999999975947
1672	0.999999999975947
1673	0.999999999975947
1674	0.999999999975947
1675	0.999999999975947
1676	0.999999999975947
1677	0.999999999975947
1678	0.999999999975947
1679	0.999999999975947
1680	0.999999999975947
1681	0.999999999975947
1682	0.999999999975947
1683	0.999999999975947
1684	0.999999999975947
1685	0.999999999975947
1686	0.999999999975947
1687	0.999999999975947
1688	0.999999999975947
1689	0.999999999975947
1690	0.999999999975947
1691	0.999999999975947
1692	0.999999999975947
1693	0.999999999975947
1694	0.999999999975947
1695	0.999999999975947
1696	0.999999999975947
1697	0.999999999975947
1698	0.999999999975947
1699	0.999999999975947
1700	0.999999999975947
1701	0.999999999975947
1702	0.999999999975947
1703	0.999999999975947
1704	0.999999999975947
1705	0.999999999975947
1706	0.999999999975947
1707	0.999999999975947
1708	0.999999999975947
1709	0.999999999975947
1710	0.999999999975947
1711	0.999999999975947
1712	0.999999999975947
1713	0.999999999975947
1714	0.999999999975947
1715	0.999999999975947
1716	0.999999999975947
1717	0.999999999975947
1718	0.999999999975947
1719	0.999999999975947
1720	0.999999999975947
1721	0.999999999975947
1722	0.999999999975947
1723	0.999999999975947
1724	0.999999999975947
1725	0.999999999975947
1726	0.999999999975947
1727	0.999999999975947
1728	0.999999999975947
1729	0.999999999975947
1730	0.999999999975947
1731	0.999999999975947
1732	0.999999999975947
1733	0.999999999975947
1734	0.999999999975947
1735	0.999999999975947
1736	0.999999999975947
1737	0.999999999975947
1738	0.999999999975947
1739	0.999999999975947
1740	0.999999999975947
1741	0.999999999975947
1742	0.999999999975947
1743	0.999999999975947
1744	0.999999999975947
1745	0.999999999975947
1746	0.999999999975947
1747	0.999999999975947
1748	0.999999999975947
1749	0.999999999975947
1750	0.999999999975947
1751	0.999999999975947
1752	0.999999999975947
1753	0.999999999975947
1754	0.999999999975947
1755	0.999999999975947
1756	0.999999999975947
1757	0.999999999975947
1758	0.999999999975947
1759	0.999999999975947
1760	0.999999999975947
1761	0.999999999975947
1762	0.999999999975947
1763	0.999999999975947
1764	0.999999999975947
1765	0.999999999975947
1766	0.999999999975947
1767	0.999999999975947
1768	0.999999999975947
1769	0.999999999975947
1770	0.999999999975947
1771	0.999999999975947
1772	0.999999999975947
1773	0.999999999975947
1774	0.999999999975947
1775	0.999999999975947
1776	0.999999999975947
1777	0.999999999975947
1778	0.999999999975947
1779	0.999999999975947
1780	0.999999999975947
1781	0.999999999975947
1782	0.999999999975947
1783	0.999999999975947
1784	0.999999999975947
1785	0.999999999975947
1786	0.999999999975947
1787	0.999999999975947
1788	0.999999999975947
1789	0.999999999975947
1790	0.999999999975947
1791	0.999999999975947
1792	0.999999999975947
1793	0.999999999975947
1794	0.999999999975947
1795	0.999999999975947
1796	0.999999999975947
1797	0.999999999975947
1798	0.999999999975947
1799	0.999999999975947
1800	0.999999999975947
1801	0.999999999975947
1802	0.999999999975947
1803	0.999999999975947
1804	0.999999999975947
1805	0.999999999975947
1806	0.999999999975947
1807	0.999999999975947
1808	0.999999999975947
1809	0.999999999975947
1810	0.999999999975947
1811	0.999999999975947
1812	0.999999999975947
1813	0.999999999975947
1814	0.999999999975947
1815	0.999999999975947
1816	0.999999999975947
1817	0.999999999975947
1818	0.999999999975947
1819	0.999999999975947
1820	0.999999999975947
1821	0.999999999975947
1822	0.999999999975947
1823	0.999999999975947
1824	0.999999999975947
1825	0.999999999975947
1826	0.999999999975947
1827	0.999999999975947
1828	0.999999999975947
1829	0.999999999975947
1830	0.999999999975947
1831	0.999999999975947
1832	0.999999999975947
1833	0.999999999975947
1834	0.999999999975947
1835	0.999999999975947
1836	0.999999999975947
1837	0.999999999975947
1838	0.999999999975947
1839	0.999999999975947
1840	0.999999999975947
1841	0.999999999975947
1842	0.999999999975947
1843	0.999999999975947
1844	0.999999999975947
1845	0.999999999975947
1846	0.999999999975947
1847	0.999999999975947
1848	0.999999999975947
1849	0.999999999975947
1850	0.999999999975947
1851	0.999999999975947
1852	0.999999999975947
1853	0.999999999975947
1854	0.999999999975947
1855	0.999999999975947
1856	0.999999999975947
1857	0.999999999975947
1858	0.999999999975947
1859	0.999999999975947
1860	0.999999999975947
1861	0.999999999975947
1862	0.999999999975947
1863	0.999999999975947
1864	0.999999999975947
1865	0.999999999975947
1866	0.999999999975947
1867	0.9999999999759469
1868	0.9999999999759469
1869	0.9999999999759468
1870	0.9999999999759467
1871	0.9999999999759465
1872	0.9999999999759462
1873	0.9999999999759459
1874	0.9999999999759454
1875	0.9999999999759446
1876	0.9999999999759435
1877	0.9999999999759419
1878	0.9999999999759396
1879	0.9999999999759364
1880	0.9999999999759318
1881	0.9999999999759253
1882	0.999999999975916
1883	0.9999999999759029
1884	0.9999999999758845
1885	0.9999999999758584
1886	0.9999999999758218
1887	0.9999999999757703
1888	0.9999999999756982
1889	0.9999999999755974
1890	0.9999999999754567
1891	0.9999999999752607
1892	0.9999999999749883
1893	0.9999999999746104
1894	0.9999999999740874
1895	0.9999999999733646
1896	0.9999999999723681
1897	0.999999999970997
1898	0.999999999969114
1899	0.9999999999665337
1900	0.9999999999630045
1901	0.9999999999581877
1902	0.9999999999516266
1903	0.9999999999427079
1904	0.9999999999306094
1905	0.9999999999142306
1906	0.9999999998921025
1907	0.9999999998622684
1908	0.999999999822127
1909	0.999999999768228
1910	0.9999999996960053
1911	0.9999999995994283
1912	0.9999999994705506
1913	0.9999999992989239
1914	0.9999999990708401
1915	0.9999999987683541
1916	0.999999998368026
1917	0.9999999978393059
1918	0.9999999971424659
1919	0.9999999962259561
1920	0.9999999950230368
1921	0.999999993447494
1922	0.9999999913882063
1923	0.9999999887022692
1924	0.9999999852063176
1925	0.9999999806655985
1926	0.9999999747802482
1927	0.9999999671680994
1928	0.9999999573431957
1929	0.9999999446890091
1930	0.9999999284251401
1931	0.9999999075660191
1932	0.99999988086982
1933	0.9999998467754275
1934	0.9999998033248704
1935	0.9999997480681124
1936	0.9999996779465019
1937	0.9999995891504684
1938	0.9999994769462409
1939	0.9999993354654093
1940	0.9999991574500502
1941	0.9999989339448749
1942	0.9999986539264057
1943	0.9999983038575329
1944	0.9999978671539276
1945	0.9999973235466636
1946	0.9999966483230152
1947	0.9999958114247325
1948	0.9999947763801317
1949	0.9999934990430588
1950	0.999991926108188
1951	0.9999899933681917
1952	0.9999876236740645
1953	0.9999847245553182
1954	0.9999811854519001
1955	0.99997687450455
1956	0.9999716348449584
1957	0.9999652803215625
1958	0.9999575905912047
1959	0.9999483055012724
1960	0.9999371186814514
1961	0.9999236702590026
1962	0.9999075386066782
1963	0.9998882310282049
1964	0.9998651732829207
1965	0.9998376978488706
1966	0.999805030822739
1967	0.9997662773556988
1968	0.9997204055269111
1969	0.9996662285613503
1970	0.999602385306192
1971	0.9995273188905544
1972	0.9994392535072621
1973	0.9993361692728702
1974	0.9992157751437357
1975	0.9990754798917851
1976	0.9989123611740011
1977	0.9987231327647568
1978	0.998504110060051
1979	0.998251174007465
1980	0.9979597336651753
1981	0.9976246876474093
1982	0.9972403847719471
1983	0.9968005842871598
1984	0.9962984161209456
1985	0.9957263416609233
1986	0.9950761156433401
1987	0.9943387497961175
1988	0.9935044789479089
1989	0.9925627303783762
1990	0.991502097243406
1991	0.9903103169607882
1992	0.9889742554849957
1993	0.9874798984320851
1994	0.9858123500352878
1995	0.9839558409165162
1996	0.9818937456467547
1997	0.9796086110372911
1998	0.9770821960522651
1999	0.9742955241596737
2000	0.9712289488416773
2001	0.9678622328651049
2002	0.9641746417692255
2003	0.9601450518604259
2004	0.9557520728132506
2005	0.9509741847657902
2006	0.9457898895667349
2007	0.9401778755842929
2008	0.9341171952269958
2009	0.9275874540571942
2010	0.920569010104386
2011	0.9130431817125367
2012	0.9049924619888173
2013	0.8964007376665888
2014	0.8872535099591478
2015	0.877538114768903
2016	0.8672439394354352
2017	0.8563626330612174
2018	0.8448883073511708
2019	0.832817724846671
2020	0.8201504714303552
2021	0.8068891100284824
2022	0.7930393125450114
2023	0.7786099672272027
2024	0.7636132588863688
2025	0.7480647196780492
2026	0.7319832484806599
2027	0.7153910972964929
2028	0.698313823528427
2029	0.6807802074532125
2030	0.6628221347099049
2031	0.6444744441411658
2032	0.6257747418561056
2033	0.6067631829158733
2034	0.5874822225667299
2035	0.5679763394491205
2036	0.5482917336847135
2037	0.5284760031763208
2038	0.5085778018385487
2039	0.48864648380135844
2040	0.4687317378870376
2041	0.44888321684732035
2042	0.42915016595702693
2043	0.40958105559077607
2044	0.3902232223589469
2045	0.37112252324883893
2046	0.3523230070093953
2047	0.3338666067371354
2048	0.3157928572729529
2049	0.2981386406115125
2050	0.2809379620657535
2051	0.26422175942818354
2052	0.24801774683874447
2053	0.23235029451711256
2054	0.217240344956699
2055	0.20270536561964814
2056	0.18875933762779987
2057	0.17541277942433578
2058	0.16267280389429054
2059	0.15054320698788454
2060	0.1390245854961079
2061	0.1281144812891903
2062	0.1178075490500984
2063	0.10809574432006325
2064	0.09896852852287194
2065	0.09041308754926379
2066	0.08241456046082125
2067	0.07495627491145353
2068	0.06801998597995991
2069	0.061586115254193274
2070	0.055633987200129076
2071	0.05014206008110957
2072	0.045088148956639186
2073	0.04044963857904601
2074	0.036203684312717865
2075	0.032327399517205244
2076	0.028798028155280583
2077	0.02559310170351383
2078	0.022690579750095776
2079	0.020068973957210252
2080	0.017707455338671036
2081	0.015585945054045428
2082	0.013685189145157218
2083	0.011986817837596815
2084	0.010473390197372933
2085	0.009128425070589443
2086	0.007936419342202456
2087	0.006882854629321154
2088	0.005954193576528936
2089	0.005137866947153529
2090	0.004422252707509866
2091	0.00379664828336341
2092	0.0032512371318869386
2093	0.0027770507209858466
2094	0.0023659269438448243
2095	0.0020104659226521213
2096	0.0017039840743275079
2097	0.0014404672251957414
2098	0.0012145234731861724
2099	0.0010213364073454563
2100	0.0008566192070155641
2101	0.0007165700584801247
2102	0.0005978292464787455
2103	0.000497438202729141
2104	0.00041280072422804104
2105	0.00034164651113694427
2106	0.0002819971177971095
2107	0.00023213436096861323
2108	0.0001905711866942831
2109	0.00015602496105480263
2110	0.00012739312019640045
2111	0.00010373109097856383
2112	8.423237494201776e-05
2113	6.821067452884494e-05
2114	5.508393106466182e-05
2115	4.4360138397239383e-05
2116	3.5624793743660984e-05
2117	2.8529847714464513e-05
2118	2.278401817156636e-05
2119	1.8144337085420267e-05
2120	1.4408805473947298e-05
2121	1.1410038462194525e-05
2122	9.00979017242934e-06
2123	7.0942562584107215e-06
2124	5.57006019656729e-06
2125	4.360837742961483e-06
2126	3.4043420981377087e-06
2127	2.6500001665334093e-06
2128	2.0568577581653883e-06
2129	1.5918585899540682e-06
2130	1.2284084578458368e-06
2131	9.451819441359482e-07
2132	7.251344887435332e-07
2133	5.546875935261124e-07
2134	4.2305936028603174e-07
2135	3.2171650898474567e-07
2136	2.439275115247891e-07
2137	1.843995406858578e-07
2138	1.389846079472167e-07
2139	1.0444258336539028e-07
2140	7.82507905742825e-08
2141	5.845158450165863e-08
2142	4.353078111919671e-08
2143	3.2321048012580766e-08
2144	2.392541003461644e-08
2145	1.765690161382327e-08
2146	1.2991129775174275e-08
2147	9.529120474965002e-09
2148	6.9683239758234726e-09
2149	5.080068967952177e-09
2150	3.692094172366071e-09
2151	2.67506252414398e-09
2152	1.9321872818646115e-09
2153	1.3912805485569019e-09
2154	9.986803531896798e-10
2155	7.146290598905881e-10
2156	5.097688277278265e-10
2157	3.624936168646562e-10
2158	2.5695553397566205e-10
2159	1.8156918089499176e-10
2160	1.2789361124492558e-10
2161	8.97995415288757e-11
2162	6.285125044646199e-11
2163	4.384945765248172e-11
2164	3.049446239828146e-11
2165	2.1138789948863675e-11
2166	1.4606211033797788e-11
2167	1.0059797244098396e-11
2168	6.906070037979111e-12
2169	4.725618873079644e-12
2170	3.2230587376797416e-12
2171	2.1910656748104535e-12
2172	1.484622479154815e-12
2173	1.0026420778527372e-12
2174	6.749022190755962e-13
2175	4.527897405099876e-13
2176	3.02767203692119e-13
2177	2.0177777533914398e-13
2178	1.3402498712200902e-13
2179	8.872414851516686e-14
2180	5.853790593852029e-14
2181	3.8491730354845e-14
2182	2.522482771481843e-14
2183	1.6474608147422873e-14
2184	1.0723181483135383e-14
2185	6.955837703938099e-15
2186	4.496638415337364e-15
2187	2.8969081868331434e-15
2188	1.8598812113582508e-15
2189	1.1899667947650444e-15
2190	7.587156837799308e-16
2191	4.820735037432784e-16
2192	3.0523393576936856e-16
2193	1.9258970710476315e-16
2194	1.210902988176399e-16
2195	7.586770477420107e-17
2196	4.736648132449004e-17
2197	2.946776011101586e-17
2198	1.826754405689709e-17
2199	1.1284060893677506e-17
2200	6.945412663192707e-18
2201	4.2596428830771804e-18
2202	2.60307047856834e-18
2203	1.5850075364742632e-18
2204	9.616221156070824e-19
2205	5.81299926793748e-19
2206	3.501174728121339e-19
2207	2.1010671801738546e-19
2208	1.2562429692682977e-19
2209	7.483586506205486e-20
2210	4.441638470528992e-20
2211	2.6264475342293618e-20
2212	1.5473235609351754e-20
2213	9.081867945159695e-21
2214	5.310624306003622e-21
2215	3.0937627692720804e-21
2216	1.7955360112024117e-21
2217	1.0381533829380086e-21
2218	5.97976058349522e-22
2219	3.431274617042952e-22
2220	1.9614221304229355e-22
2221	1.1169276515998915e-22
2222	6.33595116926221e-23
2223	3.5803525908545075e-23
2224	2.0154003232004815e-23
2225	1.1300891701375578e-23
2226	6.312105355579685e-24
2227	3.511883786783586e-24
2228	1.9462767627578386e-24
2229	1.074389551414287e-24
2230	5.907527925007785e-25
2231	3.2354201676239555e-25
2232	1.764942326252139e-25
2233	9.589572733773354e-26
2234	5.189563691434551e-26
2235	2.797172061546347e-26
2236	1.5016133332789987e-26
2237	8.028630218021257e-27
2238	4.275264245302093e-27
2239	2.267338446993028e-27
2240	1.1975545167627019e-27
2241	6.299316163108804e-28
2242	3.2999264849585186e-28
2243	1.7215569501365502e-28
2244	8.94413342548841e-29
2245	4.627520129209323e-29
2246	2.3842122309628587e-29
2247	1.2232673350540113e-29
2248	6.249870110788946e-30
2249	3.179706030157863e-30
2250	1.610877380794112e-30
2251	8.126258711405001e-31
2252	4.08192023792128e-31
2253	2.041630275449215e-31
2254	1.0167667679277624e-31
2255	5.041852606224127e-32
2256	2.48929484384037e-32
2257	1.2236936437082736e-32
2258	5.989243344640491e-33
2259	2.9185474894108077e-33
2260	1.415955878455701e-33
2261	6.8393269901510675e-34
2262	3.2888963265858684e-34
2263	1.5745359602859214e-34
2264	7.50434722235827e-35
2265	3.5606024142383354e-35
2266	1.6818083015671913e-35
2267	7.907953515534916e-36
2268	3.701505685425544e-36
2269	1.7246916249311375e-36
2270	7.999358561446316e-37
2271	3.693188164811577e-37
2272	1.6972354087777936e-37
2273	7.763701944541968e-38
2274	3.5348697719604616e-38
2275	1.6019441708262532e-38
2276	7.225738706742547e-39
2277	3.243915236510381e-39
2278	1.4494408087974932e-39
2279	6.445646900149334e-40
2280	2.852717682334284e-40
2281	1.2565173041282183e-40
2282	5.507907126971785e-41
2283	2.4027255997156185e-41
2284	1.0430666715802865e-41
2285	4.5061028398703104e-42
2286	1.9371443832530007e-42
2287	8.28677191830243e-43
2288	3.5274578481946262e-43
2289	1.4941073286410924e-43
2290	6.297028343536072e-44
2291	2.640667198162668e-44
2292	1.101808333635038e-44
2293	4.574070872026494e-45
2294	1.8892706592653122e-45
2295	7.76371934244907e-46
2296	3.1740929182170835e-46
2297	1.2910210140417103e-46
2298	5.223967385950364e-47
2299	2.102861035652717e-47
2300	8.420794315918805e-48
2301	3.35441819343525e-48
2302	1.3292056969164593e-48
2303	5.2392256265379574e-49
2304	2.0541440328094737e-49
2305	8.0107359654902465e-50
2306	3.1072801841391833e-50
2307	1.1987910936987049e-50
2308	4.5999191526482536e-51
2309	1.7554516525380496e-51
2310	6.6626621826199215e-52
2311	2.5148674575144107e-52
2312	9.44014814186491e-53
2313	3.5239262160015044e-53
2314	1.3081177838314052e-53
2315	4.8286593289429227e-54
2316	1.7723661553639983e-54
2317	6.468667873070812e-55
2318	2.3474589175464475e-55
2319	8.470127907369696e-56
2320	3.038629110138079e-56
2321	1.0837970586038094e-56
2322	3.843150874416463e-57
2323	1.3548230816842815e-57
2324	4.7480990198041684e-58
2325	1.6541891279626064e-58
2326	5.728815025919478e-59
2327	1.972170910968532e-59
2328	6.7485444706744e-60
2329	2.2953400514298984e-60
2330	7.759624057553392e-61
2331	2.6072114238489866e-61
2332	8.706403013093378e-62
2333	2.889435963884097e-62
2334	9.529801104292225e-63
2335	3.123457012662576e-63
2336	1.0173079886679581e-63
2337	3.292446307079053e-64
2338	1.058810347589718e-64
2339	3.383253876821639e-65
2340	1.0741166255346899e-65
2341	3.38806728689131e-66
2342	1.0617430827708001e-66
2343	3.3054953706188326e-67
2344	1.0223180342359645e-67
2345	3.140872308991722e-68
2346	9.585428604674367e-69
2347	2.9057066488011095e-69
2348	8.748885105653931e-70
2349	2.6163502140460894e-70
2350	7.770742421136972e-71
2351	2.2921003713271802e-71
2352	6.714133663278156e-72
2353	1.9530441459821713e-72
2354	5.6413116246847916e-73
2355	1.6179832889871473e-73
2356	4.6075872105425786e-74
2357	1.3027410156840502e-74
2358	3.6568463331336514e-75
2359	1.0190564780898806e-75
2360	2.819104882223568e-76
2361	7.741477584466904e-77
2362	2.110153423235169e-77
2363	5.708990602757032e-78
2364	1.5329817970122508e-78
2365	4.0853000508201904e-79
2366	1.0804303823026296e-79
2367	2.8355134474150296e-80
2368	7.384219505915104e-81
2369	1.90805528465735e-81
2370	4.891768657038188e-82
2371	1.2442401639442773e-82
2372	3.1396427312878217e-83
2373	7.859011320914313e-84
2374	1.9513753524896828e-84
2375	4.8058705049759563e-85
2376	1.173908815587706e-85
2377	2.843806065218396e-86
2378	6.8318876091722195e-87
2379	1.62752596714561e-87
2380	3.8444347546485934e-88
2381	9.00377870991783e-89
2382	2.0906184475840384e-89
2383	4.812289888739502e-90
2384	1.0980565025868065e-90
2385	2.4834866598594553e-91
2386	5.567125269167992e-92
2387	1.2367997639762316e-92
2388	2.7229124124352295e-93
2389	5.940183674774405e-94
2390	1.283995307453749e-94
2391	2.7497244113386586e-95
2392	5.833661665879913e-96
2393	1.2259793255704334e-96
2394	2.551982661971239e-97
2395	5.261227504539399e-98
2396	1.0741690612946513e-98
2397	2.171676133683405e-99
2398	4.347246275902566e-100
2399	8.615675188482518e-101
2400	1.690357613912316e-101
2401	3.282763211050865e-102
2402	6.309992411789773e-103
2403	1.2003341949460375e-103
2404	2.2595107905110727e-104
2405	4.208423734913703e-105
2406	7.754793488824362e-106
2407	1.4135744381203363e-106
2408	2.5486823232628454e-107
2409	4.5447620764926256e-108
2410	8.014081713620359e-109
2411	1.3973048336536611e-109
2412	2.408628264234319e-110
2413	4.1042598198211644e-111
2414	6.912423531132926e-112
2415	1.1505326274766853e-112
2416	1.8922651027915116e-113
2417	3.0748179637474908e-114
2418	4.935711133909756e-115
2419	7.825461675817054e-116
2420	1.2252806655406251e-116
2421	1.894350914478489e-117
2422	2.891456880637954e-118
2423	4.3564718625112524e-119
2424	6.478040868824741e-120
2425	9.505387725658104e-121
2426	1.3760627452192974e-121
2427	1.965041523539759e-122
2428	2.7675218985349678e-123
2429	3.843393014047141e-124
2430	5.262101250819536e-125
2431	7.101305196026149e-126
2432	9.4441559492047e-127
2433	1.237493563240362e-127
2434	1.5972897455525422e-128
2435	2.0304332590125104e-129
2436	2.5413140853907707e-130
2437	3.1310487950002643e-131
2438	3.7964458944554184e-132
2439	4.529091624024181e-133
2440	5.314697834352186e-134
2441	6.132858716513949e-135
2442	6.95734692757148e-136
2443	7.757038734657201e-137
2444	8.497492733895882e-138
2445	9.143122868360253e-139
2446	9.659814241236532e-140
2447	1.0017743974031826e-140
2448	1.019410532278651e-141
2449	1.0175406434411194e-142
2450	9.959035826407241e-144
2451	9.553857560111837e-145
2452	8.979713407034223e-146
2453	8.265851145112622e-147
2454	7.448444713429757e-148
2455	6.567497954457261e-149
2456	5.663506363773598e-150
2457	4.7742755458112605e-151
2458	3.932256936555837e-152
2459	3.1626689144166923e-153
2460	2.4825431266591247e-154
2461	1.900696313681763e-155
2462	1.4185023656844405e-156
2463	1.0312482702969774e-157
2464	7.298127357270994e-159
2465	5.0240897526215786e-160
2466	3.3617538866331127e-161
2467	2.1846527088684418e-162
2468	1.3776251944490122e-163
2469	8.421956615991546e-165
2470	4.986592915953332e-166
2471	2.856615122246496e-167
2472	1.5815163611637338e-168
2473	8.451876492691678e-170
2474	4.354475490418635e-171
2475	2.1598606217508736e-172
2476	1.0298640746256632e-173
2477	4.7130606707173964e-175
2478	2.06652429032705e-176
2479	8.665042007272791e-178
2480	3.4673312593038956e-179
2481	1.3210785774565794e-180
2482	4.780612950429991e-182
2483	1.6385341434380897e-183
2484	5.3027598487310126e-185
2485	1.6147960593372964e-186
2486	4.608959977138027e-188
2487	1.2275050527280665e-189
2488	3.0349905062811244e-191
2489	6.925126650113331e-193
2490	1.4481316498876795e-194
2491	2.75229035897316e-196
2492	4.7067549310301256e-198
2493	7.153113018005917e-200
2494	9.509887671227034e-202
2495	1.0834470851082619e-203
2496	1.028389529902292e-205
2497	7.807221552828107e-208
2498	4.444220674213205e-210
2499	1.6861745076732257e-212
2500	3.198000590730394e-215
