k	pvalue
0	0.999999999975835
1	0.999999999975835
2	0.999999999975835
3	0.999999999975835
4	0.999999999975835
5	0.999999999975835
6	0.999999999975835
7	0.999999999975835
8	0.999999999975835
9	0.999999999975835
10	0.999999999975835
11	0.999999999975835
12	0.999999999975835
13	0.999999999975835
14	0.999999999975835
15	0.999999999975835
16	0.999999999975835
17	0.999999999975835
18	0.999999999975835
19	0.999999999975835
20	0.999999999975835
21	0.999999999975835
22	0.999999999975835
23	0.999999999975835
24	0.999999999975835
25	0.999999999975835
26	0.999999999975835
27	0.999999999975835
28	0.999999999975835
29	0.999999999975835
30	0.999999999975835
31	0.999999999975835
32	0.999999999975835
33	0.999999999975835
34	0.999999999975835
35	0.999999999975835
36	0.999999999975835
37	0.999999999975835
38	0.999999999975835
39	0.999999999975835
40	0.999999999975835
41	0.999999999975835
42	0.999999999975835
43	0.999999999975835
44	0.999999999975835
45	0.999999999975835
46	0.999999999975835
47	0.999999999975835
48	0.999999999975835
49	0.999999999975835
50	0.999999999975835
51	0.999999999975835
52	0.999999999975835
53	0.999999999975835
54	0.999999999975835
55	0.999999999975835
56	0.999999999975835
57	0.999999999975835
58	0.999999999975835
59	0.999999999975835
60	0.999999999975835
61	0.999999999975835
62	0.999999999975835
63	0.999999999975835
64	0.999999999975835
65	0.999999999975835
66	0.999999999975835
67	0.999999999975835
68	0.999999999975835
69	0.999999999975835
70	0.999999999975835
71	0.999999999975835
72	0.999999999975835
73	0.999999999975835
74	0.999999999975835
75	0.999999999975835
76	0.999999999975835
77	0.999999999975835
78	0.999999999975835
79	0.999999999975835
80	0.999999999975835
81	0.999999999975835
82	0.999999999975835
83	0.999999999975835
84	0.999999999975835
85	0.999999999975835
86	0.999999999975835
87	0.999999999975835
88	0.999999999975835
89	0.999999999975835
90	0.999999999975835
91	0.999999999975835
92	0.999999999975835
93	0.999999999975835
94	0.999999999975835
95	0.999999999975835
96	0.999999999975835
97	0.999999999975835
98	0.999999999975835
99	0.999999999975835
100	0.999999999975835
101	0.999999999975835
102	0.999999999975835
103	0.999999999975835
104	0.999999999975835
105	0.999999999975835
106	0.999999999975835
107	0.999999999975835
108	0.999999999975835
109	0.999999999975835
110	0.999999999975835
111	0.999999999975835
112	0.999999999975835
113	0.999999999975835
114	0.999999999975835
115	0.999999999975835
116	0.999999999975835
117	0.999999999975835
118	0.999999999975835
119	0.999999999975835
120	0.999999999975835
121	0.999999999975835
122	0.999999999975835
123	0.999999999975835
124	0.999999999975835
125	0.999999999975835
126	0.999999999975835
127	0.999999999975835
128	0.999999999975835
129	0.999999999975835
130	0.999999999975835
131	0.999999999975835
132	0.999999999975835
133	0.999999999975835
134	0.999999999975835
135	0.999999999975835
136	0.999999999975835
137	0.999999999975835
138	0.999999999975835
139	0.999999999975835
140	0.999999999975835
141	0.999999999975835
142	0.999999999975835
143	0.999999999975835
144	0.999999999975835
145	0.999999999975835
146	0.999999999975835
147	0.999999999975835
148	0.999999999975835
149	0.999999999975835
150	0.999999999975835
151	0.999999999975835
152	0.999999999975835
153	0.999999999975835
154	0.999999999975835
155	0.999999999975835
156	0.999999999975835
157	0.999999999975835
158	0.999999999975835
159	0.999999999975835
160	0.999999999975835
161	0.999999999975835
162	0.999999999975835
163	0.999999999975835
164	0.999999999975835
165	0.999999999975835
166	0.999999999975835
167	0.999999999975835
168	0.999999999975835
169	0.999999999975835
170	0.999999999975835
171	0.999999999975835
172	0.999999999975835
173	0.999999999975835
174	0.999999999975835
175	0.999999999975835
176	0.999999999975835
177	0.999999999975835
178	0.999999999975835
179	0.999999999975835
180	0.999999999975835
181	0.999999999975835
182	0.999999999975835
183	0.999999999975835
184	0.999999999975835
185	0.999999999975835
186	0.999999999975835
187	0.999999999975835
188	0.999999999975835
189	0.999999999975835
190	0.999999999975835
191	0.999999999975835
192	0.999999999975835
193	0.999999999975835
194	0.999999999975835
195	0.999999999975835
196	0.999999999975835
197	0.999999999975835
198	0.999999999975835
199	0.999999999975835
200	0.999999999975835
201	0.999999999975835
202	0.999999999975835
203	0.999999999975835
204	0.999999999975835
205	0.999999999975835
206	0.999999999975835
207	0.999999999975835
208	0.999999999975835
209	0.999999999975835
210	0.999999999975835
211	0.999999999975835
212	0.999999999975835
213	0.999999999975835
214	0.999999999975835
215	0.999999999975835
216	0.999999999975835
217	0.999999999975835
218	0.999999999975835
219	0.999999999975835
220	0.999999999975835
221	0.999999999975835
222	0.999999999975835
223	0.999999999975835
224	0.999999999975835
225	0.999999999975835
226	0.999999999975835
227	0.999999999975835
228	0.999999999975835
229	0.999999999975835
230	0.999999999975835
231	0.999999999975835
232	0.999999999975835
233	0.999999999975835
234	0.999999999975835
235	0.999999999975835
236	0.999999999975835
237	0.999999999975835
238	0.999999999975835
239	0.999999999975835
240	0.999999999975835
241	0.999999999975835
242	0.999999999975835
243	0.999999999975835
244	0.999999999975835
245	0.999999999975835
246	0.999999999975835
247	0.999999999975835
248	0.999999999975835
249	0.999999999975835
250	0.999999999975835
251	0.999999999975835
252	0.999999999975835
253	0.999999999975835
254	0.999999999975835
255	0.999999999975835
256	0.999999999975835
257	0.999999999975835
258	0.999999999975835
259	0.999999999975835
260	0.999999999975835
261	0.999999999975835
262	0.999999999975835
263	0.999999999975835
264	0.999999999975835
265	0.999999999975835
266	0.999999999975835
267	0.999999999975835
268	0.999999999975835
269	0.999999999975835
270	0.999999999975835
271	0.999999999975835
272	0.999999999975835
273	0.999999999975835
274	0.999999999975835
275	0.999999999975835
276	0.999999999975835
277	0.999999999975835
278	0.999999999975835
279	0.999999999975835
280	0.999999999975835
281	0.999999999975835
282	0.999999999975835
283	0.999999999975835
284	0.999999999975835
285	0.999999999975835
286	0.999999999975835
287	0.999999999975835
288	0.999999999975835
289	0.999999999975835
290	0.999999999975835
291	0.999999999975835
292	0.999999999975835
293	0.999999999975835
294	0.999999999975835
295	0.999999999975835
296	0.999999999975835
297	0.999999999975835
298	0.999999999975835
299	0.999999999975835
300	0.999999999975835
301	0.999999999975835
302	0.999999999975835
303	0.999999999975835
304	0.999999999975835
305	0.999999999975835
306	0.999999999975835
307	0.999999999975835
308	0.999999999975835
309	0.999999999975835
310	0.999999999975835
311	0.999999999975835
312	0.999999999975835
313	0.999999999975835
314	0.999999999975835
315	0.999999999975835
316	0.999999999975835
317	0.999999999975835
318	0.999999999975835
319	0.999999999975835
320	0.999999999975835
321	0.999999999975835
322	0.999999999975835
323	0.999999999975835
324	0.999999999975835
325	0.999999999975835
326	0.999999999975835
327	0.999999999975835
328	0.999999999975835
329	0.999999999975835
330	0.999999999975835
331	0.999999999975835
332	0.999999999975835
333	0.999999999975835
334	0.999999999975835
335	0.999999999975835
336	0.999999999975835
337	0.999999999975835
338	0.999999999975835
339	0.999999999975835
340	0.999999999975835
341	0.999999999975835
342	0.999999999975835
343	0.999999999975835
344	0.999999999975835
345	0.999999999975835
346	0.999999999975835
347	0.999999999975835
348	0.999999999975835
349	0.999999999975835
350	0.999999999975835
351	0.999999999975835
352	0.999999999975835
353	0.999999999975835
354	0.999999999975835
355	0.999999999975835
356	0.999999999975835
357	0.999999999975835
358	0.999999999975835
359	0.999999999975835
360	0.999999999975835
361	0.999999999975835
362	0.999999999975835
363	0.999999999975835
364	0.999999999975835
365	0.999999999975835
366	0.999999999975835
367	0.999999999975835
368	0.999999999975835
369	0.999999999975835
370	0.999999999975835
371	0.999999999975835
372	0.999999999975835
373	0.999999999975835
374	0.999999999975835
375	0.999999999975835
376	0.999999999975835
377	0.999999999975835
378	0.999999999975835
379	0.999999999975835
380	0.999999999975835
381	0.999999999975835
382	0.999999999975835
383	0.999999999975835
384	0.999999999975835
385	0.999999999975835
386	0.999999999975835
387	0.999999999975835
388	0.999999999975835
389	0.999999999975835
390	0.999999999975835
391	0.999999999975835
392	0.999999999975835
393	0.999999999975835
394	0.999999999975835
395	0.999999999975835
396	0.999999999975835
397	0.999999999975835
398	0.999999999975835
399	0.999999999975835
400	0.999999999975835
401	0.999999999975835
402	0.999999999975835
403	0.999999999975835
404	0.999999999975835
405	0.999999999975835
406	0.999999999975835
407	0.999999999975835
408	0.999999999975835
409	0.999999999975835
410	0.999999999975835
411	0.999999999975835
412	0.999999999975835
413	0.999999999975835
414	0.999999999975835
415	0.999999999975835
416	0.999999999975835
417	0.999999999975835
418	0.999999999975835
419	0.999999999975835
420	0.999999999975835
421	0.999999999975835
422	0.999999999975835
423	0.999999999975835
424	0.999999999975835
425	0.999999999975835
426	0.999999999975835
427	0.999999999975835
428	0.999999999975835
429	0.999999999975835
430	0.999999999975835
431	0.999999999975835
432	0.999999999975835
433	0.999999999975835
434	0.999999999975835
435	0.999999999975835
436	0.999999999975835
437	0.999999999975835
438	0.999999999975835
439	0.999999999975835
440	0.999999999975835
441	0.999999999975835
442	0.999999999975835
443	0.999999999975835
444	0.999999999975835
445	0.999999999975835
446	0.999999999975835
447	0.999999999975835
448	0.999999999975835
449	0.999999999975835
450	0.999999999975835
451	0.999999999975835
452	0.999999999975835
453	0.999999999975835
454	0.999999999975835
455	0.999999999975835
456	0.999999999975835
457	0.999999999975835
458	0.999999999975835
459	0.999999999975835
460	0.999999999975835
461	0.999999999975835
462	0.999999999975835
463	0.999999999975835
464	0.999999999975835
465	0.999999999975835
466	0.999999999975835
467	0.999999999975835
468	0.999999999975835
469	0.999999999975835
470	0.999999999975835
471	0.999999999975835
472	0.999999999975835
473	0.999999999975835
474	0.999999999975835
475	0.999999999975835
476	0.999999999975835
477	0.999999999975835
478	0.999999999975835
479	0.999999999975835
480	0.999999999975835
481	0.999999999975835
482	0.999999999975835
483	0.999999999975835
484	0.999999999975835
485	0.999999999975835
486	0.999999999975835
487	0.999999999975835
488	0.999999999975835
489	0.999999999975835
490	0.999999999975835
491	0.999999999975835
492	0.999999999975835
493	0.999999999975835
494	0.999999999975835
495	0.999999999975835
496	0.999999999975835
497	0.999999999975835
498	0.999999999975835
499	0.999999999975835
500	0.999999999975835
501	0.999999999975835
502	0.999999999975835
503	0.999999999975835
504	0.999999999975835
505	0.999999999975835
506	0.999999999975835
507	0.999999999975835
508	0.999999999975835
509	0.999999999975835
510	0.999999999975835
511	0.999999999975835
512	0.999999999975835
513	0.999999999975835
514	0.999999999975835
515	0.999999999975835
516	0.999999999975835
517	0.999999999975835
518	0.999999999975835
519	0.999999999975835
520	0.999999999975835
521	0.999999999975835
522	0.999999999975835
523	0.999999999975835
524	0.999999999975835
525	0.999999999975835
526	0.999999999975835
527	0.999999999975835
528	0.999999999975835
529	0.999999999975835
530	0.999999999975835
531	0.999999999975835
532	0.999999999975835
533	0.999999999975835
534	0.999999999975835
535	0.999999999975835
536	0.999999999975835
537	0.999999999975835
538	0.999999999975835
539	0.999999999975835
540	0.999999999975835
541	0.999999999975835
542	0.999999999975835
543	0.999999999975835
544	0.999999999975835
545	0.999999999975835
546	0.999999999975835
547	0.999999999975835
548	0.999999999975835
549	0.999999999975835
550	0.999999999975835
551	0.999999999975835
552	0.999999999975835
553	0.999999999975835
554	0.999999999975835
555	0.999999999975835
556	0.999999999975835
557	0.999999999975835
558	0.999999999975835
559	0.999999999975835
560	0.999999999975835
561	0.999999999975835
562	0.999999999975835
563	0.999999999975835
564	0.999999999975835
565	0.999999999975835
566	0.999999999975835
567	0.999999999975835
568	0.999999999975835
569	0.999999999975835
570	0.999999999975835
571	0.999999999975835
572	0.999999999975835
573	0.999999999975835
574	0.999999999975835
575	0.999999999975835
576	0.999999999975835
577	0.999999999975835
578	0.999999999975835
579	0.999999999975835
580	0.999999999975835
581	0.999999999975835
582	0.999999999975835
583	0.999999999975835
584	0.999999999975835
585	0.999999999975835
586	0.999999999975835
587	0.999999999975835
588	0.999999999975835
589	0.999999999975835
590	0.999999999975835
591	0.999999999975835
592	0.999999999975835
593	0.999999999975835
594	0.999999999975835
595	0.999999999975835
596	0.999999999975835
597	0.999999999975835
598	0.999999999975835
599	0.999999999975835
600	0.999999999975835
601	0.999999999975835
602	0.999999999975835
603	0.999999999975835
604	0.999999999975835
605	0.999999999975835
606	0.999999999975835
607	0.999999999975835
608	0.999999999975835
609	0.999999999975835
610	0.999999999975835
611	0.999999999975835
612	0.999999999975835
613	0.999999999975835
614	0.999999999975835
615	0.999999999975835
616	0.999999999975835
617	0.999999999975835
618	0.999999999975835
619	0.999999999975835
620	0.999999999975835
621	0.999999999975835
622	0.999999999975835
623	0.999999999975835
624	0.999999999975835
625	0.999999999975835
626	0.999999999975835
627	0.999999999975835
628	0.999999999975835
629	0.999999999975835
630	0.999999999975835
631	0.999999999975835
632	0.999999999975835
633	0.999999999975835
634	0.999999999975835
635	0.999999999975835
636	0.999999999975835
637	0.999999999975835
638	0.999999999975835
639	0.999999999975835
640	0.999999999975835
641	0.999999999975835
642	0.999999999975835
643	0.999999999975835
644	0.999999999975835
645	0.999999999975835
646	0.999999999975835
647	0.999999999975835
648	0.999999999975835
649	0.999999999975835
650	0.999999999975835
651	0.999999999975835
652	0.999999999975835
653	0.999999999975835
654	0.999999999975835
655	0.999999999975835
656	0.999999999975835
657	0.999999999975835
658	0.999999999975835
659	0.999999999975835
660	0.999999999975835
661	0.999999999975835
662	0.999999999975835
663	0.999999999975835
664	0.999999999975835
665	0.999999999975835
666	0.999999999975835
667	0.999999999975835
668	0.999999999975835
669	0.999999999975835
670	0.999999999975835
671	0.999999999975835
672	0.999999999975835
673	0.999999999975835
674	0.999999999975835
675	0.999999999975835
676	0.999999999975835
677	0.999999999975835
678	0.999999999975835
679	0.999999999975835
680	0.999999999975835
681	0.999999999975835
682	0.999999999975835
683	0.999999999975835
684	0.999999999975835
685	0.999999999975835
686	0.999999999975835
687	0.999999999975835
688	0.999999999975835
689	0.999999999975835
690	0.999999999975835
691	0.999999999975835
692	0.999999999975835
693	0.999999999975835
694	0.999999999975835
695	0.999999999975835
696	0.999999999975835
697	0.999999999975835
698	0.999999999975835
699	0.999999999975835
700	0.999999999975835
701	0.999999999975835
702	0.999999999975835
703	0.999999999975835
704	0.999999999975835
705	0.999999999975835
706	0.999999999975835
707	0.999999999975835
708	0.999999999975835
709	0.999999999975835
710	0.999999999975835
711	0.999999999975835
712	0.999999999975835
713	0.999999999975835
714	0.999999999975835
715	0.999999999975835
716	0.999999999975835
717	0.999999999975835
718	0.999999999975835
719	0.999999999975835
720	0.999999999975835
721	0.999999999975835
722	0.999999999975835
723	0.999999999975835
724	0.999999999975835
725	0.999999999975835
726	0.999999999975835
727	0.999999999975835
728	0.999999999975835
729	0.999999999975835
730	0.999999999975835
731	0.999999999975835
732	0.999999999975835
733	0.999999999975835
734	0.999999999975835
735	0.999999999975835
736	0.999999999975835
737	0.999999999975835
738	0.999999999975835
739	0.999999999975835
740	0.999999999975835
741	0.999999999975835
742	0.999999999975835
743	0.999999999975835
744	0.999999999975835
745	0.999999999975835
746	0.999999999975835
747	0.999999999975835
748	0.999999999975835
749	0.999999999975835
750	0.999999999975835
751	0.999999999975835
752	0.999999999975835
753	0.999999999975835
754	0.999999999975835
755	0.999999999975835
756	0.999999999975835
757	0.999999999975835
758	0.999999999975835
759	0.999999999975835
760	0.999999999975835
761	0.999999999975835
762	0.999999999975835
763	0.999999999975835
764	0.999999999975835
765	0.999999999975835
766	0.999999999975835
767	0.999999999975835
768	0.999999999975835
769	0.999999999975835
770	0.999999999975835
771	0.999999999975835
772	0.999999999975835
773	0.999999999975835
774	0.999999999975835
775	0.999999999975835
776	0.999999999975835
777	0.999999999975835
778	0.999999999975835
779	0.999999999975835
780	0.999999999975835
781	0.999999999975835
782	0.999999999975835
783	0.999999999975835
784	0.999999999975835
785	0.999999999975835
786	0.999999999975835
787	0.999999999975835
788	0.999999999975835
789	0.999999999975835
790	0.999999999975835
791	0.999999999975835
792	0.999999999975835
793	0.999999999975835
794	0.999999999975835
795	0.999999999975835
796	0.999999999975835
797	0.999999999975835
798	0.999999999975835
799	0.999999999975835
800	0.999999999975835
801	0.999999999975835
802	0.999999999975835
803	0.999999999975835
804	0.999999999975835
805	0.999999999975835
806	0.999999999975835
807	0.999999999975835
808	0.999999999975835
809	0.999999999975835
810	0.999999999975835
811	0.999999999975835
812	0.999999999975835
813	0.999999999975835
814	0.999999999975835
815	0.999999999975835
816	0.999999999975835
817	0.999999999975835
818	0.999999999975835
819	0.999999999975835
820	0.999999999975835
821	0.999999999975835
822	0.999999999975835
823	0.999999999975835
824	0.999999999975835
825	0.999999999975835
826	0.999999999975835
827	0.999999999975835
828	0.999999999975835
829	0.999999999975835
830	0.999999999975835
831	0.999999999975835
832	0.999999999975835
833	0.999999999975835
834	0.999999999975835
835	0.999999999975835
836	0.999999999975835
837	0.999999999975835
838	0.999999999975835
839	0.999999999975835
840	0.999999999975835
841	0.999999999975835
842	0.999999999975835
843	0.999999999975835
844	0.999999999975835
845	0.999999999975835
846	0.999999999975835
847	0.999999999975835
848	0.999999999975835
849	0.999999999975835
850	0.999999999975835
851	0.999999999975835
852	0.999999999975835
853	0.999999999975835
854	0.999999999975835
855	0.999999999975835
856	0.999999999975835
857	0.999999999975835
858	0.999999999975835
859	0.999999999975835
860	0.999999999975835
861	0.999999999975835
862	0.999999999975835
863	0.999999999975835
864	0.999999999975835
865	0.999999999975835
866	0.999999999975835
867	0.999999999975835
868	0.999999999975835
869	0.999999999975835
870	0.999999999975835
871	0.999999999975835
872	0.999999999975835
873	0.999999999975835
874	0.999999999975835
875	0.999999999975835
876	0.999999999975835
877	0.999999999975835
878	0.999999999975835
879	0.999999999975835
880	0.999999999975835
881	0.999999999975835
882	0.999999999975835
883	0.999999999975835
884	0.999999999975835
885	0.999999999975835
886	0.999999999975835
887	0.999999999975835
888	0.999999999975835
889	0.999999999975835
890	0.999999999975835
891	0.999999999975835
892	0.999999999975835
893	0.999999999975835
894	0.999999999975835
895	0.999999999975835
896	0.999999999975835
897	0.999999999975835
898	0.999999999975835
899	0.999999999975835
900	0.999999999975835
901	0.999999999975835
902	0.999999999975835
903	0.999999999975835
904	0.999999999975835
905	0.999999999975835
906	0.999999999975835
907	0.999999999975835
908	0.999999999975835
909	0.999999999975835
910	0.999999999975835
911	0.999999999975835
912	0.999999999975835
913	0.999999999975835
914	0.999999999975835
915	0.999999999975835
916	0.999999999975835
917	0.999999999975835
918	0.999999999975835
919	0.999999999975835
920	0.999999999975835
921	0.999999999975835
922	0.999999999975835
923	0.999999999975835
924	0.999999999975835
925	0.999999999975835
926	0.999999999975835
927	0.999999999975835
928	0.999999999975835
929	0.999999999975835
930	0.999999999975835
931	0.999999999975835
932	0.999999999975835
933	0.999999999975835
934	0.999999999975835
935	0.999999999975835
936	0.999999999975835
937	0.999999999975835
938	0.999999999975835
939	0.999999999975835
940	0.999999999975835
941	0.999999999975835
942	0.999999999975835
943	0.999999999975835
944	0.999999999975835
945	0.999999999975835
946	0.999999999975835
947	0.999999999975835
948	0.999999999975835
949	0.999999999975835
950	0.999999999975835
951	0.999999999975835
952	0.999999999975835
953	0.999999999975835
954	0.999999999975835
955	0.999999999975835
956	0.999999999975835
957	0.999999999975835
958	0.999999999975835
959	0.999999999975835
960	0.999999999975835
961	0.999999999975835
962	0.999999999975835
963	0.999999999975835
964	0.999999999975835
965	0.999999999975835
966	0.999999999975835
967	0.999999999975835
968	0.999999999975835
969	0.999999999975835
970	0.999999999975835
971	0.999999999975835
972	0.999999999975835
973	0.999999999975835
974	0.999999999975835
975	0.999999999975835
976	0.999999999975835
977	0.999999999975835
978	0.999999999975835
979	0.999999999975835
980	0.999999999975835
981	0.999999999975835
982	0.999999999975835
983	0.999999999975835
984	0.999999999975835
985	0.999999999975835
986	0.999999999975835
987	0.999999999975835
988	0.999999999975835
989	0.999999999975835
990	0.999999999975835
991	0.999999999975835
992	0.999999999975835
993	0.999999999975835
994	0.999999999975835
995	0.999999999975835
996	0.999999999975835
997	0.999999999975835
998	0.999999999975835
999	0.999999999975835
1000	0.999999999975835
1001	0.999999999975835
1002	0.999999999975835
1003	0.999999999975835
1004	0.999999999975835
1005	0.999999999975835
1006	0.999999999975835
1007	0.999999999975835
1008	0.999999999975835
1009	0.999999999975835
1010	0.999999999975835
1011	0.999999999975835
1012	0.999999999975835
1013	0.999999999975835
1014	0.999999999975835
1015	0.999999999975835
1016	0.999999999975835
1017	0.999999999975835
1018	0.999999999975835
1019	0.999999999975835
1020	0.999999999975835
1021	0.999999999975835
1022	0.999999999975835
1023	0.999999999975835
1024	0.999999999975835
1025	0.999999999975835
1026	0.999999999975835
1027	0.999999999975835
1028	0.999999999975835
1029	0.999999999975835
1030	0.999999999975835
1031	0.999999999975835
1032	0.999999999975835
1033	0.999999999975835
1034	0.999999999975835
1035	0.999999999975835
1036	0.999999999975835
1037	0.999999999975835
1038	0.999999999975835
1039	0.999999999975835
1040	0.999999999975835
1041	0.999999999975835
1042	0.999999999975835
1043	0.999999999975835
1044	0.999999999975835
1045	0.999999999975835
1046	0.999999999975835
1047	0.999999999975835
1048	0.999999999975835
1049	0.999999999975835
1050	0.999999999975835
1051	0.999999999975835
1052	0.999999999975835
1053	0.999999999975835
1054	0.999999999975835
1055	0.999999999975835
1056	0.999999999975835
1057	0.999999999975835
1058	0.999999999975835
1059	0.999999999975835
1060	0.999999999975835
1061	0.999999999975835
1062	0.999999999975835
1063	0.999999999975835
1064	0.999999999975835
1065	0.999999999975835
1066	0.999999999975835
1067	0.999999999975835
1068	0.999999999975835
1069	0.999999999975835
1070	0.999999999975835
1071	0.999999999975835
1072	0.999999999975835
1073	0.999999999975835
1074	0.999999999975835
1075	0.999999999975835
1076	0.999999999975835
1077	0.999999999975835
1078	0.999999999975835
1079	0.999999999975835
1080	0.999999999975835
1081	0.999999999975835
1082	0.999999999975835
1083	0.999999999975835
1084	0.999999999975835
1085	0.999999999975835
1086	0.999999999975835
1087	0.999999999975835
1088	0.999999999975835
1089	0.999999999975835
1090	0.999999999975835
1091	0.999999999975835
1092	0.999999999975835
1093	0.999999999975835
1094	0.999999999975835
1095	0.999999999975835
1096	0.999999999975835
1097	0.999999999975835
1098	0.999999999975835
1099	0.999999999975835
1100	0.999999999975835
1101	0.999999999975835
1102	0.999999999975835
1103	0.999999999975835
1104	0.999999999975835
1105	0.999999999975835
1106	0.999999999975835
1107	0.999999999975835
1108	0.999999999975835
1109	0.999999999975835
1110	0.999999999975835
1111	0.999999999975835
1112	0.999999999975835
1113	0.999999999975835
1114	0.999999999975835
1115	0.999999999975835
1116	0.999999999975835
1117	0.999999999975835
1118	0.999999999975835
1119	0.999999999975835
1120	0.999999999975835
1121	0.999999999975835
1122	0.999999999975835
1123	0.999999999975835
1124	0.999999999975835
1125	0.999999999975835
1126	0.999999999975835
1127	0.999999999975835
1128	0.999999999975835
1129	0.999999999975835
1130	0.999999999975835
1131	0.999999999975835
1132	0.999999999975835
1133	0.999999999975835
1134	0.999999999975835
1135	0.999999999975835
1136	0.999999999975835
1137	0.999999999975835
1138	0.999999999975835
1139	0.999999999975835
1140	0.999999999975835
1141	0.999999999975835
1142	0.999999999975835
1143	0.999999999975835
1144	0.999999999975835
1145	0.999999999975835
1146	0.999999999975835
1147	0.999999999975835
1148	0.999999999975835
1149	0.999999999975835
1150	0.999999999975835
1151	0.999999999975835
1152	0.999999999975835
1153	0.999999999975835
1154	0.999999999975835
1155	0.999999999975835
1156	0.999999999975835
1157	0.999999999975835
1158	0.999999999975835
1159	0.999999999975835
1160	0.999999999975835
1161	0.999999999975835
1162	0.999999999975835
1163	0.999999999975835
1164	0.999999999975835
1165	0.999999999975835
1166	0.999999999975835
1167	0.999999999975835
1168	0.999999999975835
1169	0.999999999975835
1170	0.999999999975835
1171	0.999999999975835
1172	0.999999999975835
1173	0.999999999975835
1174	0.999999999975835
1175	0.999999999975835
1176	0.999999999975835
1177	0.999999999975835
1178	0.999999999975835
1179	0.999999999975835
1180	0.999999999975835
1181	0.999999999975835
1182	0.999999999975835
1183	0.999999999975835
1184	0.999999999975835
1185	0.999999999975835
1186	0.999999999975835
1187	0.999999999975835
1188	0.999999999975835
1189	0.999999999975835
1190	0.999999999975835
1191	0.999999999975835
1192	0.999999999975835
1193	0.999999999975835
1194	0.999999999975835
1195	0.999999999975835
1196	0.999999999975835
1197	0.999999999975835
1198	0.999999999975835
1199	0.999999999975835
1200	0.999999999975835
1201	0.999999999975835
1202	0.999999999975835
1203	0.999999999975835
1204	0.999999999975835
1205	0.999999999975835
1206	0.999999999975835
1207	0.999999999975835
1208	0.999999999975835
1209	0.999999999975835
1210	0.999999999975835
1211	0.999999999975835
1212	0.999999999975835
1213	0.999999999975835
1214	0.999999999975835
1215	0.999999999975835
1216	0.999999999975835
1217	0.999999999975835
1218	0.999999999975835
1219	0.999999999975835
1220	0.999999999975835
1221	0.999999999975835
1222	0.999999999975835
1223	0.999999999975835
1224	0.999999999975835
1225	0.999999999975835
1226	0.999999999975835
1227	0.999999999975835
1228	0.999999999975835
1229	0.999999999975835
1230	0.999999999975835
1231	0.999999999975835
1232	0.999999999975835
1233	0.999999999975835
1234	0.999999999975835
1235	0.999999999975835
1236	0.999999999975835
1237	0.999999999975835
1238	0.999999999975835
1239	0.999999999975835
1240	0.999999999975835
1241	0.999999999975835
1242	0.999999999975835
1243	0.999999999975835
1244	0.999999999975835
1245	0.999999999975835
1246	0.999999999975835
1247	0.999999999975835
1248	0.999999999975835
1249	0.999999999975835
1250	0.999999999975835
1251	0.999999999975835
1252	0.999999999975835
1253	0.999999999975835
1254	0.999999999975835
1255	0.999999999975835
1256	0.999999999975835
1257	0.999999999975835
1258	0.999999999975835
1259	0.999999999975835
1260	0.999999999975835
1261	0.999999999975835
1262	0.999999999975835
1263	0.999999999975835
1264	0.999999999975835
1265	0.999999999975835
1266	0.999999999975835
1267	0.999999999975835
1268	0.999999999975835
1269	0.999999999975835
1270	0.999999999975835
1271	0.999999999975835
1272	0.999999999975835
1273	0.999999999975835
1274	0.999999999975835
1275	0.999999999975835
1276	0.999999999975835
1277	0.999999999975835
1278	0.999999999975835
1279	0.999999999975835
1280	0.999999999975835
1281	0.999999999975835
1282	0.999999999975835
1283	0.999999999975835
1284	0.999999999975835
1285	0.999999999975835
1286	0.999999999975835
1287	0.999999999975835
1288	0.999999999975835
1289	0.999999999975835
1290	0.999999999975835
1291	0.999999999975835
1292	0.999999999975835
1293	0.999999999975835
1294	0.999999999975835
1295	0.999999999975835
1296	0.999999999975835
1297	0.999999999975835
1298	0.999999999975835
1299	0.999999999975835
1300	0.999999999975835
1301	0.999999999975835
1302	0.999999999975835
1303	0.999999999975835
1304	0.999999999975835
1305	0.999999999975835
1306	0.999999999975835
1307	0.999999999975835
1308	0.999999999975835
1309	0.999999999975835
1310	0.999999999975835
1311	0.999999999975835
1312	0.999999999975835
1313	0.999999999975835
1314	0.999999999975835
1315	0.999999999975835
1316	0.999999999975835
1317	0.999999999975835
1318	0.999999999975835
1319	0.999999999975835
1320	0.999999999975835
1321	0.999999999975835
1322	0.999999999975835
1323	0.999999999975835
1324	0.999999999975835
1325	0.999999999975835
1326	0.999999999975835
1327	0.999999999975835
1328	0.999999999975835
1329	0.999999999975835
1330	0.999999999975835
1331	0.999999999975835
1332	0.999999999975835
1333	0.999999999975835
1334	0.999999999975835
1335	0.999999999975835
1336	0.999999999975835
1337	0.999999999975835
1338	0.999999999975835
1339	0.999999999975835
1340	0.999999999975835
1341	0.999999999975835
1342	0.999999999975835
1343	0.999999999975835
1344	0.999999999975835
1345	0.999999999975835
1346	0.999999999975835
1347	0.999999999975835
1348	0.999999999975835
1349	0.999999999975835
1350	0.999999999975835
1351	0.999999999975835
1352	0.999999999975835
1353	0.999999999975835
1354	0.999999999975835
1355	0.999999999975835
1356	0.999999999975835
1357	0.999999999975835
1358	0.999999999975835
1359	0.999999999975835
1360	0.999999999975835
1361	0.999999999975835
1362	0.999999999975835
1363	0.999999999975835
1364	0.999999999975835
1365	0.999999999975835
1366	0.999999999975835
1367	0.999999999975835
1368	0.999999999975835
1369	0.999999999975835
1370	0.999999999975835
1371	0.999999999975835
1372	0.999999999975835
1373	0.999999999975835
1374	0.999999999975835
1375	0.999999999975835
1376	0.999999999975835
1377	0.999999999975835
1378	0.999999999975835
1379	0.999999999975835
1380	0.999999999975835
1381	0.999999999975835
1382	0.999999999975835
1383	0.999999999975835
1384	0.999999999975835
1385	0.999999999975835
1386	0.999999999975835
1387	0.999999999975835
1388	0.999999999975835
1389	0.999999999975835
1390	0.999999999975835
1391	0.999999999975835
1392	0.999999999975835
1393	0.999999999975835
1394	0.999999999975835
1395	0.999999999975835
1396	0.999999999975835
1397	0.999999999975835
1398	0.999999999975835
1399	0.999999999975835
1400	0.999999999975835
1401	0.999999999975835
1402	0.999999999975835
1403	0.999999999975835
1404	0.999999999975835
1405	0.999999999975835
1406	0.999999999975835
1407	0.999999999975835
1408	0.999999999975835
1409	0.999999999975835
1410	0.999999999975835
1411	0.999999999975835
1412	0.999999999975835
1413	0.999999999975835
1414	0.999999999975835
1415	0.999999999975835
1416	0.999999999975835
1417	0.999999999975835
1418	0.999999999975835
1419	0.999999999975835
1420	0.999999999975835
1421	0.999999999975835
1422	0.999999999975835
1423	0.999999999975835
1424	0.999999999975835
1425	0.999999999975835
1426	0.999999999975835
1427	0.999999999975835
1428	0.999999999975835
1429	0.999999999975835
1430	0.999999999975835
1431	0.999999999975835
1432	0.999999999975835
1433	0.999999999975835
1434	0.999999999975835
1435	0.999999999975835
1436	0.999999999975835
1437	0.999999999975835
1438	0.999999999975835
1439	0.999999999975835
1440	0.999999999975835
1441	0.999999999975835
1442	0.999999999975835
1443	0.999999999975835
1444	0.999999999975835
1445	0.999999999975835
1446	0.999999999975835
1447	0.999999999975835
1448	0.999999999975835
1449	0.999999999975835
1450	0.999999999975835
1451	0.999999999975835
1452	0.999999999975835
1453	0.999999999975835
1454	0.999999999975835
1455	0.999999999975835
1456	0.999999999975835
1457	0.999999999975835
1458	0.999999999975835
1459	0.999999999975835
1460	0.999999999975835
1461	0.999999999975835
1462	0.999999999975835
1463	0.999999999975835
1464	0.999999999975835
1465	0.999999999975835
1466	0.999999999975835
1467	0.999999999975835
1468	0.999999999975835
1469	0.999999999975835
1470	0.999999999975835
1471	0.999999999975835
1472	0.999999999975835
1473	0.999999999975835
1474	0.999999999975835
1475	0.999999999975835
1476	0.999999999975835
1477	0.999999999975835
1478	0.999999999975835
1479	0.999999999975835
1480	0.999999999975835
1481	0.999999999975835
1482	0.999999999975835
1483	0.999999999975835
1484	0.999999999975835
1485	0.999999999975835
1486	0.999999999975835
1487	0.999999999975835
1488	0.999999999975835
1489	0.999999999975835
1490	0.999999999975835
1491	0.999999999975835
1492	0.999999999975835
1493	0.999999999975835
1494	0.999999999975835
1495	0.999999999975835
1496	0.999999999975835
1497	0.999999999975835
1498	0.999999999975835
1499	0.999999999975835
1500	0.999999999975835
1501	0.999999999975835
1502	0.999999999975835
1503	0.999999999975835
1504	0.999999999975835
1505	0.999999999975835
1506	0.999999999975835
1507	0.999999999975835
1508	0.999999999975835
1509	0.999999999975835
1510	0.999999999975835
1511	0.999999999975835
1512	0.999999999975835
1513	0.999999999975835
1514	0.999999999975835
1515	0.999999999975835
1516	0.999999999975835
1517	0.999999999975835
1518	0.999999999975835
1519	0.999999999975835
1520	0.999999999975835
1521	0.999999999975835
1522	0.999999999975835
1523	0.999999999975835
1524	0.999999999975835
1525	0.999999999975835
1526	0.999999999975835
1527	0.999999999975835
1528	0.999999999975835
1529	0.999999999975835
1530	0.999999999975835
1531	0.999999999975835
1532	0.999999999975835
1533	0.999999999975835
1534	0.999999999975835
1535	0.999999999975835
1536	0.999999999975835
1537	0.999999999975835
1538	0.999999999975835
1539	0.999999999975835
1540	0.999999999975835
1541	0.999999999975835
1542	0.999999999975835
1543	0.999999999975835
1544	0.999999999975835
1545	0.999999999975835
1546	0.999999999975835
1547	0.999999999975835
1548	0.999999999975835
1549	0.999999999975835
1550	0.999999999975835
1551	0.999999999975835
1552	0.999999999975835
1553	0.999999999975835
1554	0.999999999975835
1555	0.999999999975835
1556	0.999999999975835
1557	0.999999999975835
1558	0.999999999975835
1559	0.999999999975835
1560	0.999999999975835
1561	0.999999999975835
1562	0.999999999975835
1563	0.999999999975835
1564	0.999999999975835
1565	0.999999999975835
1566	0.999999999975835
1567	0.999999999975835
1568	0.999999999975835
1569	0.999999999975835
1570	0.999999999975835
1571	0.999999999975835
1572	0.999999999975835
1573	0.999999999975835
1574	0.999999999975835
1575	0.999999999975835
1576	0.999999999975835
1577	0.999999999975835
1578	0.999999999975835
1579	0.999999999975835
1580	0.999999999975835
1581	0.999999999975835
1582	0.999999999975835
1583	0.999999999975835
1584	0.999999999975835
1585	0.999999999975835
1586	0.999999999975835
1587	0.999999999975835
1588	0.999999999975835
1589	0.999999999975835
1590	0.999999999975835
1591	0.999999999975835
1592	0.999999999975835
1593	0.999999999975835
1594	0.999999999975835
1595	0.999999999975835
1596	0.999999999975835
1597	0.999999999975835
1598	0.999999999975835
1599	0.999999999975835
1600	0.999999999975835
1601	0.999999999975835
1602	0.999999999975835
1603	0.999999999975835
1604	0.999999999975835
1605	0.999999999975835
1606	0.999999999975835
1607	0.999999999975835
1608	0.999999999975835
1609	0.999999999975835
1610	0.999999999975835
1611	0.999999999975835
1612	0.999999999975835
1613	0.999999999975835
1614	0.999999999975835
1615	0.999999999975835
1616	0.999999999975835
1617	0.999999999975835
1618	0.999999999975835
1619	0.999999999975835
1620	0.999999999975835
1621	0.999999999975835
1622	0.999999999975835
1623	0.999999999975835
1624	0.999999999975835
1625	0.999999999975835
1626	0.999999999975835
1627	0.999999999975835
1628	0.999999999975835
1629	0.999999999975835
1630	0.999999999975835
1631	0.999999999975835
1632	0.999999999975835
1633	0.999999999975835
1634	0.999999999975835
1635	0.999999999975835
1636	0.999999999975835
1637	0.999999999975835
1638	0.999999999975835
1639	0.999999999975835
1640	0.999999999975835
1641	0.999999999975835
1642	0.999999999975835
1643	0.999999999975835
1644	0.999999999975835
1645	0.999999999975835
1646	0.999999999975835
1647	0.999999999975835
1648	0.999999999975835
1649	0.999999999975835
1650	0.999999999975835
1651	0.999999999975835
1652	0.999999999975835
1653	0.999999999975835
1654	0.999999999975835
1655	0.999999999975835
1656	0.999999999975835
1657	0.999999999975835
1658	0.999999999975835
1659	0.999999999975835
1660	0.999999999975835
1661	0.999999999975835
1662	0.999999999975835
1663	0.999999999975835
1664	0.999999999975835
1665	0.999999999975835
1666	0.999999999975835
1667	0.999999999975835
1668	0.999999999975835
1669	0.999999999975835
1670	0.999999999975835
1671	0.999999999975835
1672	0.999999999975835
1673	0.999999999975835
1674	0.999999999975835
1675	0.999999999975835
1676	0.999999999975835
1677	0.999999999975835
1678	0.999999999975835
1679	0.999999999975835
1680	0.999999999975835
1681	0.999999999975835
1682	0.999999999975835
1683	0.999999999975835
1684	0.999999999975835
1685	0.999999999975835
1686	0.999999999975835
1687	0.999999999975835
1688	0.999999999975835
1689	0.999999999975835
1690	0.999999999975835
1691	0.999999999975835
1692	0.999999999975835
1693	0.999999999975835
1694	0.999999999975835
1695	0.999999999975835
1696	0.999999999975835
1697	0.999999999975835
1698	0.999999999975835
1699	0.999999999975835
1700	0.999999999975835
1701	0.999999999975835
1702	0.999999999975835
1703	0.999999999975835
1704	0.999999999975835
1705	0.999999999975835
1706	0.999999999975835
1707	0.999999999975835
1708	0.999999999975835
1709	0.999999999975835
1710	0.999999999975835
1711	0.999999999975835
1712	0.999999999975835
1713	0.999999999975835
1714	0.999999999975835
1715	0.999999999975835
1716	0.999999999975835
1717	0.999999999975835
1718	0.999999999975835
1719	0.999999999975835
1720	0.999999999975835
1721	0.999999999975835
1722	0.999999999975835
1723	0.999999999975835
1724	0.999999999975835
1725	0.999999999975835
1726	0.999999999975835
1727	0.999999999975835
1728	0.999999999975835
1729	0.999999999975835
1730	0.999999999975835
1731	0.999999999975835
1732	0.999999999975835
1733	0.999999999975835
1734	0.999999999975835
1735	0.999999999975835
1736	0.999999999975835
1737	0.999999999975835
1738	0.999999999975835
1739	0.999999999975835
1740	0.999999999975835
1741	0.999999999975835
1742	0.999999999975835
1743	0.999999999975835
1744	0.999999999975835
1745	0.999999999975835
1746	0.999999999975835
1747	0.999999999975835
1748	0.999999999975835
1749	0.999999999975835
1750	0.999999999975835
1751	0.999999999975835
1752	0.999999999975835
1753	0.999999999975835
1754	0.999999999975835
1755	0.999999999975835
1756	0.999999999975835
1757	0.999999999975835
1758	0.999999999975835
1759	0.999999999975835
1760	0.999999999975835
1761	0.999999999975835
1762	0.999999999975835
1763	0.999999999975835
1764	0.999999999975835
1765	0.999999999975835
1766	0.999999999975835
1767	0.999999999975835
1768	0.999999999975835
1769	0.999999999975835
1770	0.999999999975835
1771	0.999999999975835
1772	0.999999999975835
1773	0.999999999975835
1774	0.999999999975835
1775	0.999999999975835
1776	0.999999999975835
1777	0.999999999975835
1778	0.999999999975835
1779	0.999999999975835
1780	0.999999999975835
1781	0.999999999975835
1782	0.999999999975835
1783	0.999999999975835
1784	0.999999999975835
1785	0.999999999975835
1786	0.999999999975835
1787	0.999999999975835
1788	0.999999999975835
1789	0.999999999975835
1790	0.999999999975835
1791	0.999999999975835
1792	0.999999999975835
1793	0.999999999975835
1794	0.999999999975835
1795	0.999999999975835
1796	0.999999999975835
1797	0.999999999975835
1798	0.999999999975835
1799	0.999999999975835
1800	0.999999999975835
1801	0.999999999975835
1802	0.999999999975835
1803	0.999999999975835
1804	0.999999999975835
1805	0.999999999975835
1806	0.999999999975835
1807	0.999999999975835
1808	0.999999999975835
1809	0.999999999975835
1810	0.999999999975835
1811	0.999999999975835
1812	0.999999999975835
1813	0.999999999975835
1814	0.999999999975835
1815	0.999999999975835
1816	0.999999999975835
1817	0.999999999975835
1818	0.999999999975835
1819	0.999999999975835
1820	0.999999999975835
1821	0.999999999975835
1822	0.999999999975835
1823	0.999999999975835
1824	0.999999999975835
1825	0.999999999975835
1826	0.999999999975835
1827	0.999999999975835
1828	0.999999999975835
1829	0.999999999975835
1830	0.999999999975835
1831	0.999999999975835
1832	0.999999999975835
1833	0.999999999975835
1834	0.999999999975835
1835	0.999999999975835
1836	0.999999999975835
1837	0.999999999975835
1838	0.999999999975835
1839	0.999999999975835
1840	0.999999999975835
1841	0.999999999975835
1842	0.999999999975835
1843	0.999999999975835
1844	0.999999999975835
1845	0.999999999975835
1846	0.999999999975835
1847	0.999999999975835
1848	0.999999999975835
1849	0.999999999975835
1850	0.999999999975835
1851	0.999999999975835
1852	0.999999999975835
1853	0.999999999975835
1854	0.999999999975835
1855	0.999999999975835
1856	0.999999999975835
1857	0.999999999975835
1858	0.999999999975835
1859	0.999999999975835
1860	0.9999999999758349
1861	0.9999999999758349
1862	0.9999999999758349
1863	0.9999999999758349
1864	0.9999999999758349
1865	0.9999999999758349
1866	0.9999999999758349
1867	0.9999999999758348
1868	0.9999999999758348
1869	0.9999999999758347
1870	0.9999999999758346
1871	0.9999999999758343
1872	0.9999999999758341
1873	0.9999999999758338
1874	0.9999999999758332
1875	0.9999999999758324
1876	0.9999999999758313
1877	0.9999999999758297
1878	0.9999999999758274
1879	0.9999999999758242
1880	0.9999999999758196
1881	0.999999999975813
1882	0.9999999999758037
1883	0.9999999999757905
1884	0.9999999999757718
1885	0.9999999999757456
1886	0.9999999999757088
1887	0.9999999999756569
1888	0.9999999999755843
1889	0.9999999999754828
1890	0.9999999999753412
1891	0.999999999975144
1892	0.9999999999748699
1893	0.9999999999744897
1894	0.9999999999739635
1895	0.9999999999732366
1896	0.9999999999722345
1897	0.999999999970856
1898	0.999999999968963
1899	0.9999999999663692
1900	0.9999999999628223
1901	0.9999999999579819
1902	0.9999999999513898
1903	0.99999999994243
1904	0.9999999999302774
1905	0.9999999999138275
1906	0.9999999998916065
1907	0.9999999998616508
1908	0.9999999998213511
1909	0.9999999997672467
1910	0.999999999694758
1911	0.9999999995978373
1912	0.999999999468517
1913	0.9999999992963221
1914	0.9999999990675107
1915	0.9999999987640961
1916	0.9999999983625864
1917	0.9999999978323677
1918	0.9999999971336327
1919	0.9999999962147352
1920	0.9999999950088171
1921	0.9999999934295212
1922	0.9999999913655534
1923	0.9999999886738018
1924	0.9999999851706538
1925	0.9999999806210639
1926	0.9999999747248242
1927	0.9999999670993664
1928	0.999999957258271
1929	0.9999999445844808
1930	0.9999999282969996
1931	0.9999999074095944
1932	0.9999998806797151
1933	0.999999846545475
1934	0.9999998030481049
1935	0.9999997477367798
1936	0.9999996775521194
1937	0.9999995886839588
1938	0.99999947639817
1939	0.9999993348263636
1940	0.9999991567112037
1941	0.999998933098805
1942	0.9999986529682349
1943	0.9999983027864909
1944	0.9999978659754527
1945	0.9999973222751863
1946	0.9999966469856024
1947	0.9999958100658061
1948	0.9999947750675205
1949	0.9999934978756948
1950	0.9999919252258178
1951	0.9999899929635417
1952	0.9999876240079797
1953	0.9999847259754818
1954	0.9999811884158435
1955	0.9999768796077764
1956	0.9999716428551275
1957	0.9999652922198264
1958	0.9999576076219333
1959	0.9999483292315748
1960	0.999937151072077
1961	0.9999237137483937
1962	0.9999075962101435
1963	0.9998883064543921
1964	0.9998652710699734
1965	0.9998378235228668
1966	0.9998051910812144
1967	0.9997664802792546
1968	0.9997206608220882
1969	0.9996665478381044
1970	0.9996027823934307
1971	0.9995278101932759
1972	0.9994398584088648
1973	0.999336910586161
1974	0.9992166796140549
1975	0.9990765787554559
1976	0.9989136907750049
1977	0.9987247352321103
1978	0.998506034047803
1979	0.9982534754985353
1980	0.997962476839407
1981	0.9976279458131924
1982	0.9972442413595909
1983	0.9968051339008382
1984	0.9963037656445106
1985	0.9957326114111896
1986	0.9950834405625851
1987	0.9943472806735447
1988	0.993514383657691
1989	0.9925741951196723
1990	0.9915153277654569
1991	0.9903255397538729
1992	0.9889917189157382
1993	0.9874998737993782
1994	0.985835132521008
1995	0.9839817504033098
1996	0.9819231273735526
1997	0.9796418360619099
1998	0.9771196614895813
1999	0.9743376531634543
2000	0.9712761902983119
2001	0.9679150607682595
2002	0.9642335542459018
2003	0.9602105698210956
2004	0.9558247382016999
2005	0.9510545583880621
2006	0.9458785484831219
2007	0.9402754100536848
2008	0.9342242051990107
2009	0.9277045452143541
2010	0.9206967894640744
2011	0.9131822528064949
2012	0.9051434196463793
2013	0.8965641624365877
2014	0.8874299622142771
2015	0.8777281285451244
2016	0.8674480160675793
2017	0.8565812346840422
2018	0.8451218503426008
2019	0.8330665732965415
2020	0.8204149307235212
2021	0.8071694206354223
2022	0.7933356441158994
2023	0.7789224130866634
2024	0.7639418310256538
2025	0.7484093443390815
2026	0.7323437624222251
2027	0.7157672448267933
2028	0.6987052543802883
2029	0.6811864755685085
2030	0.6632426979883689
2031	0.6449086651958397
2032	0.6262218898034547
2033	0.6072224362133084
2034	0.5879526728942035
2035	0.5684569966149193
2036	0.5487815315188744
2037	0.5289738063586065
2038	0.5090824135919702
2039	0.48915665436718825
2040	0.46924617368343247
2041	0.4494005902013928
2042	0.4296691252897505
2043	0.4101002359257171
2044	0.3907412560196899
2045	0.37163805060626404
2046	0.3528346871387617
2047	0.3343731278462647
2048	0.3162929467666657
2049	0.2986310746637667
2050	0.28142157457952915
2051	0.2646954502738581
2052	0.24848048927427213
2053	0.23280114170747604
2054	0.21767843552553057
2055	0.2031299281822783
2056	0.1891696942719331
2057	0.17580834812171112
2058	0.1630530998437016
2059	0.15090784290646278
2060	0.13937327089148874
2061	0.12844702075978562
2062	0.11812383967393002
2063	0.10839577220424693
2064	0.0992523645957047
2065	0.09068088268483138
2066	0.0826665400320235
2067	0.07519273287131856
2068	0.06824127857309553
2069	0.06179265446027189
2070	0.05582623400952105
2071	0.050320517699311285
2072	0.045253356029155624
2073	0.04060216252207862
2074	0.03634411482759006
2075	0.032456342358155976
2076	0.028916099211300166
2077	0.02570092144551527
2078	0.022788768085131864
2079	0.02015814552187136
2080	0.017788215254425744
2081	0.01565888515828936
2082	0.013750884703266086
2083	0.012045824733464138
2084	0.010526242592851632
2085	0.00917563351802382
2086	0.00797846932888195
2087	0.006920205528232979
2088	0.0059872779742356505
2089	0.005167090316953148
2090	0.004447993394213764
2091	0.003819257764997519
2092	0.0032710405233196066
2093	0.0027943474848367137
2094	0.002380991774951757
2095	0.00202354977378308
2096	0.0017153152926348977
2097	0.00145025277103767
2098	0.0012229501953001207
2099	0.0010285723508783701
2100	0.0008628149335193654
2101	0.0007218599596094871
2102	0.0006023328357228202
2103	0.0005012613720230751
2104	0.0004160369546842457
2105	0.0003443780293789025
2106	0.00028429599144665524
2107	0.0002340635287149326
2108	0.0001921854200498813
2109	0.00015737175637679142
2110	0.00012851352082223448
2111	0.0001046604403996595
2112	8.500100282590206e-05
2113	6.884451811271051e-05
2114	5.560509499454533e-05
2115	4.478739649292222e-05
2116	3.597403644595909e-05
2117	2.8814479135180254e-05
2118	2.3015306733134842e-05
2119	1.833172372270356e-05
2120	1.4560173289348352e-05
2121	1.1531947590815754e-05
2122	9.107681438693196e-06
2123	7.172627000378705e-06
2124	5.632615408771053e-06
2125	4.41061945118937e-06
2126	3.443839637294805e-06
2127	2.681243791183503e-06
2128	2.0814977793035364e-06
2129	1.611232004555206e-06
2130	1.2435948224775418e-06
2131	9.570500423004063e-07
2132	7.343811548265135e-07
2133	5.618698849036884e-07
2134	4.286211134235432e-07
2135	3.260101750286544e-07
2136	2.472320414146998e-07
2137	1.8693497846076374e-07
2138	1.409239527936626e-07
2139	1.059213950646874e-07
2140	7.937493830825733e-08
2141	5.9303474414217684e-08
2142	4.4174342561461744e-08
2143	3.2805711016822405e-08
2144	2.4289266314303416e-08
2145	1.7929207385848698e-08
2146	1.3194280128931137e-08
2147	9.680201129064486e-09
2148	7.080326399452533e-09
2149	5.162838405973522e-09
2150	3.753066577127827e-09
2151	2.7198353041183724e-09
2152	1.9649597298582945e-09
2153	1.4151924677275454e-09
2154	1.0160714645286956e-09
2155	7.272370014339113e-10
2156	5.188797336826872e-10
2157	3.6905621817671555e-10
2158	2.616673040479899e-10
2159	1.8494113982853753e-10
2160	1.3029889915440975e-10
2161	9.150969436610145e-11
2162	6.406319370111672e-11
2163	4.470552033264813e-11
2164	3.109716234315834e-11
2165	2.1561716951215844e-11
2166	1.490200866660141e-11
2167	1.0265995652940143e-11
2168	7.0493328773321544e-12
2169	4.824824360827712e-12
2170	3.2915267910791814e-12
2171	2.238161957007818e-12
2172	1.5169094887791804e-12
2173	1.0247021913674498e-12
2174	6.899240381288928e-13
2175	4.629842959000444e-13
2176	3.096623124940976e-13
2177	2.064254646779153e-13
2178	1.371471260916691e-13
2179	9.081432304167319e-14
2180	5.993242365552945e-14
2181	3.941892869034504e-14
2182	2.583918965126147e-14
2183	1.6880280031658518e-14
2184	1.0990125592936972e-14
2185	7.130885418655463e-15
2186	4.6110260381219764e-15
2187	2.9713957725322085e-15
2188	1.908216775878658e-15
2189	1.2212220792183443e-15
2190	7.788552253426173e-16
2191	4.950047636354226e-16
2192	3.1350750444363035e-16
2193	1.978644500364628e-16
2194	1.2444120052552423e-16
2195	7.798884605309783e-17
2196	4.870437172624502e-17
2197	3.030859360488116e-17
2198	1.8794086575630904e-17
2199	1.161259941051851e-17
2200	7.149663540999657e-18
2201	4.386163623264877e-18
2202	2.6811568056517583e-18
2203	1.633024980581361e-18
2204	9.91041197532217e-19
2205	5.992580294578907e-19
2206	3.610391223031668e-19
2207	2.1672442642099438e-19
2208	1.2961926901928477e-19
2209	7.72385769165595e-20
2210	4.5856066467668104e-20
2211	2.7123890882497246e-20
2212	1.598433665514298e-20
2213	9.38467929454676e-21
2214	5.489352985386256e-21
2215	3.198854352100605e-21
2216	1.857094512962305e-21
2217	1.0740744612233625e-21
2218	6.188568355916075e-22
2219	3.552188075867927e-22
2220	2.0311695261339811e-22
2221	1.1570052190227878e-22
2222	6.565349004350345e-23
2223	3.711146174471339e-23
2224	2.089682948374897e-23
2225	1.172112087968721e-23
2226	6.5489032059050355e-24
2227	3.644793368214733e-24
2228	2.020581441070649e-24
2229	1.1157658527890086e-24
2230	6.137014391113174e-25
2231	3.36219312246056e-25
2232	1.8346939699009047e-25
2233	9.97181147927431e-26
2234	5.398186352759157e-26
2235	2.9105761748736447e-26
2236	1.5630080044676925e-26
2237	8.359655403911138e-27
2238	4.453015954936164e-27
2239	2.3623951557227966e-27
2240	1.2481791394619705e-27
2241	6.567816366038478e-28
2242	3.441742387238759e-28
2243	1.7961496617058178e-28
2244	9.3348416985535e-29
2245	4.831312124185609e-29
2246	2.490062857727508e-29
2247	1.2780149233929458e-29
2248	6.53183510301619e-30
2249	3.3243090516952605e-30
2250	1.684719611490749e-30
2251	8.501724819598362e-31
2252	4.272014208448161e-31
2253	2.13745790124124e-31
2254	1.0648652046050704e-31
2255	5.282223591173834e-32
2256	2.608896424522026e-32
2257	1.2829436602200134e-32
2258	6.281476533902751e-33
2259	3.062047809809871e-33
2260	1.4861096749670103e-33
2261	7.180769117429046e-34
2262	3.454337356217086e-34
2263	1.6543394818741793e-34
2264	7.887565355629096e-35
2265	3.743794873937938e-35
2266	1.768984716479606e-35
2267	8.320917841792337e-36
2268	3.896239053426271e-36
2269	1.816097610646152e-36
2270	8.426436726030743e-37
2271	3.891811626040234e-37
2272	1.7891820937858248e-37
2273	8.18736031564485e-38
2274	3.729164695613306e-38
2275	1.6906321476208937e-38
2276	7.628657276910639e-39
2277	3.4260993896829414e-39
2278	1.5314261385702266e-39
2279	6.812832222450035e-40
2280	3.0163802622038352e-40
2281	1.3291144603468205e-40
2282	5.828376919658584e-41
2283	2.5435062351215993e-41
2284	1.1046095842580658e-41
2285	4.773824410336867e-42
2286	2.053035373958396e-42
2287	8.78596400969096e-43
2288	3.741415613421708e-43
2289	1.5853548934801727e-43
2290	6.684230558258461e-44
2291	2.8041484882673015e-44
2292	1.1704838944441965e-44
2293	4.861102975575254e-45
2294	2.0086262877224878e-45
2295	8.257494774062566e-46
2296	3.377319291819412e-46
2297	1.374232724266982e-46
2298	5.562914772655992e-47
2299	2.2402061328467637e-47
2300	8.974420375780949e-48
2301	3.5764073379376174e-48
2302	1.4177474360435478e-48
2303	5.5905065739195985e-49
2304	2.192768665032993e-49
2305	8.554855599775265e-50
2306	3.3197050569088705e-50
2307	1.2812736283709328e-50
2308	4.918450997476722e-51
2309	1.8777910641924797e-51
2310	7.129956944886218e-52
2311	2.6923741094873165e-52
2312	1.0110689576033928e-52
2313	3.775816732721871e-53
2314	1.402211591378976e-53
2315	5.178170433575386e-54
2316	1.901458109169393e-54
2317	6.94276032529225e-55
2318	2.520575972259604e-55
2319	9.0986445005577e-56
2320	3.265501011397173e-56
2321	1.1652147132586214e-56
2322	4.133631436391589e-57
2323	1.4578528496763844e-57
2324	5.1113793790635385e-58
2325	1.781522108074025e-58
2326	6.17247041031818e-59
2327	2.125824389527446e-59
2328	7.277496854197688e-60
2329	2.4763297640227173e-60
2330	8.375140631259056e-61
2331	2.8152574420316495e-61
2332	9.405275480850085e-62
2333	3.1227496495960914e-62
2334	1.0303854583423587e-62
2335	3.3786535134816695e-63
2336	1.1009136710934121e-63
2337	3.564615117596757e-64
2338	1.1468475721524581e-64
2339	3.6661998446785553e-65
2340	1.1644677171175639e-65
2341	3.674708985163397e-66
2342	1.1520881684643208e-66
2343	3.588381607919852e-67
2344	1.1103101827792722e-67
2345	3.412756101943691e-68
2346	1.0419901552603187e-68
2347	3.1601041068134943e-69
2348	9.519197025931257e-70
2349	2.848012510767245e-70
2350	8.462669428546924e-71
2351	2.4973405764015896e-71
2352	7.318698136450804e-72
2353	2.1298844946170274e-72
2354	6.15495172982414e-73
2355	1.766117479862247e-73
2356	5.0317672539118254e-74
2357	1.4233343021316727e-74
2358	3.9972178066475893e-75
2359	1.1144280979000662e-75
2360	3.084381943352811e-76
2361	8.47391921150369e-77
2362	2.3108856288477236e-77
2363	6.255011702573353e-78
2364	1.6803919551937667e-78
2365	4.4802553723065283e-79
2366	1.1854445050841378e-79
2367	3.112591987959794e-80
2368	8.109639333298645e-81
2369	2.0964995123082804e-81
2370	5.37745770283758e-82
2371	1.3684313040661017e-82
2372	3.454674352284757e-83
2373	8.651736955023407e-84
2374	2.149241026724518e-84
2375	5.295728254378752e-85
2376	1.294189033660997e-85
2377	3.136703403889024e-86
2378	7.539190581732446e-87
2379	1.796895684437379e-87
2380	4.2465746620965395e-88
2381	9.950452039269119e-89
2382	2.3115585730612005e-89
2383	5.323465301786415e-90
2384	1.2152909174631837e-90
2385	2.7499874180760943e-91
2386	6.167562696109595e-92
2387	1.3708693558156427e-92
2388	3.019568124125981e-93
2389	6.590614495548455e-94
2390	1.4252949116256502e-94
2391	3.053838858246951e-95
2392	6.4820775209880406e-96
2393	1.3629268542370093e-96
2394	2.8384674886034107e-97
2395	5.854778523389017e-98
2396	1.1959515716836592e-98
2397	2.4191007585829212e-99
2398	4.844974171249245e-100
2399	9.606943569965291e-101
2400	1.8857911446431656e-101
2401	3.664156428418894e-102
2402	7.046656620467366e-103
2403	1.341147815194551e-103
2404	2.5258610421198363e-104
2405	4.706904996597118e-105
2406	8.677757572926617e-106
2407	1.5826235776358361e-106
2408	2.854938078373935e-107
2409	5.093479249951729e-108
2410	8.986279477449554e-109
2411	1.567618732422101e-109
2412	2.7036007012816336e-110
2413	4.6092627606489885e-111
2414	7.766961772654592e-112
2415	1.2934341727234122e-112
2416	2.1283953023343492e-113
2417	3.460309901651472e-114
2418	5.55739092721011e-115
2419	8.815707288303817e-116
2420	1.3810490499420753e-116
2421	2.136292098945085e-117
2422	3.262450642446719e-118
2423	4.91801124419535e-119
2424	7.316881258865981e-120
2425	1.0741878204618605e-120
2426	1.555883342298474e-121
2427	2.2229990343041872e-122
2428	3.132475596997249e-123
2429	4.352520787237337e-124
2430	5.962316450698818e-125
2431	8.050523110258678e-126
2432	1.0712220628007382e-126
2433	1.4043975944340216e-127
2434	1.8136853012087044e-128
2435	2.3067385886786793e-129
2436	2.8886822157656805e-130
2437	3.5609292911217334e-131
2438	4.3199940235095417e-132
2439	5.156437761054237e-133
2440	6.054110143468075e-134
2441	6.989853752238569e-135
2442	7.933822862924922e-136
2443	8.850520871720705e-137
2444	9.700587148698162e-138
2445	1.0443268458870142e-138
2446	1.1039404420513156e-139
2447	1.14546571214335e-140
2448	1.1662640585984117e-141
2449	1.1647573578396912e-142
2450	1.1406101296247212e-143
2451	1.094801118785706e-144
2452	1.0295698002635783e-145
2453	9.482395249628822e-147
2454	8.549358559035924e-148
2455	7.542331943610586e-149
2456	6.507724414607416e-150
2457	5.488954190112727e-151
2458	4.523375871344052e-152
2459	3.640101399844224e-153
2460	2.8588792434902467e-154
2461	2.1900362074165452e-155
2462	1.6353415572867353e-156
2463	1.1895474763485536e-157
2464	8.423070064223612e-159
2465	5.80172423429794e-160
2466	3.884244985875875e-161
2467	2.525599000608861e-162
2468	1.5935094453905714e-163
2469	9.747167391748167e-165
2470	5.774461380701974e-166
2471	3.3097997401544996e-167
2472	1.8334386224054043e-168
2473	9.803672752394366e-170
2474	5.053761790685099e-171
2475	2.5081191913016992e-172
2476	1.1965921622573155e-173
2477	5.479151986578824e-175
2478	2.4037825235042465e-176
2479	1.0084861579164123e-177
2480	4.037750515712118e-179
2481	1.5392811074978424e-180
2482	5.573375178317639e-182
2483	1.911330807424406e-183
2484	6.189110740262738e-185
2485	1.8857762611930667e-186
2486	5.3854483792072875e-188
2487	1.435122331753507e-189
2488	3.550339867010101e-191
2489	8.105643974808341e-193
2490	1.6959588581807858e-194
2491	3.2251448856573232e-196
2492	5.518544249311425e-198
2493	8.391628305105262e-200
2494	1.1162847569361633e-201
2495	1.2724947866375885e-203
2496	1.2085229276928187e-205
2497	9.180005343873023e-208
2498	5.228672821795549e-210
2499	1.9849429569235068e-212
2500	3.7668120133579483e-215
