k	pvalue
0	0.9999999999757959
1	0.9999999999757959
2	0.9999999999757959
3	0.9999999999757959
4	0.9999999999757959
5	0.9999999999757959
6	0.9999999999757959
7	0.9999999999757959
8	0.9999999999757959
9	0.9999999999757959
10	0.9999999999757959
11	0.9999999999757959
12	0.9999999999757959
13	0.9999999999757959
14	0.9999999999757959
15	0.9999999999757959
16	0.9999999999757959
17	0.9999999999757959
18	0.9999999999757959
19	0.9999999999757959
20	0.9999999999757959
21	0.9999999999757959
22	0.9999999999757959
23	0.9999999999757959
24	0.9999999999757959
25	0.9999999999757959
26	0.9999999999757959
27	0.9999999999757959
28	0.9999999999757959
29	0.9999999999757959
30	0.9999999999757959
31	0.9999999999757959
32	0.9999999999757959
33	0.9999999999757959
34	0.9999999999757959
35	0.9999999999757959
36	0.9999999999757959
37	0.9999999999757959
38	0.9999999999757959
39	0.9999999999757959
40	0.9999999999757959
41	0.9999999999757959
42	0.9999999999757959
43	0.9999999999757959
44	0.9999999999757959
45	0.9999999999757959
46	0.9999999999757959
47	0.9999999999757959
48	0.9999999999757959
49	0.9999999999757959
50	0.9999999999757959
51	0.9999999999757959
52	0.9999999999757959
53	0.9999999999757959
54	0.9999999999757959
55	0.9999999999757959
56	0.9999999999757959
57	0.9999999999757959
58	0.9999999999757959
59	0.9999999999757959
60	0.9999999999757959
61	0.9999999999757959
62	0.9999999999757959
63	0.9999999999757959
64	0.9999999999757959
65	0.9999999999757959
66	0.9999999999757959
67	0.9999999999757959
68	0.9999999999757959
69	0.9999999999757959
70	0.9999999999757959
71	0.9999999999757959
72	0.9999999999757959
73	0.9999999999757959
74	0.9999999999757959
75	0.9999999999757959
76	0.9999999999757959
77	0.9999999999757959
78	0.9999999999757959
79	0.9999999999757959
80	0.9999999999757959
81	0.9999999999757959
82	0.9999999999757959
83	0.9999999999757959
84	0.9999999999757959
85	0.9999999999757959
86	0.9999999999757959
87	0.9999999999757959
88	0.9999999999757959
89	0.9999999999757959
90	0.9999999999757959
91	0.9999999999757959
92	0.9999999999757959
93	0.9999999999757959
94	0.9999999999757959
95	0.9999999999757959
96	0.9999999999757959
97	0.9999999999757959
98	0.9999999999757959
99	0.9999999999757959
100	0.9999999999757959
101	0.9999999999757959
102	0.9999999999757959
103	0.9999999999757959
104	0.9999999999757959
105	0.9999999999757959
106	0.9999999999757959
107	0.9999999999757959
108	0.9999999999757959
109	0.9999999999757959
110	0.9999999999757959
111	0.9999999999757959
112	0.9999999999757959
113	0.9999999999757959
114	0.9999999999757959
115	0.9999999999757959
116	0.9999999999757959
117	0.9999999999757959
118	0.9999999999757959
119	0.9999999999757959
120	0.9999999999757959
121	0.9999999999757959
122	0.9999999999757959
123	0.9999999999757959
124	0.9999999999757959
125	0.9999999999757959
126	0.9999999999757959
127	0.9999999999757959
128	0.9999999999757959
129	0.9999999999757959
130	0.9999999999757959
131	0.9999999999757959
132	0.9999999999757959
133	0.9999999999757959
134	0.9999999999757959
135	0.9999999999757959
136	0.9999999999757959
137	0.9999999999757959
138	0.9999999999757959
139	0.9999999999757959
140	0.9999999999757959
141	0.9999999999757959
142	0.9999999999757959
143	0.9999999999757959
144	0.9999999999757959
145	0.9999999999757959
146	0.9999999999757959
147	0.9999999999757959
148	0.9999999999757959
149	0.9999999999757959
150	0.9999999999757959
151	0.9999999999757959
152	0.9999999999757959
153	0.9999999999757959
154	0.9999999999757959
155	0.9999999999757959
156	0.9999999999757959
157	0.9999999999757959
158	0.9999999999757959
159	0.9999999999757959
160	0.9999999999757959
161	0.9999999999757959
162	0.9999999999757959
163	0.9999999999757959
164	0.9999999999757959
165	0.9999999999757959
166	0.9999999999757959
167	0.9999999999757959
168	0.9999999999757959
169	0.9999999999757959
170	0.9999999999757959
171	0.9999999999757959
172	0.9999999999757959
173	0.9999999999757959
174	0.9999999999757959
175	0.9999999999757959
176	0.9999999999757959
177	0.9999999999757959
178	0.9999999999757959
179	0.9999999999757959
180	0.9999999999757959
181	0.9999999999757959
182	0.9999999999757959
183	0.9999999999757959
184	0.9999999999757959
185	0.9999999999757959
186	0.9999999999757959
187	0.9999999999757959
188	0.9999999999757959
189	0.9999999999757959
190	0.9999999999757959
191	0.9999999999757959
192	0.9999999999757959
193	0.9999999999757959
194	0.9999999999757959
195	0.9999999999757959
196	0.9999999999757959
197	0.9999999999757959
198	0.9999999999757959
199	0.9999999999757959
200	0.9999999999757959
201	0.9999999999757959
202	0.9999999999757959
203	0.9999999999757959
204	0.9999999999757959
205	0.9999999999757959
206	0.9999999999757959
207	0.9999999999757959
208	0.9999999999757959
209	0.9999999999757959
210	0.9999999999757959
211	0.9999999999757959
212	0.9999999999757959
213	0.9999999999757959
214	0.9999999999757959
215	0.9999999999757959
216	0.9999999999757959
217	0.9999999999757959
218	0.9999999999757959
219	0.9999999999757959
220	0.9999999999757959
221	0.9999999999757959
222	0.9999999999757959
223	0.9999999999757959
224	0.9999999999757959
225	0.9999999999757959
226	0.9999999999757959
227	0.9999999999757959
228	0.9999999999757959
229	0.9999999999757959
230	0.9999999999757959
231	0.9999999999757959
232	0.9999999999757959
233	0.9999999999757959
234	0.9999999999757959
235	0.9999999999757959
236	0.9999999999757959
237	0.9999999999757959
238	0.9999999999757959
239	0.9999999999757959
240	0.9999999999757959
241	0.9999999999757959
242	0.9999999999757959
243	0.9999999999757959
244	0.9999999999757959
245	0.9999999999757959
246	0.9999999999757959
247	0.9999999999757959
248	0.9999999999757959
249	0.9999999999757959
250	0.9999999999757959
251	0.9999999999757959
252	0.9999999999757959
253	0.9999999999757959
254	0.9999999999757959
255	0.9999999999757959
256	0.9999999999757959
257	0.9999999999757959
258	0.9999999999757959
259	0.9999999999757959
260	0.9999999999757959
261	0.9999999999757959
262	0.9999999999757959
263	0.9999999999757959
264	0.9999999999757959
265	0.9999999999757959
266	0.9999999999757959
267	0.9999999999757959
268	0.9999999999757959
269	0.9999999999757959
270	0.9999999999757959
271	0.9999999999757959
272	0.9999999999757959
273	0.9999999999757959
274	0.9999999999757959
275	0.9999999999757959
276	0.9999999999757959
277	0.9999999999757959
278	0.9999999999757959
279	0.9999999999757959
280	0.9999999999757959
281	0.9999999999757959
282	0.9999999999757959
283	0.9999999999757959
284	0.9999999999757959
285	0.9999999999757959
286	0.9999999999757959
287	0.9999999999757959
288	0.9999999999757959
289	0.9999999999757959
290	0.9999999999757959
291	0.9999999999757959
292	0.9999999999757959
293	0.9999999999757959
294	0.9999999999757959
295	0.9999999999757959
296	0.9999999999757959
297	0.9999999999757959
298	0.9999999999757959
299	0.9999999999757959
300	0.9999999999757959
301	0.9999999999757959
302	0.9999999999757959
303	0.9999999999757959
304	0.9999999999757959
305	0.9999999999757959
306	0.9999999999757959
307	0.9999999999757959
308	0.9999999999757959
309	0.9999999999757959
310	0.9999999999757959
311	0.9999999999757959
312	0.9999999999757959
313	0.9999999999757959
314	0.9999999999757959
315	0.9999999999757959
316	0.9999999999757959
317	0.9999999999757959
318	0.9999999999757959
319	0.9999999999757959
320	0.9999999999757959
321	0.9999999999757959
322	0.9999999999757959
323	0.9999999999757959
324	0.9999999999757959
325	0.9999999999757959
326	0.9999999999757959
327	0.9999999999757959
328	0.9999999999757959
329	0.9999999999757959
330	0.9999999999757959
331	0.9999999999757959
332	0.9999999999757959
333	0.9999999999757959
334	0.9999999999757959
335	0.9999999999757959
336	0.9999999999757959
337	0.9999999999757959
338	0.9999999999757959
339	0.9999999999757959
340	0.9999999999757959
341	0.9999999999757959
342	0.9999999999757959
343	0.9999999999757959
344	0.9999999999757959
345	0.9999999999757959
346	0.9999999999757959
347	0.9999999999757959
348	0.9999999999757959
349	0.9999999999757959
350	0.9999999999757959
351	0.9999999999757959
352	0.9999999999757959
353	0.9999999999757959
354	0.9999999999757959
355	0.9999999999757959
356	0.9999999999757959
357	0.9999999999757959
358	0.9999999999757959
359	0.9999999999757959
360	0.9999999999757959
361	0.9999999999757959
362	0.9999999999757959
363	0.9999999999757959
364	0.9999999999757959
365	0.9999999999757959
366	0.9999999999757959
367	0.9999999999757959
368	0.9999999999757959
369	0.9999999999757959
370	0.9999999999757959
371	0.9999999999757959
372	0.9999999999757959
373	0.9999999999757959
374	0.9999999999757959
375	0.9999999999757959
376	0.9999999999757959
377	0.9999999999757959
378	0.9999999999757959
379	0.9999999999757959
380	0.9999999999757959
381	0.9999999999757959
382	0.9999999999757959
383	0.9999999999757959
384	0.9999999999757959
385	0.9999999999757959
386	0.9999999999757959
387	0.9999999999757959
388	0.9999999999757959
389	0.9999999999757959
390	0.9999999999757959
391	0.9999999999757959
392	0.9999999999757959
393	0.9999999999757959
394	0.9999999999757959
395	0.9999999999757959
396	0.9999999999757959
397	0.9999999999757959
398	0.9999999999757959
399	0.9999999999757959
400	0.9999999999757959
401	0.9999999999757959
402	0.9999999999757959
403	0.9999999999757959
404	0.9999999999757959
405	0.9999999999757959
406	0.9999999999757959
407	0.9999999999757959
408	0.9999999999757959
409	0.9999999999757959
410	0.9999999999757959
411	0.9999999999757959
412	0.9999999999757959
413	0.9999999999757959
414	0.9999999999757959
415	0.9999999999757959
416	0.9999999999757959
417	0.9999999999757959
418	0.9999999999757959
419	0.9999999999757959
420	0.9999999999757959
421	0.9999999999757959
422	0.9999999999757959
423	0.9999999999757959
424	0.9999999999757959
425	0.9999999999757959
426	0.9999999999757959
427	0.9999999999757959
428	0.9999999999757959
429	0.9999999999757959
430	0.9999999999757959
431	0.9999999999757959
432	0.9999999999757959
433	0.9999999999757959
434	0.9999999999757959
435	0.9999999999757959
436	0.9999999999757959
437	0.9999999999757959
438	0.9999999999757959
439	0.9999999999757959
440	0.9999999999757959
441	0.9999999999757959
442	0.9999999999757959
443	0.9999999999757959
444	0.9999999999757959
445	0.9999999999757959
446	0.9999999999757959
447	0.9999999999757959
448	0.9999999999757959
449	0.9999999999757959
450	0.9999999999757959
451	0.9999999999757959
452	0.9999999999757959
453	0.9999999999757959
454	0.9999999999757959
455	0.9999999999757959
456	0.9999999999757959
457	0.9999999999757959
458	0.9999999999757959
459	0.9999999999757959
460	0.9999999999757959
461	0.9999999999757959
462	0.9999999999757959
463	0.9999999999757959
464	0.9999999999757959
465	0.9999999999757959
466	0.9999999999757959
467	0.9999999999757959
468	0.9999999999757959
469	0.9999999999757959
470	0.9999999999757959
471	0.9999999999757959
472	0.9999999999757959
473	0.9999999999757959
474	0.9999999999757959
475	0.9999999999757959
476	0.9999999999757959
477	0.9999999999757959
478	0.9999999999757959
479	0.9999999999757959
480	0.9999999999757959
481	0.9999999999757959
482	0.9999999999757959
483	0.9999999999757959
484	0.9999999999757959
485	0.9999999999757959
486	0.9999999999757959
487	0.9999999999757959
488	0.9999999999757959
489	0.9999999999757959
490	0.9999999999757959
491	0.9999999999757959
492	0.9999999999757959
493	0.9999999999757959
494	0.9999999999757959
495	0.9999999999757959
496	0.9999999999757959
497	0.9999999999757959
498	0.9999999999757959
499	0.9999999999757959
500	0.9999999999757959
501	0.9999999999757959
502	0.9999999999757959
503	0.9999999999757959
504	0.9999999999757959
505	0.9999999999757959
506	0.9999999999757959
507	0.9999999999757959
508	0.9999999999757959
509	0.9999999999757959
510	0.9999999999757959
511	0.9999999999757959
512	0.9999999999757959
513	0.9999999999757959
514	0.9999999999757959
515	0.9999999999757959
516	0.9999999999757959
517	0.9999999999757959
518	0.9999999999757959
519	0.9999999999757959
520	0.9999999999757959
521	0.9999999999757959
522	0.9999999999757959
523	0.9999999999757959
524	0.9999999999757959
525	0.9999999999757959
526	0.9999999999757959
527	0.9999999999757959
528	0.9999999999757959
529	0.9999999999757959
530	0.9999999999757959
531	0.9999999999757959
532	0.9999999999757959
533	0.9999999999757959
534	0.9999999999757959
535	0.9999999999757959
536	0.9999999999757959
537	0.9999999999757959
538	0.9999999999757959
539	0.9999999999757959
540	0.9999999999757959
541	0.9999999999757959
542	0.9999999999757959
543	0.9999999999757959
544	0.9999999999757959
545	0.9999999999757959
546	0.9999999999757959
547	0.9999999999757959
548	0.9999999999757959
549	0.9999999999757959
550	0.9999999999757959
551	0.9999999999757959
552	0.9999999999757959
553	0.9999999999757959
554	0.9999999999757959
555	0.9999999999757959
556	0.9999999999757959
557	0.9999999999757959
558	0.9999999999757959
559	0.9999999999757959
560	0.9999999999757959
561	0.9999999999757959
562	0.9999999999757959
563	0.9999999999757959
564	0.9999999999757959
565	0.9999999999757959
566	0.9999999999757959
567	0.9999999999757959
568	0.9999999999757959
569	0.9999999999757959
570	0.9999999999757959
571	0.9999999999757959
572	0.9999999999757959
573	0.9999999999757959
574	0.9999999999757959
575	0.9999999999757959
576	0.9999999999757959
577	0.9999999999757959
578	0.9999999999757959
579	0.9999999999757959
580	0.9999999999757959
581	0.9999999999757959
582	0.9999999999757959
583	0.9999999999757959
584	0.9999999999757959
585	0.9999999999757959
586	0.9999999999757959
587	0.9999999999757959
588	0.9999999999757959
589	0.9999999999757959
590	0.9999999999757959
591	0.9999999999757959
592	0.9999999999757959
593	0.9999999999757959
594	0.9999999999757959
595	0.9999999999757959
596	0.9999999999757959
597	0.9999999999757959
598	0.9999999999757959
599	0.9999999999757959
600	0.9999999999757959
601	0.9999999999757959
602	0.9999999999757959
603	0.9999999999757959
604	0.9999999999757959
605	0.9999999999757959
606	0.9999999999757959
607	0.9999999999757959
608	0.9999999999757959
609	0.9999999999757959
610	0.9999999999757959
611	0.9999999999757959
612	0.9999999999757959
613	0.9999999999757959
614	0.9999999999757959
615	0.9999999999757959
616	0.9999999999757959
617	0.9999999999757959
618	0.9999999999757959
619	0.9999999999757959
620	0.9999999999757959
621	0.9999999999757959
622	0.9999999999757959
623	0.9999999999757959
624	0.9999999999757959
625	0.9999999999757959
626	0.9999999999757959
627	0.9999999999757959
628	0.9999999999757959
629	0.9999999999757959
630	0.9999999999757959
631	0.9999999999757959
632	0.9999999999757959
633	0.9999999999757959
634	0.9999999999757959
635	0.9999999999757959
636	0.9999999999757959
637	0.9999999999757959
638	0.9999999999757959
639	0.9999999999757959
640	0.9999999999757959
641	0.9999999999757959
642	0.9999999999757959
643	0.9999999999757959
644	0.9999999999757959
645	0.9999999999757959
646	0.9999999999757959
647	0.9999999999757959
648	0.9999999999757959
649	0.9999999999757959
650	0.9999999999757959
651	0.9999999999757959
652	0.9999999999757959
653	0.9999999999757959
654	0.9999999999757959
655	0.9999999999757959
656	0.9999999999757959
657	0.9999999999757959
658	0.9999999999757959
659	0.9999999999757959
660	0.9999999999757959
661	0.9999999999757959
662	0.9999999999757959
663	0.9999999999757959
664	0.9999999999757959
665	0.9999999999757959
666	0.9999999999757959
667	0.9999999999757959
668	0.9999999999757959
669	0.9999999999757959
670	0.9999999999757959
671	0.9999999999757959
672	0.9999999999757959
673	0.9999999999757959
674	0.9999999999757959
675	0.9999999999757959
676	0.9999999999757959
677	0.9999999999757959
678	0.9999999999757959
679	0.9999999999757959
680	0.9999999999757959
681	0.9999999999757959
682	0.9999999999757959
683	0.9999999999757959
684	0.9999999999757959
685	0.9999999999757959
686	0.9999999999757959
687	0.9999999999757959
688	0.9999999999757959
689	0.9999999999757959
690	0.9999999999757959
691	0.9999999999757959
692	0.9999999999757959
693	0.9999999999757959
694	0.9999999999757959
695	0.9999999999757959
696	0.9999999999757959
697	0.9999999999757959
698	0.9999999999757959
699	0.9999999999757959
700	0.9999999999757959
701	0.9999999999757959
702	0.9999999999757959
703	0.9999999999757959
704	0.9999999999757959
705	0.9999999999757959
706	0.9999999999757959
707	0.9999999999757959
708	0.9999999999757959
709	0.9999999999757959
710	0.9999999999757959
711	0.9999999999757959
712	0.9999999999757959
713	0.9999999999757959
714	0.9999999999757959
715	0.9999999999757959
716	0.9999999999757959
717	0.9999999999757959
718	0.9999999999757959
719	0.9999999999757959
720	0.9999999999757959
721	0.9999999999757959
722	0.9999999999757959
723	0.9999999999757959
724	0.9999999999757959
725	0.9999999999757959
726	0.9999999999757959
727	0.9999999999757959
728	0.9999999999757959
729	0.9999999999757959
730	0.9999999999757959
731	0.9999999999757959
732	0.9999999999757959
733	0.9999999999757959
734	0.9999999999757959
735	0.9999999999757959
736	0.9999999999757959
737	0.9999999999757959
738	0.9999999999757959
739	0.9999999999757959
740	0.9999999999757959
741	0.9999999999757959
742	0.9999999999757959
743	0.9999999999757959
744	0.9999999999757959
745	0.9999999999757959
746	0.9999999999757959
747	0.9999999999757959
748	0.9999999999757959
749	0.9999999999757959
750	0.9999999999757959
751	0.9999999999757959
752	0.9999999999757959
753	0.9999999999757959
754	0.9999999999757959
755	0.9999999999757959
756	0.9999999999757959
757	0.9999999999757959
758	0.9999999999757959
759	0.9999999999757959
760	0.9999999999757959
761	0.9999999999757959
762	0.9999999999757959
763	0.9999999999757959
764	0.9999999999757959
765	0.9999999999757959
766	0.9999999999757959
767	0.9999999999757959
768	0.9999999999757959
769	0.9999999999757959
770	0.9999999999757959
771	0.9999999999757959
772	0.9999999999757959
773	0.9999999999757959
774	0.9999999999757959
775	0.9999999999757959
776	0.9999999999757959
777	0.9999999999757959
778	0.9999999999757959
779	0.9999999999757959
780	0.9999999999757959
781	0.9999999999757959
782	0.9999999999757959
783	0.9999999999757959
784	0.9999999999757959
785	0.9999999999757959
786	0.9999999999757959
787	0.9999999999757959
788	0.9999999999757959
789	0.9999999999757959
790	0.9999999999757959
791	0.9999999999757959
792	0.9999999999757959
793	0.9999999999757959
794	0.9999999999757959
795	0.9999999999757959
796	0.9999999999757959
797	0.9999999999757959
798	0.9999999999757959
799	0.9999999999757959
800	0.9999999999757959
801	0.9999999999757959
802	0.9999999999757959
803	0.9999999999757959
804	0.9999999999757959
805	0.9999999999757959
806	0.9999999999757959
807	0.9999999999757959
808	0.9999999999757959
809	0.9999999999757959
810	0.9999999999757959
811	0.9999999999757959
812	0.9999999999757959
813	0.9999999999757959
814	0.9999999999757959
815	0.9999999999757959
816	0.9999999999757959
817	0.9999999999757959
818	0.9999999999757959
819	0.9999999999757959
820	0.9999999999757959
821	0.9999999999757959
822	0.9999999999757959
823	0.9999999999757959
824	0.9999999999757959
825	0.9999999999757959
826	0.9999999999757959
827	0.9999999999757959
828	0.9999999999757959
829	0.9999999999757959
830	0.9999999999757959
831	0.9999999999757959
832	0.9999999999757959
833	0.9999999999757959
834	0.9999999999757959
835	0.9999999999757959
836	0.9999999999757959
837	0.9999999999757959
838	0.9999999999757959
839	0.9999999999757959
840	0.9999999999757959
841	0.9999999999757959
842	0.9999999999757959
843	0.9999999999757959
844	0.9999999999757959
845	0.9999999999757959
846	0.9999999999757959
847	0.9999999999757959
848	0.9999999999757959
849	0.9999999999757959
850	0.9999999999757959
851	0.9999999999757959
852	0.9999999999757959
853	0.9999999999757959
854	0.9999999999757959
855	0.9999999999757959
856	0.9999999999757959
857	0.9999999999757959
858	0.9999999999757959
859	0.9999999999757959
860	0.9999999999757959
861	0.9999999999757959
862	0.9999999999757959
863	0.9999999999757959
864	0.9999999999757959
865	0.9999999999757959
866	0.9999999999757959
867	0.9999999999757959
868	0.9999999999757959
869	0.9999999999757959
870	0.9999999999757959
871	0.9999999999757959
872	0.9999999999757959
873	0.9999999999757959
874	0.9999999999757959
875	0.9999999999757959
876	0.9999999999757959
877	0.9999999999757959
878	0.9999999999757959
879	0.9999999999757959
880	0.9999999999757959
881	0.9999999999757959
882	0.9999999999757959
883	0.9999999999757959
884	0.9999999999757959
885	0.9999999999757959
886	0.9999999999757959
887	0.9999999999757959
888	0.9999999999757959
889	0.9999999999757959
890	0.9999999999757959
891	0.9999999999757959
892	0.9999999999757959
893	0.9999999999757959
894	0.9999999999757959
895	0.9999999999757959
896	0.9999999999757959
897	0.9999999999757959
898	0.9999999999757959
899	0.9999999999757959
900	0.9999999999757959
901	0.9999999999757959
902	0.9999999999757959
903	0.9999999999757959
904	0.9999999999757959
905	0.9999999999757959
906	0.9999999999757959
907	0.9999999999757959
908	0.9999999999757959
909	0.9999999999757959
910	0.9999999999757959
911	0.9999999999757959
912	0.9999999999757959
913	0.9999999999757959
914	0.9999999999757959
915	0.9999999999757959
916	0.9999999999757959
917	0.9999999999757959
918	0.9999999999757959
919	0.9999999999757959
920	0.9999999999757959
921	0.9999999999757959
922	0.9999999999757959
923	0.9999999999757959
924	0.9999999999757959
925	0.9999999999757959
926	0.9999999999757959
927	0.9999999999757959
928	0.9999999999757959
929	0.9999999999757959
930	0.9999999999757959
931	0.9999999999757959
932	0.9999999999757959
933	0.9999999999757959
934	0.9999999999757959
935	0.9999999999757959
936	0.9999999999757959
937	0.9999999999757959
938	0.9999999999757959
939	0.9999999999757959
940	0.9999999999757959
941	0.9999999999757959
942	0.9999999999757959
943	0.9999999999757959
944	0.9999999999757959
945	0.9999999999757959
946	0.9999999999757959
947	0.9999999999757959
948	0.9999999999757959
949	0.9999999999757959
950	0.9999999999757959
951	0.9999999999757959
952	0.9999999999757959
953	0.9999999999757959
954	0.9999999999757959
955	0.9999999999757959
956	0.9999999999757959
957	0.9999999999757959
958	0.9999999999757959
959	0.9999999999757959
960	0.9999999999757959
961	0.9999999999757959
962	0.9999999999757959
963	0.9999999999757959
964	0.9999999999757959
965	0.9999999999757959
966	0.9999999999757959
967	0.9999999999757959
968	0.9999999999757959
969	0.9999999999757959
970	0.9999999999757959
971	0.9999999999757959
972	0.9999999999757959
973	0.9999999999757959
974	0.9999999999757959
975	0.9999999999757959
976	0.9999999999757959
977	0.9999999999757959
978	0.9999999999757959
979	0.9999999999757959
980	0.9999999999757959
981	0.9999999999757959
982	0.9999999999757959
983	0.9999999999757959
984	0.9999999999757959
985	0.9999999999757959
986	0.9999999999757959
987	0.9999999999757959
988	0.9999999999757959
989	0.9999999999757959
990	0.9999999999757959
991	0.9999999999757959
992	0.9999999999757959
993	0.9999999999757959
994	0.9999999999757959
995	0.9999999999757959
996	0.9999999999757959
997	0.9999999999757959
998	0.9999999999757959
999	0.9999999999757959
1000	0.9999999999757959
1001	0.9999999999757959
1002	0.9999999999757959
1003	0.9999999999757959
1004	0.9999999999757959
1005	0.9999999999757959
1006	0.9999999999757959
1007	0.9999999999757959
1008	0.9999999999757959
1009	0.9999999999757959
1010	0.9999999999757959
1011	0.9999999999757959
1012	0.9999999999757959
1013	0.9999999999757959
1014	0.9999999999757959
1015	0.9999999999757959
1016	0.9999999999757959
1017	0.9999999999757959
1018	0.9999999999757959
1019	0.9999999999757959
1020	0.9999999999757959
1021	0.9999999999757959
1022	0.9999999999757959
1023	0.9999999999757959
1024	0.9999999999757959
1025	0.9999999999757959
1026	0.9999999999757959
1027	0.9999999999757959
1028	0.9999999999757959
1029	0.9999999999757959
1030	0.9999999999757959
1031	0.9999999999757959
1032	0.9999999999757959
1033	0.9999999999757959
1034	0.9999999999757959
1035	0.9999999999757959
1036	0.9999999999757959
1037	0.9999999999757959
1038	0.9999999999757959
1039	0.9999999999757959
1040	0.9999999999757959
1041	0.9999999999757959
1042	0.9999999999757959
1043	0.9999999999757959
1044	0.9999999999757959
1045	0.9999999999757959
1046	0.9999999999757959
1047	0.9999999999757959
1048	0.9999999999757959
1049	0.9999999999757959
1050	0.9999999999757959
1051	0.9999999999757959
1052	0.9999999999757959
1053	0.9999999999757959
1054	0.9999999999757959
1055	0.9999999999757959
1056	0.9999999999757959
1057	0.9999999999757959
1058	0.9999999999757959
1059	0.9999999999757959
1060	0.9999999999757959
1061	0.9999999999757959
1062	0.9999999999757959
1063	0.9999999999757959
1064	0.9999999999757959
1065	0.9999999999757959
1066	0.9999999999757959
1067	0.9999999999757959
1068	0.9999999999757959
1069	0.9999999999757959
1070	0.9999999999757959
1071	0.9999999999757959
1072	0.9999999999757959
1073	0.9999999999757959
1074	0.9999999999757959
1075	0.9999999999757959
1076	0.9999999999757959
1077	0.9999999999757959
1078	0.9999999999757959
1079	0.9999999999757959
1080	0.9999999999757959
1081	0.9999999999757959
1082	0.9999999999757959
1083	0.9999999999757959
1084	0.9999999999757959
1085	0.9999999999757959
1086	0.9999999999757959
1087	0.9999999999757959
1088	0.9999999999757959
1089	0.9999999999757959
1090	0.9999999999757959
1091	0.9999999999757959
1092	0.9999999999757959
1093	0.9999999999757959
1094	0.9999999999757959
1095	0.9999999999757959
1096	0.9999999999757959
1097	0.9999999999757959
1098	0.9999999999757959
1099	0.9999999999757959
1100	0.9999999999757959
1101	0.9999999999757959
1102	0.9999999999757959
1103	0.9999999999757959
1104	0.9999999999757959
1105	0.9999999999757959
1106	0.9999999999757959
1107	0.9999999999757959
1108	0.9999999999757959
1109	0.9999999999757959
1110	0.9999999999757959
1111	0.9999999999757959
1112	0.9999999999757959
1113	0.9999999999757959
1114	0.9999999999757959
1115	0.9999999999757959
1116	0.9999999999757959
1117	0.9999999999757959
1118	0.9999999999757959
1119	0.9999999999757959
1120	0.9999999999757959
1121	0.9999999999757959
1122	0.9999999999757959
1123	0.9999999999757959
1124	0.9999999999757959
1125	0.9999999999757959
1126	0.9999999999757959
1127	0.9999999999757959
1128	0.9999999999757959
1129	0.9999999999757959
1130	0.9999999999757959
1131	0.9999999999757959
1132	0.9999999999757959
1133	0.9999999999757959
1134	0.9999999999757959
1135	0.9999999999757959
1136	0.9999999999757959
1137	0.9999999999757959
1138	0.9999999999757959
1139	0.9999999999757959
1140	0.9999999999757959
1141	0.9999999999757959
1142	0.9999999999757959
1143	0.9999999999757959
1144	0.9999999999757959
1145	0.9999999999757959
1146	0.9999999999757959
1147	0.9999999999757959
1148	0.9999999999757959
1149	0.9999999999757959
1150	0.9999999999757959
1151	0.9999999999757959
1152	0.9999999999757959
1153	0.9999999999757959
1154	0.9999999999757959
1155	0.9999999999757959
1156	0.9999999999757959
1157	0.9999999999757959
1158	0.9999999999757959
1159	0.9999999999757959
1160	0.9999999999757959
1161	0.9999999999757959
1162	0.9999999999757959
1163	0.9999999999757959
1164	0.9999999999757959
1165	0.9999999999757959
1166	0.9999999999757959
1167	0.9999999999757959
1168	0.9999999999757959
1169	0.9999999999757959
1170	0.9999999999757959
1171	0.9999999999757959
1172	0.9999999999757959
1173	0.9999999999757959
1174	0.9999999999757959
1175	0.9999999999757959
1176	0.9999999999757959
1177	0.9999999999757959
1178	0.9999999999757959
1179	0.9999999999757959
1180	0.9999999999757959
1181	0.9999999999757959
1182	0.9999999999757959
1183	0.9999999999757959
1184	0.9999999999757959
1185	0.9999999999757959
1186	0.9999999999757959
1187	0.9999999999757959
1188	0.9999999999757959
1189	0.9999999999757959
1190	0.9999999999757959
1191	0.9999999999757959
1192	0.9999999999757959
1193	0.9999999999757959
1194	0.9999999999757959
1195	0.9999999999757959
1196	0.9999999999757959
1197	0.9999999999757959
1198	0.9999999999757959
1199	0.9999999999757959
1200	0.9999999999757959
1201	0.9999999999757959
1202	0.9999999999757959
1203	0.9999999999757959
1204	0.9999999999757959
1205	0.9999999999757959
1206	0.9999999999757959
1207	0.9999999999757959
1208	0.9999999999757959
1209	0.9999999999757959
1210	0.9999999999757959
1211	0.9999999999757959
1212	0.9999999999757959
1213	0.9999999999757959
1214	0.9999999999757959
1215	0.9999999999757959
1216	0.9999999999757959
1217	0.9999999999757959
1218	0.9999999999757959
1219	0.9999999999757959
1220	0.9999999999757959
1221	0.9999999999757959
1222	0.9999999999757959
1223	0.9999999999757959
1224	0.9999999999757959
1225	0.9999999999757959
1226	0.9999999999757959
1227	0.9999999999757959
1228	0.9999999999757959
1229	0.9999999999757959
1230	0.9999999999757959
1231	0.9999999999757959
1232	0.9999999999757959
1233	0.9999999999757959
1234	0.9999999999757959
1235	0.9999999999757959
1236	0.9999999999757959
1237	0.9999999999757959
1238	0.9999999999757959
1239	0.9999999999757959
1240	0.9999999999757959
1241	0.9999999999757959
1242	0.9999999999757959
1243	0.9999999999757959
1244	0.9999999999757959
1245	0.9999999999757959
1246	0.9999999999757959
1247	0.9999999999757959
1248	0.9999999999757959
1249	0.9999999999757959
1250	0.9999999999757959
1251	0.9999999999757959
1252	0.9999999999757959
1253	0.9999999999757959
1254	0.9999999999757959
1255	0.9999999999757959
1256	0.9999999999757959
1257	0.9999999999757959
1258	0.9999999999757959
1259	0.9999999999757959
1260	0.9999999999757959
1261	0.9999999999757959
1262	0.9999999999757959
1263	0.9999999999757959
1264	0.9999999999757959
1265	0.9999999999757959
1266	0.9999999999757959
1267	0.9999999999757959
1268	0.9999999999757959
1269	0.9999999999757959
1270	0.9999999999757959
1271	0.9999999999757959
1272	0.9999999999757959
1273	0.9999999999757959
1274	0.9999999999757959
1275	0.9999999999757959
1276	0.9999999999757959
1277	0.9999999999757959
1278	0.9999999999757959
1279	0.9999999999757959
1280	0.9999999999757959
1281	0.9999999999757959
1282	0.9999999999757959
1283	0.9999999999757959
1284	0.9999999999757959
1285	0.9999999999757959
1286	0.9999999999757959
1287	0.9999999999757959
1288	0.9999999999757959
1289	0.9999999999757959
1290	0.9999999999757959
1291	0.9999999999757959
1292	0.9999999999757959
1293	0.9999999999757959
1294	0.9999999999757959
1295	0.9999999999757959
1296	0.9999999999757959
1297	0.9999999999757959
1298	0.9999999999757959
1299	0.9999999999757959
1300	0.9999999999757959
1301	0.9999999999757959
1302	0.9999999999757959
1303	0.9999999999757959
1304	0.9999999999757959
1305	0.9999999999757959
1306	0.9999999999757959
1307	0.9999999999757959
1308	0.9999999999757959
1309	0.9999999999757959
1310	0.9999999999757959
1311	0.9999999999757959
1312	0.9999999999757959
1313	0.9999999999757959
1314	0.9999999999757959
1315	0.9999999999757959
1316	0.9999999999757959
1317	0.9999999999757959
1318	0.9999999999757959
1319	0.9999999999757959
1320	0.9999999999757959
1321	0.9999999999757959
1322	0.9999999999757959
1323	0.9999999999757959
1324	0.9999999999757959
1325	0.9999999999757959
1326	0.9999999999757959
1327	0.9999999999757959
1328	0.9999999999757959
1329	0.9999999999757959
1330	0.9999999999757959
1331	0.9999999999757959
1332	0.9999999999757959
1333	0.9999999999757959
1334	0.9999999999757959
1335	0.9999999999757959
1336	0.9999999999757959
1337	0.9999999999757959
1338	0.9999999999757959
1339	0.9999999999757959
1340	0.9999999999757959
1341	0.9999999999757959
1342	0.9999999999757959
1343	0.9999999999757959
1344	0.9999999999757959
1345	0.9999999999757959
1346	0.9999999999757959
1347	0.9999999999757959
1348	0.9999999999757959
1349	0.9999999999757959
1350	0.9999999999757959
1351	0.9999999999757959
1352	0.9999999999757959
1353	0.9999999999757959
1354	0.9999999999757959
1355	0.9999999999757959
1356	0.9999999999757959
1357	0.9999999999757959
1358	0.9999999999757959
1359	0.9999999999757959
1360	0.9999999999757959
1361	0.9999999999757959
1362	0.9999999999757959
1363	0.9999999999757959
1364	0.9999999999757959
1365	0.9999999999757959
1366	0.9999999999757959
1367	0.9999999999757959
1368	0.9999999999757959
1369	0.9999999999757959
1370	0.9999999999757959
1371	0.9999999999757959
1372	0.9999999999757959
1373	0.9999999999757959
1374	0.9999999999757959
1375	0.9999999999757959
1376	0.9999999999757959
1377	0.9999999999757959
1378	0.9999999999757959
1379	0.9999999999757959
1380	0.9999999999757959
1381	0.9999999999757959
1382	0.9999999999757959
1383	0.9999999999757959
1384	0.9999999999757959
1385	0.9999999999757959
1386	0.9999999999757959
1387	0.9999999999757959
1388	0.9999999999757959
1389	0.9999999999757959
1390	0.9999999999757959
1391	0.9999999999757959
1392	0.9999999999757959
1393	0.9999999999757959
1394	0.9999999999757959
1395	0.9999999999757959
1396	0.9999999999757959
1397	0.9999999999757959
1398	0.9999999999757959
1399	0.9999999999757959
1400	0.9999999999757959
1401	0.9999999999757959
1402	0.9999999999757959
1403	0.9999999999757959
1404	0.9999999999757959
1405	0.9999999999757959
1406	0.9999999999757959
1407	0.9999999999757959
1408	0.9999999999757959
1409	0.9999999999757959
1410	0.9999999999757959
1411	0.9999999999757959
1412	0.9999999999757959
1413	0.9999999999757959
1414	0.9999999999757959
1415	0.9999999999757959
1416	0.9999999999757959
1417	0.9999999999757959
1418	0.9999999999757959
1419	0.9999999999757959
1420	0.9999999999757959
1421	0.9999999999757959
1422	0.9999999999757959
1423	0.9999999999757959
1424	0.9999999999757959
1425	0.9999999999757959
1426	0.9999999999757959
1427	0.9999999999757959
1428	0.9999999999757959
1429	0.9999999999757959
1430	0.9999999999757959
1431	0.9999999999757959
1432	0.9999999999757959
1433	0.9999999999757959
1434	0.9999999999757959
1435	0.9999999999757959
1436	0.9999999999757959
1437	0.9999999999757959
1438	0.9999999999757959
1439	0.9999999999757959
1440	0.9999999999757959
1441	0.9999999999757959
1442	0.9999999999757959
1443	0.9999999999757959
1444	0.9999999999757959
1445	0.9999999999757959
1446	0.9999999999757959
1447	0.9999999999757959
1448	0.9999999999757959
1449	0.9999999999757959
1450	0.9999999999757959
1451	0.9999999999757959
1452	0.9999999999757959
1453	0.9999999999757959
1454	0.9999999999757959
1455	0.9999999999757959
1456	0.9999999999757959
1457	0.9999999999757959
1458	0.9999999999757959
1459	0.9999999999757959
1460	0.9999999999757959
1461	0.9999999999757959
1462	0.9999999999757959
1463	0.9999999999757959
1464	0.9999999999757959
1465	0.9999999999757959
1466	0.9999999999757959
1467	0.9999999999757959
1468	0.9999999999757959
1469	0.9999999999757959
1470	0.9999999999757959
1471	0.9999999999757959
1472	0.9999999999757959
1473	0.9999999999757959
1474	0.9999999999757959
1475	0.9999999999757959
1476	0.9999999999757959
1477	0.9999999999757959
1478	0.9999999999757959
1479	0.9999999999757959
1480	0.9999999999757959
1481	0.9999999999757959
1482	0.9999999999757959
1483	0.9999999999757959
1484	0.9999999999757959
1485	0.9999999999757959
1486	0.9999999999757959
1487	0.9999999999757959
1488	0.9999999999757959
1489	0.9999999999757959
1490	0.9999999999757959
1491	0.9999999999757959
1492	0.9999999999757959
1493	0.9999999999757959
1494	0.9999999999757959
1495	0.9999999999757959
1496	0.9999999999757959
1497	0.9999999999757959
1498	0.9999999999757959
1499	0.9999999999757959
1500	0.9999999999757959
1501	0.9999999999757959
1502	0.9999999999757959
1503	0.9999999999757959
1504	0.9999999999757959
1505	0.9999999999757959
1506	0.9999999999757959
1507	0.9999999999757959
1508	0.9999999999757959
1509	0.9999999999757959
1510	0.9999999999757959
1511	0.9999999999757959
1512	0.9999999999757959
1513	0.9999999999757959
1514	0.9999999999757959
1515	0.9999999999757959
1516	0.9999999999757959
1517	0.9999999999757959
1518	0.9999999999757959
1519	0.9999999999757959
1520	0.9999999999757959
1521	0.9999999999757959
1522	0.9999999999757959
1523	0.9999999999757959
1524	0.9999999999757959
1525	0.9999999999757959
1526	0.9999999999757959
1527	0.9999999999757959
1528	0.9999999999757959
1529	0.9999999999757959
1530	0.9999999999757959
1531	0.9999999999757959
1532	0.9999999999757959
1533	0.9999999999757959
1534	0.9999999999757959
1535	0.9999999999757959
1536	0.9999999999757959
1537	0.9999999999757959
1538	0.9999999999757959
1539	0.9999999999757959
1540	0.9999999999757959
1541	0.9999999999757959
1542	0.9999999999757959
1543	0.9999999999757959
1544	0.9999999999757959
1545	0.9999999999757959
1546	0.9999999999757959
1547	0.9999999999757959
1548	0.9999999999757959
1549	0.9999999999757959
1550	0.9999999999757959
1551	0.9999999999757959
1552	0.9999999999757959
1553	0.9999999999757959
1554	0.9999999999757959
1555	0.9999999999757959
1556	0.9999999999757959
1557	0.9999999999757959
1558	0.9999999999757959
1559	0.9999999999757959
1560	0.9999999999757959
1561	0.9999999999757959
1562	0.9999999999757959
1563	0.9999999999757959
1564	0.9999999999757959
1565	0.9999999999757959
1566	0.9999999999757959
1567	0.9999999999757959
1568	0.9999999999757959
1569	0.9999999999757959
1570	0.9999999999757959
1571	0.9999999999757959
1572	0.9999999999757959
1573	0.9999999999757959
1574	0.9999999999757959
1575	0.9999999999757959
1576	0.9999999999757959
1577	0.9999999999757959
1578	0.9999999999757959
1579	0.9999999999757959
1580	0.9999999999757959
1581	0.9999999999757959
1582	0.9999999999757959
1583	0.9999999999757959
1584	0.9999999999757959
1585	0.9999999999757959
1586	0.9999999999757959
1587	0.9999999999757959
1588	0.9999999999757959
1589	0.9999999999757959
1590	0.9999999999757959
1591	0.9999999999757959
1592	0.9999999999757959
1593	0.9999999999757959
1594	0.9999999999757959
1595	0.9999999999757959
1596	0.9999999999757959
1597	0.9999999999757959
1598	0.9999999999757959
1599	0.9999999999757959
1600	0.9999999999757959
1601	0.9999999999757959
1602	0.9999999999757959
1603	0.9999999999757959
1604	0.9999999999757959
1605	0.9999999999757959
1606	0.9999999999757959
1607	0.9999999999757959
1608	0.9999999999757959
1609	0.9999999999757959
1610	0.9999999999757959
1611	0.9999999999757959
1612	0.9999999999757959
1613	0.9999999999757959
1614	0.9999999999757959
1615	0.9999999999757959
1616	0.9999999999757959
1617	0.9999999999757959
1618	0.9999999999757959
1619	0.9999999999757959
1620	0.9999999999757959
1621	0.9999999999757959
1622	0.9999999999757959
1623	0.9999999999757959
1624	0.9999999999757959
1625	0.9999999999757959
1626	0.9999999999757959
1627	0.9999999999757959
1628	0.9999999999757959
1629	0.9999999999757959
1630	0.9999999999757959
1631	0.9999999999757959
1632	0.9999999999757959
1633	0.9999999999757959
1634	0.9999999999757959
1635	0.9999999999757959
1636	0.9999999999757959
1637	0.9999999999757959
1638	0.9999999999757959
1639	0.9999999999757959
1640	0.9999999999757959
1641	0.9999999999757959
1642	0.9999999999757959
1643	0.9999999999757959
1644	0.9999999999757959
1645	0.9999999999757959
1646	0.9999999999757959
1647	0.9999999999757959
1648	0.9999999999757959
1649	0.9999999999757959
1650	0.9999999999757959
1651	0.9999999999757959
1652	0.9999999999757959
1653	0.9999999999757959
1654	0.9999999999757959
1655	0.9999999999757959
1656	0.9999999999757959
1657	0.9999999999757959
1658	0.9999999999757959
1659	0.9999999999757959
1660	0.9999999999757959
1661	0.9999999999757959
1662	0.9999999999757959
1663	0.9999999999757959
1664	0.9999999999757959
1665	0.9999999999757959
1666	0.9999999999757959
1667	0.9999999999757959
1668	0.9999999999757959
1669	0.9999999999757959
1670	0.9999999999757959
1671	0.9999999999757959
1672	0.9999999999757959
1673	0.9999999999757959
1674	0.9999999999757959
1675	0.9999999999757959
1676	0.9999999999757959
1677	0.9999999999757959
1678	0.9999999999757959
1679	0.9999999999757959
1680	0.9999999999757959
1681	0.9999999999757959
1682	0.9999999999757959
1683	0.9999999999757959
1684	0.9999999999757959
1685	0.9999999999757959
1686	0.9999999999757959
1687	0.9999999999757959
1688	0.9999999999757959
1689	0.9999999999757959
1690	0.9999999999757959
1691	0.9999999999757959
1692	0.9999999999757959
1693	0.9999999999757959
1694	0.9999999999757959
1695	0.9999999999757959
1696	0.9999999999757959
1697	0.9999999999757959
1698	0.9999999999757959
1699	0.9999999999757959
1700	0.9999999999757959
1701	0.9999999999757959
1702	0.9999999999757959
1703	0.9999999999757959
1704	0.9999999999757959
1705	0.9999999999757959
1706	0.9999999999757959
1707	0.9999999999757959
1708	0.9999999999757959
1709	0.9999999999757959
1710	0.9999999999757959
1711	0.9999999999757959
1712	0.9999999999757959
1713	0.9999999999757959
1714	0.9999999999757959
1715	0.9999999999757959
1716	0.9999999999757959
1717	0.9999999999757959
1718	0.9999999999757959
1719	0.9999999999757959
1720	0.9999999999757959
1721	0.9999999999757959
1722	0.9999999999757959
1723	0.9999999999757959
1724	0.9999999999757959
1725	0.9999999999757959
1726	0.9999999999757959
1727	0.9999999999757959
1728	0.9999999999757959
1729	0.9999999999757959
1730	0.9999999999757959
1731	0.9999999999757959
1732	0.9999999999757959
1733	0.9999999999757959
1734	0.9999999999757959
1735	0.9999999999757959
1736	0.9999999999757959
1737	0.9999999999757959
1738	0.9999999999757959
1739	0.9999999999757959
1740	0.9999999999757959
1741	0.9999999999757959
1742	0.9999999999757959
1743	0.9999999999757959
1744	0.9999999999757959
1745	0.9999999999757959
1746	0.9999999999757959
1747	0.9999999999757959
1748	0.9999999999757959
1749	0.9999999999757959
1750	0.9999999999757959
1751	0.9999999999757959
1752	0.9999999999757959
1753	0.9999999999757959
1754	0.9999999999757959
1755	0.9999999999757959
1756	0.9999999999757959
1757	0.9999999999757959
1758	0.9999999999757959
1759	0.9999999999757959
1760	0.9999999999757959
1761	0.9999999999757959
1762	0.9999999999757959
1763	0.9999999999757959
1764	0.9999999999757959
1765	0.9999999999757959
1766	0.9999999999757959
1767	0.9999999999757959
1768	0.9999999999757959
1769	0.9999999999757959
1770	0.9999999999757959
1771	0.9999999999757959
1772	0.9999999999757959
1773	0.9999999999757959
1774	0.9999999999757959
1775	0.9999999999757959
1776	0.9999999999757959
1777	0.9999999999757959
1778	0.9999999999757959
1779	0.9999999999757959
1780	0.9999999999757959
1781	0.9999999999757959
1782	0.9999999999757959
1783	0.9999999999757959
1784	0.9999999999757959
1785	0.9999999999757959
1786	0.9999999999757959
1787	0.9999999999757959
1788	0.9999999999757959
1789	0.9999999999757959
1790	0.9999999999757959
1791	0.9999999999757959
1792	0.9999999999757959
1793	0.9999999999757959
1794	0.9999999999757959
1795	0.9999999999757959
1796	0.9999999999757959
1797	0.9999999999757959
1798	0.9999999999757959
1799	0.9999999999757959
1800	0.9999999999757959
1801	0.9999999999757959
1802	0.9999999999757959
1803	0.9999999999757959
1804	0.9999999999757959
1805	0.9999999999757959
1806	0.9999999999757959
1807	0.9999999999757959
1808	0.9999999999757959
1809	0.9999999999757959
1810	0.9999999999757959
1811	0.9999999999757959
1812	0.9999999999757959
1813	0.9999999999757959
1814	0.9999999999757959
1815	0.9999999999757959
1816	0.9999999999757959
1817	0.9999999999757959
1818	0.9999999999757959
1819	0.9999999999757959
1820	0.9999999999757959
1821	0.9999999999757959
1822	0.9999999999757959
1823	0.9999999999757959
1824	0.9999999999757959
1825	0.9999999999757959
1826	0.9999999999757959
1827	0.9999999999757959
1828	0.9999999999757959
1829	0.9999999999757959
1830	0.9999999999757959
1831	0.9999999999757959
1832	0.9999999999757959
1833	0.9999999999757959
1834	0.9999999999757959
1835	0.9999999999757959
1836	0.9999999999757959
1837	0.9999999999757959
1838	0.9999999999757959
1839	0.9999999999757959
1840	0.9999999999757959
1841	0.9999999999757959
1842	0.9999999999757959
1843	0.9999999999757959
1844	0.9999999999757959
1845	0.9999999999757959
1846	0.9999999999757959
1847	0.9999999999757959
1848	0.9999999999757959
1849	0.9999999999757959
1850	0.9999999999757959
1851	0.9999999999757959
1852	0.9999999999757959
1853	0.9999999999757959
1854	0.9999999999757959
1855	0.9999999999757959
1856	0.9999999999757959
1857	0.9999999999757959
1858	0.9999999999757959
1859	0.9999999999757959
1860	0.9999999999757959
1861	0.9999999999757959
1862	0.9999999999757959
1863	0.9999999999757959
1864	0.9999999999757959
1865	0.9999999999757958
1866	0.9999999999757958
1867	0.9999999999757958
1868	0.9999999999757957
1869	0.9999999999757957
1870	0.9999999999757956
1871	0.9999999999757954
1872	0.9999999999757951
1873	0.9999999999757948
1874	0.9999999999757943
1875	0.9999999999757936
1876	0.9999999999757926
1877	0.999999999975791
1878	0.9999999999757889
1879	0.9999999999757859
1880	0.9999999999757816
1881	0.9999999999757755
1882	0.9999999999757668
1883	0.9999999999757545
1884	0.9999999999757371
1885	0.9999999999757125
1886	0.9999999999756779
1887	0.9999999999756294
1888	0.9999999999755613
1889	0.999999999975466
1890	0.9999999999753328
1891	0.9999999999751474
1892	0.9999999999748894
1893	0.9999999999745313
1894	0.9999999999740351
1895	0.9999999999733491
1896	0.9999999999724027
1897	0.9999999999710996
1898	0.9999999999693088
1899	0.9999999999668531
1900	0.9999999999634922
1901	0.999999999958902
1902	0.9999999999526458
1903	0.9999999999441358
1904	0.9999999999325844
1905	0.9999999999169361
1906	0.9999999998957816
1907	0.9999999998672422
1908	0.9999999998288187
1909	0.9999999997771946
1910	0.9999999997079771
1911	0.9999999996153623
1912	0.9999999994916968
1913	0.9999999993269116
1914	0.9999999991077885
1915	0.9999999988170132
1916	0.9999999984319563
1917	0.9999999979231068
1918	0.9999999972520651
1919	0.9999999963689761
1920	0.9999999952092564
1921	0.9999999936894302
1922	0.9999999917018433
1923	0.999999989107972
1924	0.9999999857299723
1925	0.9999999813400325
1926	0.9999999756469943
1927	0.9999999682795812
1928	0.9999999587654275
1929	0.9999999465049235
1930	0.9999999307386772
1931	0.9999999105071384
1932	0.999999884600626
1933	0.9999998514976381
1934	0.9999998092888933
1935	0.9999997555840491
1936	0.9999996873974486
1937	0.9999996010085486
1938	0.9999994917918755
1939	0.9999993540104113
1940	0.9999991805652216
1941	0.9999989626928876
1942	0.9999986896008605
1943	0.9999983480292197
1944	0.9999979217254461
1945	0.9999973908167178
1946	0.9999967310618599
1947	0.9999959129624263
1948	0.9999949007094401
1949	0.9999936509390498
1950	0.9999921112667717
1951	0.9999902185660654
1952	0.9999878969527438
1953	0.9999850554321474
1954	0.9999815851611434
1955	0.9999773562718595
1956	0.9999722141986915
1957	0.9999659754445684
1958	0.9999584227168097
1959	0.9999492993572558
1960	0.9999383029858088
1961	0.9999250782712222
1962	0.9999092087381014
1963	0.9998902075147893
1964	0.9998675069233519
1965	0.9998404468104705
1966	0.9998082615169738
1967	0.9997700653842846
1968	0.9997248366985406
1969	0.9996713999779012
1970	0.9996084065159231
1971	0.9995343131042415
1972	0.999447358871469
1973	0.9993455401925877
1974	0.999226583644473
1975	0.9990879170088615
1976	0.9989266383542892
1977	0.9987394832635015
1978	0.9985227903126545
1979	0.9982724649533417
1980	0.9979839419979909
1981	0.9976521469632764
1982	0.9972714565845355
1983	0.9968356588762657
1984	0.996337913178924
1985	0.9957707106996257
1986	0.9951258361228934
1987	0.9943943309361333
1988	0.9935664591816151
1989	0.9926316764108111
1990	0.9915786026762898
1991	0.9903950004490732
1992	0.9890677583934535
1993	0.9875828819646763
1994	0.9859254918155027
1995	0.9840798310033868
1996	0.9820292819788122
1997	0.9797563943053254
1998	0.9772429240112765
1999	0.9744698854007834
2000	0.9714176160558454
2001	0.9680658556421414
2002	0.9643938389875568
2003	0.960380403735186
2004	0.9560041126822441
2005	0.9512433907044513
2006	0.9460766759340963
2007	0.9404825846118766
2008	0.9344400887711456
2009	0.9279287056423835
2010	0.9209286973901746
2011	0.913421279519846
2012	0.9053888360218167
2013	0.8968151390645428
2014	0.8876855708079127
2015	0.8779873446943003
2016	0.8677097233904335
2017	0.8568442304057631
2018	0.8453848523077333
2019	0.8333282283962855
2020	0.8206738246934178
2021	0.8074240891520867
2022	0.79358458509462
2023	0.7791641000553446
2024	0.7641747274253586
2025	0.7486319185779565
2026	0.7325545034884813
2027	0.7159646782482652
2028	0.6988879583034342
2029	0.6813530967190305
2030	0.6633919672693137
2031	0.6450394126774075
2032	0.6263330588619712
2033	0.6073130965850063
2034	0.5880220324225661
2035	0.568504411488195
2036	0.5488065148167014
2037	0.5289760347530745
2038	0.509061732078387
2039	0.4891130789326885
2040	0.46917989185668346
2041	0.4493119594632356
2042	0.4295586693618749
2043	0.40996863899155883
2044	0.39058935496783925
2045	0.37146682542096227
2046	0.3526452495937757
2047	0.33416670868686665
2048	0.3160708815889829
2049	0.2983947887208908
2050	0.2811725667590778
2051	0.26443527650189125
2052	0.24821074560542092
2053	0.23252344736083994
2054	0.21739441612044338
2055	0.20284119941767967
2056	0.18887784627816698
2057	0.1755149306945629
2058	0.16275960874793188
2059	0.15061570741061875
2060	0.139083842668041
2061	0.1281615642553574
2062	0.11784352402426825
2063	0.10812166473833844
2064	0.09898542594374538
2065	0.09042196347624487
2066	0.08241637914297549
2067	0.07495195715668379
2068	0.06801040399602866
2069	0.06157208851373956
2070	0.055616279308609406
2071	0.05012137661097114
2072	0.04506513619733938
2073	0.04042488314091746
2074	0.036177713513240665
2075	0.0323006824710179
2076	0.028770977484216167
2077	0.025566075780010872
2078	0.022663885386383715
2079	0.020042869453546455
2080	0.017682153806420364
2081	0.015561617933330522
2082	0.013661969841940224
2083	0.011964805411145465
2084	0.010452653035880713
2085	0.009109004500031088
2086	0.007918333121095678
2087	0.006866100289731411
2088	0.00593875157921672
2089	0.0051237036260642944
2090	0.004409322985712996
2091	0.003784898148950768
2092	0.003240605868161072
2093	0.0027674728904457796
2094	0.002357334129978774
2095	0.0020027882373584924
2096	0.0016971514419139456
2097	0.0014344104563729307
2098	0.001209175144314084
2099	0.0010166315614513898
2100	0.0008524958938399518
2101	0.0007129697310776211
2102	0.0005946970317713818
2103	0.0004947230629391109
2104	0.00041045552537259845
2105	0.0003396280138070885
2106	0.000280265904321428
2107	0.00023065471183527812
2108	0.00018931091781370762
2109	0.00015495523213292995
2110	0.00012648822318807367
2111	0.00010296822632994817
2112	8.359142213291445e-05
2113	6.767396230680832e-05
2114	5.4636011735027185e-05
2115	4.398756960396102e-05
2116	3.531593034888765e-05
2117	2.82746456603808e-05
2118	2.2573851583878632e-05
2119	1.797182934948808e-05
2120	1.426767457587288e-05
2121	1.1294956530962663e-05
2122	8.916256877489133e-06
2123	7.018485501605403e-06
2124	5.508879379683554e-06
2125	4.311598784210302e-06
2126	3.3648433047979664e-06
2127	2.618418039513613e-06
2128	2.031687800712297e-06
2129	1.571864211183551e-06
2130	1.212577096918764e-06
2131	9.326875881818842e-07
2132	7.153058131615828e-07
2133	5.469810138226512e-07
2134	4.170363474955668e-07
2135	3.170245838524138e-07
2136	2.402843943738306e-07
2137	1.8157999303287797e-07
2138	1.3680955759902977e-07
2139	1.0277017636785823e-07
2140	7.696906066368864e-08
2141	5.74724735059998e-08
2142	4.2785282095736123e-08
2143	3.1755276929168426e-08
2144	2.3497441728365964e-08
2145	1.733423187021763e-08
2146	1.2748647975841521e-08
2147	9.34749669169439e-09
2148	6.832730972847479e-09
2149	4.9791736372318405e-09
2150	3.617264775434721e-09
2151	2.619748036485052e-09
2152	1.891433395874427e-09
2153	1.3613537279026552e-09
2154	9.767769584720259e-10
2155	6.986511717661562e-10
2156	4.981521441724789e-10
2157	3.5407583912028567e-10
2158	2.5087610376476854e-10
2159	1.7719319432218642e-10
2160	1.2475430083092935e-10
2161	8.755496118366024e-11
2162	6.125178063291876e-11
2163	4.2713520599444216e-11
2164	2.969044196961581e-11
2165	2.057162194517028e-11
2166	1.42074751205679e-11
2167	9.780423816739565e-12
2168	6.710992161282036e-12
2169	4.5898653381769995e-12
2170	3.1289106614374326e-12
2171	2.1259949183266266e-12
2172	1.4398025421142231e-12
2173	9.71876544897312e-13
2174	6.538565738346897e-13
2175	4.3844273079253036e-13
2176	2.9302048161906455e-13
2177	1.9517919559644868e-13
2178	1.295732074249089e-13
2179	8.573116217150772e-14
2180	5.653269434581328e-14
2181	3.715298936307689e-14
2182	2.4334171217931558e-14
2183	1.588413841362421e-14
2184	1.0333100190825667e-14
2185	6.6990471762261434e-15
2186	4.328190536098985e-15
2187	2.786802183146533e-15
2188	1.7881659557315308e-15
2189	1.1434228324527581e-15
2190	7.286159595374207e-16
2191	4.626778189975408e-16
2192	2.9278055740834673e-16
2193	1.8462252565605772e-16
2194	1.160115861491876e-16
2195	7.264196076636827e-17
2196	4.5325075507477284e-17
2197	2.818055480713698e-17
2198	1.745885585293379e-17
2199	1.077785760528439e-17
2200	6.629712291628141e-18
2201	4.063475331359604e-18
2202	2.481626264373545e-18
2203	1.510101010641586e-18
2204	9.155910319527298e-19
2205	5.531182408557262e-19
2206	3.329280047099773e-19
2207	1.9966112670605631e-19
2208	1.1930055508932638e-19
2209	7.102186153740457e-20
2210	4.2124729852544274e-20
2211	2.489272918776206e-20
2212	1.4655241947060187e-20
2213	8.595938797023527e-21
2214	5.023058049091975e-21
2215	2.9242353482158576e-21
2216	1.6959784851873004e-21
2217	9.79911506827598e-22
2218	5.640355218432898e-22
2219	3.234250649621865e-22
2220	1.84749391162218e-22
2221	1.0513055278458101e-22
2222	5.959446146469719e-23
2223	3.365179710425122e-23
2224	1.8929118383872718e-23
2225	1.0606365525072288e-23
2226	5.919856021520515e-24
2227	3.2912303897485606e-24
2228	1.8226454876674403e-24
2229	1.0053957807713796e-24
2230	5.524041811762707e-25
2231	3.023124069294286e-25
2232	1.64788965608521e-25
2233	8.946793460695095e-26
2234	4.8380211680315693e-26
2235	2.6056920180784847e-26
2236	1.3977426575428943e-26
2237	7.46747853115625e-27
2238	3.973352851590967e-27
2239	2.105573419796401e-27
2240	1.1112388548159557e-27
2241	5.840658875045928e-28
2242	3.057223818387891e-28
2243	1.593665317101639e-28
2244	8.273037224125207e-29
2245	4.276852106612236e-29
2246	2.2017512928242075e-29
2247	1.128730825732672e-29
2248	5.762141031262199e-30
2249	2.9291524459165532e-30
2250	1.4827155010188966e-30
2251	7.473508928090275e-31
2252	3.750897745020822e-31
2253	1.874488735743667e-31
2254	9.327394344058326e-32
2255	4.621262394669564e-32
2256	2.279693925635873e-32
2257	1.119697885442772e-32
2258	5.4755316896577035e-33
2259	2.6659102186088667e-33
2260	1.292263645470809e-33
2261	6.236424358833985e-34
2262	2.9963434725056255e-34
2263	1.4332150212543317e-34
2264	6.824758374331626e-35
2265	3.235278492940405e-35
2266	1.526781001388241e-35
2267	7.172567890993784e-36
2268	3.354266185518194e-36
2269	1.5614832879634853e-36
2270	7.235791976300106e-37
2271	3.337610148605835e-37
2272	1.5324198202566792e-37
2273	7.003324943460034e-38
2274	3.1857143442041395e-38
2275	1.442371130113061e-38
2276	6.499895486730798e-39
2277	2.9153207176950155e-39
2278	1.3013924766084052e-39
2279	5.7818061835784085e-40
2280	2.5564851276367633e-40
2281	1.1249640791637177e-40
2282	4.926525589310329e-41
2283	2.1470418561502826e-41
2284	9.311697404003856e-42
2285	4.018801768885798e-42
2286	1.725974709022985e-42
2287	7.376205762881562e-43
2288	3.1367717886254014e-43
2289	1.3273168023763185e-43
2290	5.588540503879308e-44
2291	2.341233005602379e-44
2292	9.758958854255468e-45
2293	4.047296723585451e-45
2294	1.6700109306826763e-45
2295	6.855769306397085e-46
2296	2.8000481241205233e-46
2297	1.1377240015546803e-46
2298	4.598964672269312e-47
2299	1.8493727647562611e-47
2300	7.398087612431378e-48
2301	2.943976935350881e-48
2302	1.1653555296310755e-48
2303	4.588604851393174e-49
2304	1.7971735750211455e-49
2305	7.0012467932972595e-50
2306	2.712848155350023e-50
2307	1.0455118134972833e-50
2308	4.007506791598131e-51
2309	1.527741370533823e-51
2310	5.7922050122771166e-52
2311	2.183959926038943e-52
2312	8.1891735440930095e-53
2313	3.0536414488439347e-53
2314	1.132312561733752e-53
2315	4.1751545120759647e-54
2316	1.5308203127511712e-54
2317	5.58095698708191e-55
2318	2.023080431421018e-55
2319	7.291631589041594e-56
2320	2.612945296488832e-56
2321	9.309293889811863e-57
2322	3.297392398450049e-57
2323	1.161123691839611e-57
2324	4.0646826690562455e-58
2325	1.414494610604057e-58
2326	4.893149332216239e-59
2327	1.6825734574762817e-59
2328	5.751004319236217e-60
2329	1.9538129784676058e-60
2330	6.597468017034974e-61
2331	2.2141742858192468e-61
2332	7.385357821091426e-62
2333	2.4481687840650793e-62
2334	8.06502856787082e-63
2335	2.64027816146722e-63
2336	8.589284109633594e-64
2337	2.776590698898339e-64
2338	8.918632685500502e-65
2339	2.846426114273695e-65
2340	9.026102917817165e-66
2341	2.8436927746151055e-66
2342	8.900823394274791e-67
2343	2.7677425136401645e-67
2344	8.549718848568916e-68
2345	2.6235603888428883e-68
2346	7.996972236116447e-69
2347	2.421237436292401e-69
2348	7.281287565095746e-70
2349	2.1748008784837215e-70
2350	6.451379458604877e-71
2351	1.900590057732721e-71
2352	5.560423254717271e-72
2353	1.6154416436308555e-72
2354	4.660354472009814e-73
2355	1.3349679491975796e-73
2356	3.796877801932963e-74
2357	1.0721750432338609e-74
2358	3.0058490899908737e-75
2359	8.365846174134339e-76
2360	2.311385146396664e-76
2361	6.339174609734789e-77
2362	1.7257145566802124e-77
2363	4.662927264889694e-78
2364	1.25048648514767e-78
2365	3.32818120888706e-79
2366	8.790611830464369e-80
2367	2.30404866021935e-80
2368	5.992395454847702e-81
2369	1.5463972403344034e-81
2370	3.959392712730069e-82
2371	1.005767867872269e-82
2372	2.5345622235523047e-83
2373	6.336043379698336e-84
2374	1.5711471442907018e-84
2375	3.8643125410350074e-85
2376	9.426641621920242e-86
2377	2.2805698586197153e-86
2378	5.471459743401484e-87
2379	1.3016907927052948e-87
2380	3.070634562530455e-88
2381	7.181819844260758e-89
2382	1.6653167493931542e-89
2383	3.8281112846644963e-90
2384	8.723012356022144e-91
2385	1.9702030298601248e-91
2386	4.410479651377371e-92
2387	9.7849413681415e-93
2388	2.151269592470185e-93
2389	4.6866411633331416e-94
2390	1.0116359559153869e-94
2391	2.1634522362020383e-95
2392	4.583476757078976e-96
2393	9.619022212397294e-97
2394	1.999483475273555e-97
2395	4.116402508362798e-98
2396	8.392519888900645e-99
2397	1.694346075947077e-99
2398	3.386935812477034e-100
2399	6.702950875600678e-101
2400	1.3132204831136571e-101
2401	2.5467087812954903e-102
2402	4.888184381341242e-103
2403	9.285349930077952e-104
2404	1.7453648005802912e-104
2405	3.2461254068830816e-105
2406	5.972944123880709e-106
2407	1.0871954469232412e-106
2408	1.9573735732801736e-107
2409	3.485271251650163e-108
2410	6.136842294226483e-109
2411	1.0684309759559333e-109
2412	1.839024642954886e-110
2413	3.129056660305943e-111
2414	5.262208873720171e-112
2415	8.745692318921093e-113
2416	1.436260114840622e-113
2417	2.330369285208664e-114
2418	3.735146531937159e-115
2419	5.913148765488725e-116
2420	9.244718668059815e-117
2421	1.427138722016113e-117
2422	2.175046142193083e-118
2423	3.272133565262206e-119
2424	4.858279622080616e-120
2425	7.117864803521997e-121
2426	1.0288630513781466e-121
2427	1.4669957764754398e-122
2428	2.062929365850509e-123
2429	2.860504352117348e-124
2430	3.9103884892836274e-125
2431	5.269023531176229e-126
2432	6.996562713364328e-127
2433	9.153612398540493e-128
2434	1.1796675429703159e-128
2435	1.497232935123631e-129
2436	1.871035782201847e-130
2437	2.301627579182698e-131
2438	2.7863923640766367e-132
2439	3.318901591487977e-133
2440	3.888467135827891e-134
2441	4.4799975416332636e-135
2442	5.074249437647122e-136
2443	5.648535017840482e-137
2444	6.17789834509481e-138
2445	6.6367121396262026e-139
2446	7.000580409261589e-140
2447	7.248371265738909e-141
2448	7.364160207329844e-142
2449	7.338847594538605e-143
2450	7.171232008029846e-144
2451	6.868375012423701e-145
2452	6.445177131609704e-146
2453	5.923187643940446e-147
2454	5.328775526264229e-148
2455	4.690877350583949e-149
2456	4.038594200955799e-150
2457	3.398923480303261e-151
2458	2.7948806507160256e-152
2459	2.244196982829719e-153
2460	1.7586859852505438e-154
2461	1.344271166671495e-155
2462	1.0015791148397053e-156
2463	7.269388310949535e-158
2464	5.13598691787282e-159
2465	3.5297674443417596e-160
2466	2.357921001690994e-161
2467	1.5297440501313042e-162
2468	9.630279055843221e-164
2469	5.877472773571477e-165
2470	3.474159671792901e-166
2471	1.9868460878433736e-167
2472	1.0981235952016183e-168
2473	5.8586036847217906e-170
2474	3.0132743773419425e-171
2475	1.4920686703684135e-172
2476	7.102343252886062e-174
2477	3.2447545663827953e-175
2478	1.4202827705482047e-176
2479	5.945095968013166e-178
2480	2.37484809920769e-179
2481	9.032747461038884e-181
2482	3.263051528638744e-182
2483	1.1164605669267568e-183
2484	3.6069142043959594e-185
2485	1.0964678700864145e-186
2486	3.124093041235101e-188
2487	8.305877524655583e-190
2488	2.0500252125521652e-191
2489	4.66947051089103e-193
2490	9.747302280629607e-195
2491	1.8492921768981558e-196
2492	3.156938980273345e-198
2493	4.789293252069661e-200
2494	6.355970857263971e-202
2495	7.228410508342717e-204
2496	6.848883353039158e-206
2497	5.190199783089139e-208
2498	2.9492192759469664e-210
2499	1.1169565384328069e-212
2500	2.1146233983514554e-215
