k	pvalue
0	0.9999999999759696
1	0.9999999999759696
2	0.9999999999759696
3	0.9999999999759696
4	0.9999999999759696
5	0.9999999999759696
6	0.9999999999759696
7	0.9999999999759696
8	0.9999999999759696
9	0.9999999999759696
10	0.9999999999759696
11	0.9999999999759696
12	0.9999999999759696
13	0.9999999999759696
14	0.9999999999759696
15	0.9999999999759696
16	0.9999999999759696
17	0.9999999999759696
18	0.9999999999759696
19	0.9999999999759696
20	0.9999999999759696
21	0.9999999999759696
22	0.9999999999759696
23	0.9999999999759696
24	0.9999999999759696
25	0.9999999999759696
26	0.9999999999759696
27	0.9999999999759696
28	0.9999999999759696
29	0.9999999999759696
30	0.9999999999759696
31	0.9999999999759696
32	0.9999999999759696
33	0.9999999999759696
34	0.9999999999759696
35	0.9999999999759696
36	0.9999999999759696
37	0.9999999999759696
38	0.9999999999759696
39	0.9999999999759696
40	0.9999999999759696
41	0.9999999999759696
42	0.9999999999759696
43	0.9999999999759696
44	0.9999999999759696
45	0.9999999999759696
46	0.9999999999759696
47	0.9999999999759696
48	0.9999999999759696
49	0.9999999999759696
50	0.9999999999759696
51	0.9999999999759696
52	0.9999999999759696
53	0.9999999999759696
54	0.9999999999759696
55	0.9999999999759696
56	0.9999999999759696
57	0.9999999999759696
58	0.9999999999759696
59	0.9999999999759696
60	0.9999999999759696
61	0.9999999999759696
62	0.9999999999759696
63	0.9999999999759696
64	0.9999999999759696
65	0.9999999999759696
66	0.9999999999759696
67	0.9999999999759696
68	0.9999999999759696
69	0.9999999999759696
70	0.9999999999759696
71	0.9999999999759696
72	0.9999999999759696
73	0.9999999999759696
74	0.9999999999759696
75	0.9999999999759696
76	0.9999999999759696
77	0.9999999999759696
78	0.9999999999759696
79	0.9999999999759696
80	0.9999999999759696
81	0.9999999999759696
82	0.9999999999759696
83	0.9999999999759696
84	0.9999999999759696
85	0.9999999999759696
86	0.9999999999759696
87	0.9999999999759696
88	0.9999999999759696
89	0.9999999999759696
90	0.9999999999759696
91	0.9999999999759696
92	0.9999999999759696
93	0.9999999999759696
94	0.9999999999759696
95	0.9999999999759696
96	0.9999999999759696
97	0.9999999999759696
98	0.9999999999759696
99	0.9999999999759696
100	0.9999999999759696
101	0.9999999999759696
102	0.9999999999759696
103	0.9999999999759696
104	0.9999999999759696
105	0.9999999999759696
106	0.9999999999759696
107	0.9999999999759696
108	0.9999999999759696
109	0.9999999999759696
110	0.9999999999759696
111	0.9999999999759696
112	0.9999999999759696
113	0.9999999999759696
114	0.9999999999759696
115	0.9999999999759696
116	0.9999999999759696
117	0.9999999999759696
118	0.9999999999759696
119	0.9999999999759696
120	0.9999999999759696
121	0.9999999999759696
122	0.9999999999759696
123	0.9999999999759696
124	0.9999999999759696
125	0.9999999999759696
126	0.9999999999759696
127	0.9999999999759696
128	0.9999999999759696
129	0.9999999999759696
130	0.9999999999759696
131	0.9999999999759696
132	0.9999999999759696
133	0.9999999999759696
134	0.9999999999759696
135	0.9999999999759696
136	0.9999999999759696
137	0.9999999999759696
138	0.9999999999759696
139	0.9999999999759696
140	0.9999999999759696
141	0.9999999999759696
142	0.9999999999759696
143	0.9999999999759696
144	0.9999999999759696
145	0.9999999999759696
146	0.9999999999759696
147	0.9999999999759696
148	0.9999999999759696
149	0.9999999999759696
150	0.9999999999759696
151	0.9999999999759696
152	0.9999999999759696
153	0.9999999999759696
154	0.9999999999759696
155	0.9999999999759696
156	0.9999999999759696
157	0.9999999999759696
158	0.9999999999759696
159	0.9999999999759696
160	0.9999999999759696
161	0.9999999999759696
162	0.9999999999759696
163	0.9999999999759696
164	0.9999999999759696
165	0.9999999999759696
166	0.9999999999759696
167	0.9999999999759696
168	0.9999999999759696
169	0.9999999999759696
170	0.9999999999759696
171	0.9999999999759696
172	0.9999999999759696
173	0.9999999999759696
174	0.9999999999759696
175	0.9999999999759696
176	0.9999999999759696
177	0.9999999999759696
178	0.9999999999759696
179	0.9999999999759696
180	0.9999999999759696
181	0.9999999999759696
182	0.9999999999759696
183	0.9999999999759696
184	0.9999999999759696
185	0.9999999999759696
186	0.9999999999759696
187	0.9999999999759696
188	0.9999999999759696
189	0.9999999999759696
190	0.9999999999759696
191	0.9999999999759696
192	0.9999999999759696
193	0.9999999999759696
194	0.9999999999759696
195	0.9999999999759696
196	0.9999999999759696
197	0.9999999999759696
198	0.9999999999759696
199	0.9999999999759696
200	0.9999999999759696
201	0.9999999999759696
202	0.9999999999759696
203	0.9999999999759696
204	0.9999999999759696
205	0.9999999999759696
206	0.9999999999759696
207	0.9999999999759696
208	0.9999999999759696
209	0.9999999999759696
210	0.9999999999759696
211	0.9999999999759696
212	0.9999999999759696
213	0.9999999999759696
214	0.9999999999759696
215	0.9999999999759696
216	0.9999999999759696
217	0.9999999999759696
218	0.9999999999759696
219	0.9999999999759696
220	0.9999999999759696
221	0.9999999999759696
222	0.9999999999759696
223	0.9999999999759696
224	0.9999999999759696
225	0.9999999999759696
226	0.9999999999759696
227	0.9999999999759696
228	0.9999999999759696
229	0.9999999999759696
230	0.9999999999759696
231	0.9999999999759696
232	0.9999999999759696
233	0.9999999999759696
234	0.9999999999759696
235	0.9999999999759696
236	0.9999999999759696
237	0.9999999999759696
238	0.9999999999759696
239	0.9999999999759696
240	0.9999999999759696
241	0.9999999999759696
242	0.9999999999759696
243	0.9999999999759696
244	0.9999999999759696
245	0.9999999999759696
246	0.9999999999759696
247	0.9999999999759696
248	0.9999999999759696
249	0.9999999999759696
250	0.9999999999759696
251	0.9999999999759696
252	0.9999999999759696
253	0.9999999999759696
254	0.9999999999759696
255	0.9999999999759696
256	0.9999999999759696
257	0.9999999999759696
258	0.9999999999759696
259	0.9999999999759696
260	0.9999999999759696
261	0.9999999999759696
262	0.9999999999759696
263	0.9999999999759696
264	0.9999999999759696
265	0.9999999999759696
266	0.9999999999759696
267	0.9999999999759696
268	0.9999999999759696
269	0.9999999999759696
270	0.9999999999759696
271	0.9999999999759696
272	0.9999999999759696
273	0.9999999999759696
274	0.9999999999759696
275	0.9999999999759696
276	0.9999999999759696
277	0.9999999999759696
278	0.9999999999759696
279	0.9999999999759696
280	0.9999999999759696
281	0.9999999999759696
282	0.9999999999759696
283	0.9999999999759696
284	0.9999999999759696
285	0.9999999999759696
286	0.9999999999759696
287	0.9999999999759696
288	0.9999999999759696
289	0.9999999999759696
290	0.9999999999759696
291	0.9999999999759696
292	0.9999999999759696
293	0.9999999999759696
294	0.9999999999759696
295	0.9999999999759696
296	0.9999999999759696
297	0.9999999999759696
298	0.9999999999759696
299	0.9999999999759696
300	0.9999999999759696
301	0.9999999999759696
302	0.9999999999759696
303	0.9999999999759696
304	0.9999999999759696
305	0.9999999999759696
306	0.9999999999759696
307	0.9999999999759696
308	0.9999999999759696
309	0.9999999999759696
310	0.9999999999759696
311	0.9999999999759696
312	0.9999999999759696
313	0.9999999999759696
314	0.9999999999759696
315	0.9999999999759696
316	0.9999999999759696
317	0.9999999999759696
318	0.9999999999759696
319	0.9999999999759696
320	0.9999999999759696
321	0.9999999999759696
322	0.9999999999759696
323	0.9999999999759696
324	0.9999999999759696
325	0.9999999999759696
326	0.9999999999759696
327	0.9999999999759696
328	0.9999999999759696
329	0.9999999999759696
330	0.9999999999759696
331	0.9999999999759696
332	0.9999999999759696
333	0.9999999999759696
334	0.9999999999759696
335	0.9999999999759696
336	0.9999999999759696
337	0.9999999999759696
338	0.9999999999759696
339	0.9999999999759696
340	0.9999999999759696
341	0.9999999999759696
342	0.9999999999759696
343	0.9999999999759696
344	0.9999999999759696
345	0.9999999999759696
346	0.9999999999759696
347	0.9999999999759696
348	0.9999999999759696
349	0.9999999999759696
350	0.9999999999759696
351	0.9999999999759696
352	0.9999999999759696
353	0.9999999999759696
354	0.9999999999759696
355	0.9999999999759696
356	0.9999999999759696
357	0.9999999999759696
358	0.9999999999759696
359	0.9999999999759696
360	0.9999999999759696
361	0.9999999999759696
362	0.9999999999759696
363	0.9999999999759696
364	0.9999999999759696
365	0.9999999999759696
366	0.9999999999759696
367	0.9999999999759696
368	0.9999999999759696
369	0.9999999999759696
370	0.9999999999759696
371	0.9999999999759696
372	0.9999999999759696
373	0.9999999999759696
374	0.9999999999759696
375	0.9999999999759696
376	0.9999999999759696
377	0.9999999999759696
378	0.9999999999759696
379	0.9999999999759696
380	0.9999999999759696
381	0.9999999999759696
382	0.9999999999759696
383	0.9999999999759696
384	0.9999999999759696
385	0.9999999999759696
386	0.9999999999759696
387	0.9999999999759696
388	0.9999999999759696
389	0.9999999999759696
390	0.9999999999759696
391	0.9999999999759696
392	0.9999999999759696
393	0.9999999999759696
394	0.9999999999759696
395	0.9999999999759696
396	0.9999999999759696
397	0.9999999999759696
398	0.9999999999759696
399	0.9999999999759696
400	0.9999999999759696
401	0.9999999999759696
402	0.9999999999759696
403	0.9999999999759696
404	0.9999999999759696
405	0.9999999999759696
406	0.9999999999759696
407	0.9999999999759696
408	0.9999999999759696
409	0.9999999999759696
410	0.9999999999759696
411	0.9999999999759696
412	0.9999999999759696
413	0.9999999999759696
414	0.9999999999759696
415	0.9999999999759696
416	0.9999999999759696
417	0.9999999999759696
418	0.9999999999759696
419	0.9999999999759696
420	0.9999999999759696
421	0.9999999999759696
422	0.9999999999759696
423	0.9999999999759696
424	0.9999999999759696
425	0.9999999999759696
426	0.9999999999759696
427	0.9999999999759696
428	0.9999999999759696
429	0.9999999999759696
430	0.9999999999759696
431	0.9999999999759696
432	0.9999999999759696
433	0.9999999999759696
434	0.9999999999759696
435	0.9999999999759696
436	0.9999999999759696
437	0.9999999999759696
438	0.9999999999759696
439	0.9999999999759696
440	0.9999999999759696
441	0.9999999999759696
442	0.9999999999759696
443	0.9999999999759696
444	0.9999999999759696
445	0.9999999999759696
446	0.9999999999759696
447	0.9999999999759696
448	0.9999999999759696
449	0.9999999999759696
450	0.9999999999759696
451	0.9999999999759696
452	0.9999999999759696
453	0.9999999999759696
454	0.9999999999759696
455	0.9999999999759696
456	0.9999999999759696
457	0.9999999999759696
458	0.9999999999759696
459	0.9999999999759696
460	0.9999999999759696
461	0.9999999999759696
462	0.9999999999759696
463	0.9999999999759696
464	0.9999999999759696
465	0.9999999999759696
466	0.9999999999759696
467	0.9999999999759696
468	0.9999999999759696
469	0.9999999999759696
470	0.9999999999759696
471	0.9999999999759696
472	0.9999999999759696
473	0.9999999999759696
474	0.9999999999759696
475	0.9999999999759696
476	0.9999999999759696
477	0.9999999999759696
478	0.9999999999759696
479	0.9999999999759696
480	0.9999999999759696
481	0.9999999999759696
482	0.9999999999759696
483	0.9999999999759696
484	0.9999999999759696
485	0.9999999999759696
486	0.9999999999759696
487	0.9999999999759696
488	0.9999999999759696
489	0.9999999999759696
490	0.9999999999759696
491	0.9999999999759696
492	0.9999999999759696
493	0.9999999999759696
494	0.9999999999759696
495	0.9999999999759696
496	0.9999999999759696
497	0.9999999999759696
498	0.9999999999759696
499	0.9999999999759696
500	0.9999999999759696
501	0.9999999999759696
502	0.9999999999759696
503	0.9999999999759696
504	0.9999999999759696
505	0.9999999999759696
506	0.9999999999759696
507	0.9999999999759696
508	0.9999999999759696
509	0.9999999999759696
510	0.9999999999759696
511	0.9999999999759696
512	0.9999999999759696
513	0.9999999999759696
514	0.9999999999759696
515	0.9999999999759696
516	0.9999999999759696
517	0.9999999999759696
518	0.9999999999759696
519	0.9999999999759696
520	0.9999999999759696
521	0.9999999999759696
522	0.9999999999759696
523	0.9999999999759696
524	0.9999999999759696
525	0.9999999999759696
526	0.9999999999759696
527	0.9999999999759696
528	0.9999999999759696
529	0.9999999999759696
530	0.9999999999759696
531	0.9999999999759696
532	0.9999999999759696
533	0.9999999999759696
534	0.9999999999759696
535	0.9999999999759696
536	0.9999999999759696
537	0.9999999999759696
538	0.9999999999759696
539	0.9999999999759696
540	0.9999999999759696
541	0.9999999999759696
542	0.9999999999759696
543	0.9999999999759696
544	0.9999999999759696
545	0.9999999999759696
546	0.9999999999759696
547	0.9999999999759696
548	0.9999999999759696
549	0.9999999999759696
550	0.9999999999759696
551	0.9999999999759696
552	0.9999999999759696
553	0.9999999999759696
554	0.9999999999759696
555	0.9999999999759696
556	0.9999999999759696
557	0.9999999999759696
558	0.9999999999759696
559	0.9999999999759696
560	0.9999999999759696
561	0.9999999999759696
562	0.9999999999759696
563	0.9999999999759696
564	0.9999999999759696
565	0.9999999999759696
566	0.9999999999759696
567	0.9999999999759696
568	0.9999999999759696
569	0.9999999999759696
570	0.9999999999759696
571	0.9999999999759696
572	0.9999999999759696
573	0.9999999999759696
574	0.9999999999759696
575	0.9999999999759696
576	0.9999999999759696
577	0.9999999999759696
578	0.9999999999759696
579	0.9999999999759696
580	0.9999999999759696
581	0.9999999999759696
582	0.9999999999759696
583	0.9999999999759696
584	0.9999999999759696
585	0.9999999999759696
586	0.9999999999759696
587	0.9999999999759696
588	0.9999999999759696
589	0.9999999999759696
590	0.9999999999759696
591	0.9999999999759696
592	0.9999999999759696
593	0.9999999999759696
594	0.9999999999759696
595	0.9999999999759696
596	0.9999999999759696
597	0.9999999999759696
598	0.9999999999759696
599	0.9999999999759696
600	0.9999999999759696
601	0.9999999999759696
602	0.9999999999759696
603	0.9999999999759696
604	0.9999999999759696
605	0.9999999999759696
606	0.9999999999759696
607	0.9999999999759696
608	0.9999999999759696
609	0.9999999999759696
610	0.9999999999759696
611	0.9999999999759696
612	0.9999999999759696
613	0.9999999999759696
614	0.9999999999759696
615	0.9999999999759696
616	0.9999999999759696
617	0.9999999999759696
618	0.9999999999759696
619	0.9999999999759696
620	0.9999999999759696
621	0.9999999999759696
622	0.9999999999759696
623	0.9999999999759696
624	0.9999999999759696
625	0.9999999999759696
626	0.9999999999759696
627	0.9999999999759696
628	0.9999999999759696
629	0.9999999999759696
630	0.9999999999759696
631	0.9999999999759696
632	0.9999999999759696
633	0.9999999999759696
634	0.9999999999759696
635	0.9999999999759696
636	0.9999999999759696
637	0.9999999999759696
638	0.9999999999759696
639	0.9999999999759696
640	0.9999999999759696
641	0.9999999999759696
642	0.9999999999759696
643	0.9999999999759696
644	0.9999999999759696
645	0.9999999999759696
646	0.9999999999759696
647	0.9999999999759696
648	0.9999999999759696
649	0.9999999999759696
650	0.9999999999759696
651	0.9999999999759696
652	0.9999999999759696
653	0.9999999999759696
654	0.9999999999759696
655	0.9999999999759696
656	0.9999999999759696
657	0.9999999999759696
658	0.9999999999759696
659	0.9999999999759696
660	0.9999999999759696
661	0.9999999999759696
662	0.9999999999759696
663	0.9999999999759696
664	0.9999999999759696
665	0.9999999999759696
666	0.9999999999759696
667	0.9999999999759696
668	0.9999999999759696
669	0.9999999999759696
670	0.9999999999759696
671	0.9999999999759696
672	0.9999999999759696
673	0.9999999999759696
674	0.9999999999759696
675	0.9999999999759696
676	0.9999999999759696
677	0.9999999999759696
678	0.9999999999759696
679	0.9999999999759696
680	0.9999999999759696
681	0.9999999999759696
682	0.9999999999759696
683	0.9999999999759696
684	0.9999999999759696
685	0.9999999999759696
686	0.9999999999759696
687	0.9999999999759696
688	0.9999999999759696
689	0.9999999999759696
690	0.9999999999759696
691	0.9999999999759696
692	0.9999999999759696
693	0.9999999999759696
694	0.9999999999759696
695	0.9999999999759696
696	0.9999999999759696
697	0.9999999999759696
698	0.9999999999759696
699	0.9999999999759696
700	0.9999999999759696
701	0.9999999999759696
702	0.9999999999759696
703	0.9999999999759696
704	0.9999999999759696
705	0.9999999999759696
706	0.9999999999759696
707	0.9999999999759696
708	0.9999999999759696
709	0.9999999999759696
710	0.9999999999759696
711	0.9999999999759696
712	0.9999999999759696
713	0.9999999999759696
714	0.9999999999759696
715	0.9999999999759696
716	0.9999999999759696
717	0.9999999999759696
718	0.9999999999759696
719	0.9999999999759696
720	0.9999999999759696
721	0.9999999999759696
722	0.9999999999759696
723	0.9999999999759696
724	0.9999999999759696
725	0.9999999999759696
726	0.9999999999759696
727	0.9999999999759696
728	0.9999999999759696
729	0.9999999999759696
730	0.9999999999759696
731	0.9999999999759696
732	0.9999999999759696
733	0.9999999999759696
734	0.9999999999759696
735	0.9999999999759696
736	0.9999999999759696
737	0.9999999999759696
738	0.9999999999759696
739	0.9999999999759696
740	0.9999999999759696
741	0.9999999999759696
742	0.9999999999759696
743	0.9999999999759696
744	0.9999999999759696
745	0.9999999999759696
746	0.9999999999759696
747	0.9999999999759696
748	0.9999999999759696
749	0.9999999999759696
750	0.9999999999759696
751	0.9999999999759696
752	0.9999999999759696
753	0.9999999999759696
754	0.9999999999759696
755	0.9999999999759696
756	0.9999999999759696
757	0.9999999999759696
758	0.9999999999759696
759	0.9999999999759696
760	0.9999999999759696
761	0.9999999999759696
762	0.9999999999759696
763	0.9999999999759696
764	0.9999999999759696
765	0.9999999999759696
766	0.9999999999759696
767	0.9999999999759696
768	0.9999999999759696
769	0.9999999999759696
770	0.9999999999759696
771	0.9999999999759696
772	0.9999999999759696
773	0.9999999999759696
774	0.9999999999759696
775	0.9999999999759696
776	0.9999999999759696
777	0.9999999999759696
778	0.9999999999759696
779	0.9999999999759696
780	0.9999999999759696
781	0.9999999999759696
782	0.9999999999759696
783	0.9999999999759696
784	0.9999999999759696
785	0.9999999999759696
786	0.9999999999759696
787	0.9999999999759696
788	0.9999999999759696
789	0.9999999999759696
790	0.9999999999759696
791	0.9999999999759696
792	0.9999999999759696
793	0.9999999999759696
794	0.9999999999759696
795	0.9999999999759696
796	0.9999999999759696
797	0.9999999999759696
798	0.9999999999759696
799	0.9999999999759696
800	0.9999999999759696
801	0.9999999999759696
802	0.9999999999759696
803	0.9999999999759696
804	0.9999999999759696
805	0.9999999999759696
806	0.9999999999759696
807	0.9999999999759696
808	0.9999999999759696
809	0.9999999999759696
810	0.9999999999759696
811	0.9999999999759696
812	0.9999999999759696
813	0.9999999999759696
814	0.9999999999759696
815	0.9999999999759696
816	0.9999999999759696
817	0.9999999999759696
818	0.9999999999759696
819	0.9999999999759696
820	0.9999999999759696
821	0.9999999999759696
822	0.9999999999759696
823	0.9999999999759696
824	0.9999999999759696
825	0.9999999999759696
826	0.9999999999759696
827	0.9999999999759696
828	0.9999999999759696
829	0.9999999999759696
830	0.9999999999759696
831	0.9999999999759696
832	0.9999999999759696
833	0.9999999999759696
834	0.9999999999759696
835	0.9999999999759696
836	0.9999999999759696
837	0.9999999999759696
838	0.9999999999759696
839	0.9999999999759696
840	0.9999999999759696
841	0.9999999999759696
842	0.9999999999759696
843	0.9999999999759696
844	0.9999999999759696
845	0.9999999999759696
846	0.9999999999759696
847	0.9999999999759696
848	0.9999999999759696
849	0.9999999999759696
850	0.9999999999759696
851	0.9999999999759696
852	0.9999999999759696
853	0.9999999999759696
854	0.9999999999759696
855	0.9999999999759696
856	0.9999999999759696
857	0.9999999999759696
858	0.9999999999759696
859	0.9999999999759696
860	0.9999999999759696
861	0.9999999999759696
862	0.9999999999759696
863	0.9999999999759696
864	0.9999999999759696
865	0.9999999999759696
866	0.9999999999759696
867	0.9999999999759696
868	0.9999999999759696
869	0.9999999999759696
870	0.9999999999759696
871	0.9999999999759696
872	0.9999999999759696
873	0.9999999999759696
874	0.9999999999759696
875	0.9999999999759696
876	0.9999999999759696
877	0.9999999999759696
878	0.9999999999759696
879	0.9999999999759696
880	0.9999999999759696
881	0.9999999999759696
882	0.9999999999759696
883	0.9999999999759696
884	0.9999999999759696
885	0.9999999999759696
886	0.9999999999759696
887	0.9999999999759696
888	0.9999999999759696
889	0.9999999999759696
890	0.9999999999759696
891	0.9999999999759696
892	0.9999999999759696
893	0.9999999999759696
894	0.9999999999759696
895	0.9999999999759696
896	0.9999999999759696
897	0.9999999999759696
898	0.9999999999759696
899	0.9999999999759696
900	0.9999999999759696
901	0.9999999999759696
902	0.9999999999759696
903	0.9999999999759696
904	0.9999999999759696
905	0.9999999999759696
906	0.9999999999759696
907	0.9999999999759696
908	0.9999999999759696
909	0.9999999999759696
910	0.9999999999759696
911	0.9999999999759696
912	0.9999999999759696
913	0.9999999999759696
914	0.9999999999759696
915	0.9999999999759696
916	0.9999999999759696
917	0.9999999999759696
918	0.9999999999759696
919	0.9999999999759696
920	0.9999999999759696
921	0.9999999999759696
922	0.9999999999759696
923	0.9999999999759696
924	0.9999999999759696
925	0.9999999999759696
926	0.9999999999759696
927	0.9999999999759696
928	0.9999999999759696
929	0.9999999999759696
930	0.9999999999759696
931	0.9999999999759696
932	0.9999999999759696
933	0.9999999999759696
934	0.9999999999759696
935	0.9999999999759696
936	0.9999999999759696
937	0.9999999999759696
938	0.9999999999759696
939	0.9999999999759696
940	0.9999999999759696
941	0.9999999999759696
942	0.9999999999759696
943	0.9999999999759696
944	0.9999999999759696
945	0.9999999999759696
946	0.9999999999759696
947	0.9999999999759696
948	0.9999999999759696
949	0.9999999999759696
950	0.9999999999759696
951	0.9999999999759696
952	0.9999999999759696
953	0.9999999999759696
954	0.9999999999759696
955	0.9999999999759696
956	0.9999999999759696
957	0.9999999999759696
958	0.9999999999759696
959	0.9999999999759696
960	0.9999999999759696
961	0.9999999999759696
962	0.9999999999759696
963	0.9999999999759696
964	0.9999999999759696
965	0.9999999999759696
966	0.9999999999759696
967	0.9999999999759696
968	0.9999999999759696
969	0.9999999999759696
970	0.9999999999759696
971	0.9999999999759696
972	0.9999999999759696
973	0.9999999999759696
974	0.9999999999759696
975	0.9999999999759696
976	0.9999999999759696
977	0.9999999999759696
978	0.9999999999759696
979	0.9999999999759696
980	0.9999999999759696
981	0.9999999999759696
982	0.9999999999759696
983	0.9999999999759696
984	0.9999999999759696
985	0.9999999999759696
986	0.9999999999759696
987	0.9999999999759696
988	0.9999999999759696
989	0.9999999999759696
990	0.9999999999759696
991	0.9999999999759696
992	0.9999999999759696
993	0.9999999999759696
994	0.9999999999759696
995	0.9999999999759696
996	0.9999999999759696
997	0.9999999999759696
998	0.9999999999759696
999	0.9999999999759696
1000	0.9999999999759696
1001	0.9999999999759696
1002	0.9999999999759696
1003	0.9999999999759696
1004	0.9999999999759696
1005	0.9999999999759696
1006	0.9999999999759696
1007	0.9999999999759696
1008	0.9999999999759696
1009	0.9999999999759696
1010	0.9999999999759696
1011	0.9999999999759696
1012	0.9999999999759696
1013	0.9999999999759696
1014	0.9999999999759696
1015	0.9999999999759696
1016	0.9999999999759696
1017	0.9999999999759696
1018	0.9999999999759696
1019	0.9999999999759696
1020	0.9999999999759696
1021	0.9999999999759696
1022	0.9999999999759696
1023	0.9999999999759696
1024	0.9999999999759696
1025	0.9999999999759696
1026	0.9999999999759696
1027	0.9999999999759696
1028	0.9999999999759696
1029	0.9999999999759696
1030	0.9999999999759696
1031	0.9999999999759696
1032	0.9999999999759696
1033	0.9999999999759696
1034	0.9999999999759696
1035	0.9999999999759696
1036	0.9999999999759696
1037	0.9999999999759696
1038	0.9999999999759696
1039	0.9999999999759696
1040	0.9999999999759696
1041	0.9999999999759696
1042	0.9999999999759696
1043	0.9999999999759696
1044	0.9999999999759696
1045	0.9999999999759696
1046	0.9999999999759696
1047	0.9999999999759696
1048	0.9999999999759696
1049	0.9999999999759696
1050	0.9999999999759696
1051	0.9999999999759696
1052	0.9999999999759696
1053	0.9999999999759696
1054	0.9999999999759696
1055	0.9999999999759696
1056	0.9999999999759696
1057	0.9999999999759696
1058	0.9999999999759696
1059	0.9999999999759696
1060	0.9999999999759696
1061	0.9999999999759696
1062	0.9999999999759696
1063	0.9999999999759696
1064	0.9999999999759696
1065	0.9999999999759696
1066	0.9999999999759696
1067	0.9999999999759696
1068	0.9999999999759696
1069	0.9999999999759696
1070	0.9999999999759696
1071	0.9999999999759696
1072	0.9999999999759696
1073	0.9999999999759696
1074	0.9999999999759696
1075	0.9999999999759696
1076	0.9999999999759696
1077	0.9999999999759696
1078	0.9999999999759696
1079	0.9999999999759696
1080	0.9999999999759696
1081	0.9999999999759696
1082	0.9999999999759696
1083	0.9999999999759696
1084	0.9999999999759696
1085	0.9999999999759696
1086	0.9999999999759696
1087	0.9999999999759696
1088	0.9999999999759696
1089	0.9999999999759696
1090	0.9999999999759696
1091	0.9999999999759696
1092	0.9999999999759696
1093	0.9999999999759696
1094	0.9999999999759696
1095	0.9999999999759696
1096	0.9999999999759696
1097	0.9999999999759696
1098	0.9999999999759696
1099	0.9999999999759696
1100	0.9999999999759696
1101	0.9999999999759696
1102	0.9999999999759696
1103	0.9999999999759696
1104	0.9999999999759696
1105	0.9999999999759696
1106	0.9999999999759696
1107	0.9999999999759696
1108	0.9999999999759696
1109	0.9999999999759696
1110	0.9999999999759696
1111	0.9999999999759696
1112	0.9999999999759696
1113	0.9999999999759696
1114	0.9999999999759696
1115	0.9999999999759696
1116	0.9999999999759696
1117	0.9999999999759696
1118	0.9999999999759696
1119	0.9999999999759696
1120	0.9999999999759696
1121	0.9999999999759696
1122	0.9999999999759696
1123	0.9999999999759696
1124	0.9999999999759696
1125	0.9999999999759696
1126	0.9999999999759696
1127	0.9999999999759696
1128	0.9999999999759696
1129	0.9999999999759696
1130	0.9999999999759696
1131	0.9999999999759696
1132	0.9999999999759696
1133	0.9999999999759696
1134	0.9999999999759696
1135	0.9999999999759696
1136	0.9999999999759696
1137	0.9999999999759696
1138	0.9999999999759696
1139	0.9999999999759696
1140	0.9999999999759696
1141	0.9999999999759696
1142	0.9999999999759696
1143	0.9999999999759696
1144	0.9999999999759696
1145	0.9999999999759696
1146	0.9999999999759696
1147	0.9999999999759696
1148	0.9999999999759696
1149	0.9999999999759696
1150	0.9999999999759696
1151	0.9999999999759696
1152	0.9999999999759696
1153	0.9999999999759696
1154	0.9999999999759696
1155	0.9999999999759696
1156	0.9999999999759696
1157	0.9999999999759696
1158	0.9999999999759696
1159	0.9999999999759696
1160	0.9999999999759696
1161	0.9999999999759696
1162	0.9999999999759696
1163	0.9999999999759696
1164	0.9999999999759696
1165	0.9999999999759696
1166	0.9999999999759696
1167	0.9999999999759696
1168	0.9999999999759696
1169	0.9999999999759696
1170	0.9999999999759696
1171	0.9999999999759696
1172	0.9999999999759696
1173	0.9999999999759696
1174	0.9999999999759696
1175	0.9999999999759696
1176	0.9999999999759696
1177	0.9999999999759696
1178	0.9999999999759696
1179	0.9999999999759696
1180	0.9999999999759696
1181	0.9999999999759696
1182	0.9999999999759696
1183	0.9999999999759696
1184	0.9999999999759696
1185	0.9999999999759696
1186	0.9999999999759696
1187	0.9999999999759696
1188	0.9999999999759696
1189	0.9999999999759696
1190	0.9999999999759696
1191	0.9999999999759696
1192	0.9999999999759696
1193	0.9999999999759696
1194	0.9999999999759696
1195	0.9999999999759696
1196	0.9999999999759696
1197	0.9999999999759696
1198	0.9999999999759696
1199	0.9999999999759696
1200	0.9999999999759696
1201	0.9999999999759696
1202	0.9999999999759696
1203	0.9999999999759696
1204	0.9999999999759696
1205	0.9999999999759696
1206	0.9999999999759696
1207	0.9999999999759696
1208	0.9999999999759696
1209	0.9999999999759696
1210	0.9999999999759696
1211	0.9999999999759696
1212	0.9999999999759696
1213	0.9999999999759696
1214	0.9999999999759696
1215	0.9999999999759696
1216	0.9999999999759696
1217	0.9999999999759696
1218	0.9999999999759696
1219	0.9999999999759696
1220	0.9999999999759696
1221	0.9999999999759696
1222	0.9999999999759696
1223	0.9999999999759696
1224	0.9999999999759696
1225	0.9999999999759696
1226	0.9999999999759696
1227	0.9999999999759696
1228	0.9999999999759696
1229	0.9999999999759696
1230	0.9999999999759696
1231	0.9999999999759696
1232	0.9999999999759696
1233	0.9999999999759696
1234	0.9999999999759696
1235	0.9999999999759696
1236	0.9999999999759696
1237	0.9999999999759696
1238	0.9999999999759696
1239	0.9999999999759696
1240	0.9999999999759696
1241	0.9999999999759696
1242	0.9999999999759696
1243	0.9999999999759696
1244	0.9999999999759696
1245	0.9999999999759696
1246	0.9999999999759696
1247	0.9999999999759696
1248	0.9999999999759696
1249	0.9999999999759696
1250	0.9999999999759696
1251	0.9999999999759696
1252	0.9999999999759696
1253	0.9999999999759696
1254	0.9999999999759696
1255	0.9999999999759696
1256	0.9999999999759696
1257	0.9999999999759696
1258	0.9999999999759696
1259	0.9999999999759696
1260	0.9999999999759696
1261	0.9999999999759696
1262	0.9999999999759696
1263	0.9999999999759696
1264	0.9999999999759696
1265	0.9999999999759696
1266	0.9999999999759696
1267	0.9999999999759696
1268	0.9999999999759696
1269	0.9999999999759696
1270	0.9999999999759696
1271	0.9999999999759696
1272	0.9999999999759696
1273	0.9999999999759696
1274	0.9999999999759696
1275	0.9999999999759696
1276	0.9999999999759696
1277	0.9999999999759696
1278	0.9999999999759696
1279	0.9999999999759696
1280	0.9999999999759696
1281	0.9999999999759696
1282	0.9999999999759696
1283	0.9999999999759696
1284	0.9999999999759696
1285	0.9999999999759696
1286	0.9999999999759696
1287	0.9999999999759696
1288	0.9999999999759696
1289	0.9999999999759696
1290	0.9999999999759696
1291	0.9999999999759696
1292	0.9999999999759696
1293	0.9999999999759696
1294	0.9999999999759696
1295	0.9999999999759696
1296	0.9999999999759696
1297	0.9999999999759696
1298	0.9999999999759696
1299	0.9999999999759696
1300	0.9999999999759696
1301	0.9999999999759696
1302	0.9999999999759696
1303	0.9999999999759696
1304	0.9999999999759696
1305	0.9999999999759696
1306	0.9999999999759696
1307	0.9999999999759696
1308	0.9999999999759696
1309	0.9999999999759696
1310	0.9999999999759696
1311	0.9999999999759696
1312	0.9999999999759696
1313	0.9999999999759696
1314	0.9999999999759696
1315	0.9999999999759696
1316	0.9999999999759696
1317	0.9999999999759696
1318	0.9999999999759696
1319	0.9999999999759696
1320	0.9999999999759696
1321	0.9999999999759696
1322	0.9999999999759696
1323	0.9999999999759696
1324	0.9999999999759696
1325	0.9999999999759696
1326	0.9999999999759696
1327	0.9999999999759696
1328	0.9999999999759696
1329	0.9999999999759696
1330	0.9999999999759696
1331	0.9999999999759696
1332	0.9999999999759696
1333	0.9999999999759696
1334	0.9999999999759696
1335	0.9999999999759696
1336	0.9999999999759696
1337	0.9999999999759696
1338	0.9999999999759696
1339	0.9999999999759696
1340	0.9999999999759696
1341	0.9999999999759696
1342	0.9999999999759696
1343	0.9999999999759696
1344	0.9999999999759696
1345	0.9999999999759696
1346	0.9999999999759696
1347	0.9999999999759696
1348	0.9999999999759696
1349	0.9999999999759696
1350	0.9999999999759696
1351	0.9999999999759696
1352	0.9999999999759696
1353	0.9999999999759696
1354	0.9999999999759696
1355	0.9999999999759696
1356	0.9999999999759696
1357	0.9999999999759696
1358	0.9999999999759696
1359	0.9999999999759696
1360	0.9999999999759696
1361	0.9999999999759696
1362	0.9999999999759696
1363	0.9999999999759696
1364	0.9999999999759696
1365	0.9999999999759696
1366	0.9999999999759696
1367	0.9999999999759696
1368	0.9999999999759696
1369	0.9999999999759696
1370	0.9999999999759696
1371	0.9999999999759696
1372	0.9999999999759696
1373	0.9999999999759696
1374	0.9999999999759696
1375	0.9999999999759696
1376	0.9999999999759696
1377	0.9999999999759696
1378	0.9999999999759696
1379	0.9999999999759696
1380	0.9999999999759696
1381	0.9999999999759696
1382	0.9999999999759696
1383	0.9999999999759696
1384	0.9999999999759696
1385	0.9999999999759696
1386	0.9999999999759696
1387	0.9999999999759696
1388	0.9999999999759696
1389	0.9999999999759696
1390	0.9999999999759696
1391	0.9999999999759696
1392	0.9999999999759696
1393	0.9999999999759696
1394	0.9999999999759696
1395	0.9999999999759696
1396	0.9999999999759696
1397	0.9999999999759696
1398	0.9999999999759696
1399	0.9999999999759696
1400	0.9999999999759696
1401	0.9999999999759696
1402	0.9999999999759696
1403	0.9999999999759696
1404	0.9999999999759696
1405	0.9999999999759696
1406	0.9999999999759696
1407	0.9999999999759696
1408	0.9999999999759696
1409	0.9999999999759696
1410	0.9999999999759696
1411	0.9999999999759696
1412	0.9999999999759696
1413	0.9999999999759696
1414	0.9999999999759696
1415	0.9999999999759696
1416	0.9999999999759696
1417	0.9999999999759696
1418	0.9999999999759696
1419	0.9999999999759696
1420	0.9999999999759696
1421	0.9999999999759696
1422	0.9999999999759696
1423	0.9999999999759696
1424	0.9999999999759696
1425	0.9999999999759696
1426	0.9999999999759696
1427	0.9999999999759696
1428	0.9999999999759696
1429	0.9999999999759696
1430	0.9999999999759696
1431	0.9999999999759696
1432	0.9999999999759696
1433	0.9999999999759696
1434	0.9999999999759696
1435	0.9999999999759696
1436	0.9999999999759696
1437	0.9999999999759696
1438	0.9999999999759696
1439	0.9999999999759696
1440	0.9999999999759696
1441	0.9999999999759696
1442	0.9999999999759696
1443	0.9999999999759696
1444	0.9999999999759696
1445	0.9999999999759696
1446	0.9999999999759696
1447	0.9999999999759696
1448	0.9999999999759696
1449	0.9999999999759696
1450	0.9999999999759696
1451	0.9999999999759696
1452	0.9999999999759696
1453	0.9999999999759696
1454	0.9999999999759696
1455	0.9999999999759696
1456	0.9999999999759696
1457	0.9999999999759696
1458	0.9999999999759696
1459	0.9999999999759696
1460	0.9999999999759696
1461	0.9999999999759696
1462	0.9999999999759696
1463	0.9999999999759696
1464	0.9999999999759696
1465	0.9999999999759696
1466	0.9999999999759696
1467	0.9999999999759696
1468	0.9999999999759696
1469	0.9999999999759696
1470	0.9999999999759696
1471	0.9999999999759696
1472	0.9999999999759696
1473	0.9999999999759696
1474	0.9999999999759696
1475	0.9999999999759696
1476	0.9999999999759696
1477	0.9999999999759696
1478	0.9999999999759696
1479	0.9999999999759696
1480	0.9999999999759696
1481	0.9999999999759696
1482	0.9999999999759696
1483	0.9999999999759696
1484	0.9999999999759696
1485	0.9999999999759696
1486	0.9999999999759696
1487	0.9999999999759696
1488	0.9999999999759696
1489	0.9999999999759696
1490	0.9999999999759696
1491	0.9999999999759696
1492	0.9999999999759696
1493	0.9999999999759696
1494	0.9999999999759696
1495	0.9999999999759696
1496	0.9999999999759696
1497	0.9999999999759696
1498	0.9999999999759696
1499	0.9999999999759696
1500	0.9999999999759696
1501	0.9999999999759696
1502	0.9999999999759696
1503	0.9999999999759696
1504	0.9999999999759696
1505	0.9999999999759696
1506	0.9999999999759696
1507	0.9999999999759696
1508	0.9999999999759696
1509	0.9999999999759696
1510	0.9999999999759696
1511	0.9999999999759696
1512	0.9999999999759696
1513	0.9999999999759696
1514	0.9999999999759696
1515	0.9999999999759696
1516	0.9999999999759696
1517	0.9999999999759696
1518	0.9999999999759696
1519	0.9999999999759696
1520	0.9999999999759696
1521	0.9999999999759696
1522	0.9999999999759696
1523	0.9999999999759696
1524	0.9999999999759696
1525	0.9999999999759696
1526	0.9999999999759696
1527	0.9999999999759696
1528	0.9999999999759696
1529	0.9999999999759696
1530	0.9999999999759696
1531	0.9999999999759696
1532	0.9999999999759696
1533	0.9999999999759696
1534	0.9999999999759696
1535	0.9999999999759696
1536	0.9999999999759696
1537	0.9999999999759696
1538	0.9999999999759696
1539	0.9999999999759696
1540	0.9999999999759696
1541	0.9999999999759696
1542	0.9999999999759696
1543	0.9999999999759696
1544	0.9999999999759696
1545	0.9999999999759696
1546	0.9999999999759696
1547	0.9999999999759696
1548	0.9999999999759696
1549	0.9999999999759696
1550	0.9999999999759696
1551	0.9999999999759696
1552	0.9999999999759696
1553	0.9999999999759696
1554	0.9999999999759696
1555	0.9999999999759696
1556	0.9999999999759696
1557	0.9999999999759696
1558	0.9999999999759696
1559	0.9999999999759696
1560	0.9999999999759696
1561	0.9999999999759696
1562	0.9999999999759696
1563	0.9999999999759696
1564	0.9999999999759696
1565	0.9999999999759696
1566	0.9999999999759696
1567	0.9999999999759696
1568	0.9999999999759696
1569	0.9999999999759696
1570	0.9999999999759696
1571	0.9999999999759696
1572	0.9999999999759696
1573	0.9999999999759696
1574	0.9999999999759696
1575	0.9999999999759696
1576	0.9999999999759696
1577	0.9999999999759696
1578	0.9999999999759696
1579	0.9999999999759696
1580	0.9999999999759696
1581	0.9999999999759696
1582	0.9999999999759696
1583	0.9999999999759696
1584	0.9999999999759696
1585	0.9999999999759696
1586	0.9999999999759696
1587	0.9999999999759696
1588	0.9999999999759696
1589	0.9999999999759696
1590	0.9999999999759696
1591	0.9999999999759696
1592	0.9999999999759696
1593	0.9999999999759696
1594	0.9999999999759696
1595	0.9999999999759696
1596	0.9999999999759696
1597	0.9999999999759696
1598	0.9999999999759696
1599	0.9999999999759696
1600	0.9999999999759696
1601	0.9999999999759696
1602	0.9999999999759696
1603	0.9999999999759696
1604	0.9999999999759696
1605	0.9999999999759696
1606	0.9999999999759696
1607	0.9999999999759696
1608	0.9999999999759696
1609	0.9999999999759696
1610	0.9999999999759696
1611	0.9999999999759696
1612	0.9999999999759696
1613	0.9999999999759696
1614	0.9999999999759696
1615	0.9999999999759696
1616	0.9999999999759696
1617	0.9999999999759696
1618	0.9999999999759696
1619	0.9999999999759696
1620	0.9999999999759696
1621	0.9999999999759696
1622	0.9999999999759696
1623	0.9999999999759696
1624	0.9999999999759696
1625	0.9999999999759696
1626	0.9999999999759696
1627	0.9999999999759696
1628	0.9999999999759696
1629	0.9999999999759696
1630	0.9999999999759696
1631	0.9999999999759696
1632	0.9999999999759696
1633	0.9999999999759696
1634	0.9999999999759696
1635	0.9999999999759696
1636	0.9999999999759696
1637	0.9999999999759696
1638	0.9999999999759696
1639	0.9999999999759696
1640	0.9999999999759696
1641	0.9999999999759696
1642	0.9999999999759696
1643	0.9999999999759696
1644	0.9999999999759696
1645	0.9999999999759696
1646	0.9999999999759696
1647	0.9999999999759696
1648	0.9999999999759696
1649	0.9999999999759696
1650	0.9999999999759696
1651	0.9999999999759696
1652	0.9999999999759696
1653	0.9999999999759696
1654	0.9999999999759696
1655	0.9999999999759696
1656	0.9999999999759696
1657	0.9999999999759696
1658	0.9999999999759696
1659	0.9999999999759696
1660	0.9999999999759696
1661	0.9999999999759696
1662	0.9999999999759696
1663	0.9999999999759696
1664	0.9999999999759696
1665	0.9999999999759696
1666	0.9999999999759696
1667	0.9999999999759696
1668	0.9999999999759696
1669	0.9999999999759696
1670	0.9999999999759696
1671	0.9999999999759696
1672	0.9999999999759696
1673	0.9999999999759696
1674	0.9999999999759696
1675	0.9999999999759696
1676	0.9999999999759696
1677	0.9999999999759696
1678	0.9999999999759696
1679	0.9999999999759696
1680	0.9999999999759696
1681	0.9999999999759696
1682	0.9999999999759696
1683	0.9999999999759696
1684	0.9999999999759696
1685	0.9999999999759696
1686	0.9999999999759696
1687	0.9999999999759696
1688	0.9999999999759696
1689	0.9999999999759696
1690	0.9999999999759696
1691	0.9999999999759696
1692	0.9999999999759696
1693	0.9999999999759696
1694	0.9999999999759696
1695	0.9999999999759696
1696	0.9999999999759696
1697	0.9999999999759696
1698	0.9999999999759696
1699	0.9999999999759696
1700	0.9999999999759696
1701	0.9999999999759696
1702	0.9999999999759696
1703	0.9999999999759696
1704	0.9999999999759696
1705	0.9999999999759696
1706	0.9999999999759696
1707	0.9999999999759696
1708	0.9999999999759696
1709	0.9999999999759696
1710	0.9999999999759696
1711	0.9999999999759696
1712	0.9999999999759696
1713	0.9999999999759696
1714	0.9999999999759696
1715	0.9999999999759696
1716	0.9999999999759696
1717	0.9999999999759696
1718	0.9999999999759696
1719	0.9999999999759696
1720	0.9999999999759696
1721	0.9999999999759696
1722	0.9999999999759696
1723	0.9999999999759696
1724	0.9999999999759696
1725	0.9999999999759696
1726	0.9999999999759696
1727	0.9999999999759696
1728	0.9999999999759696
1729	0.9999999999759696
1730	0.9999999999759696
1731	0.9999999999759696
1732	0.9999999999759696
1733	0.9999999999759696
1734	0.9999999999759696
1735	0.9999999999759696
1736	0.9999999999759696
1737	0.9999999999759696
1738	0.9999999999759696
1739	0.9999999999759696
1740	0.9999999999759696
1741	0.9999999999759696
1742	0.9999999999759696
1743	0.9999999999759696
1744	0.9999999999759696
1745	0.9999999999759696
1746	0.9999999999759696
1747	0.9999999999759696
1748	0.9999999999759696
1749	0.9999999999759696
1750	0.9999999999759696
1751	0.9999999999759696
1752	0.9999999999759696
1753	0.9999999999759696
1754	0.9999999999759696
1755	0.9999999999759696
1756	0.9999999999759696
1757	0.9999999999759696
1758	0.9999999999759696
1759	0.9999999999759696
1760	0.9999999999759696
1761	0.9999999999759696
1762	0.9999999999759696
1763	0.9999999999759696
1764	0.9999999999759696
1765	0.9999999999759696
1766	0.9999999999759696
1767	0.9999999999759696
1768	0.9999999999759696
1769	0.9999999999759696
1770	0.9999999999759696
1771	0.9999999999759696
1772	0.9999999999759696
1773	0.9999999999759696
1774	0.9999999999759696
1775	0.9999999999759696
1776	0.9999999999759696
1777	0.9999999999759696
1778	0.9999999999759696
1779	0.9999999999759696
1780	0.9999999999759696
1781	0.9999999999759696
1782	0.9999999999759696
1783	0.9999999999759696
1784	0.9999999999759696
1785	0.9999999999759696
1786	0.9999999999759696
1787	0.9999999999759696
1788	0.9999999999759696
1789	0.9999999999759696
1790	0.9999999999759696
1791	0.9999999999759696
1792	0.9999999999759696
1793	0.9999999999759696
1794	0.9999999999759696
1795	0.9999999999759696
1796	0.9999999999759696
1797	0.9999999999759696
1798	0.9999999999759696
1799	0.9999999999759696
1800	0.9999999999759696
1801	0.9999999999759696
1802	0.9999999999759696
1803	0.9999999999759696
1804	0.9999999999759696
1805	0.9999999999759696
1806	0.9999999999759696
1807	0.9999999999759696
1808	0.9999999999759696
1809	0.9999999999759696
1810	0.9999999999759696
1811	0.9999999999759696
1812	0.9999999999759696
1813	0.9999999999759696
1814	0.9999999999759696
1815	0.9999999999759696
1816	0.9999999999759696
1817	0.9999999999759696
1818	0.9999999999759696
1819	0.9999999999759696
1820	0.9999999999759696
1821	0.9999999999759696
1822	0.9999999999759696
1823	0.9999999999759696
1824	0.9999999999759696
1825	0.9999999999759696
1826	0.9999999999759696
1827	0.9999999999759696
1828	0.9999999999759696
1829	0.9999999999759696
1830	0.9999999999759696
1831	0.9999999999759696
1832	0.9999999999759696
1833	0.9999999999759696
1834	0.9999999999759696
1835	0.9999999999759696
1836	0.9999999999759696
1837	0.9999999999759696
1838	0.9999999999759696
1839	0.9999999999759696
1840	0.9999999999759696
1841	0.9999999999759696
1842	0.9999999999759696
1843	0.9999999999759696
1844	0.9999999999759696
1845	0.9999999999759696
1846	0.9999999999759696
1847	0.9999999999759696
1848	0.9999999999759696
1849	0.9999999999759696
1850	0.9999999999759696
1851	0.9999999999759696
1852	0.9999999999759696
1853	0.9999999999759696
1854	0.9999999999759696
1855	0.9999999999759696
1856	0.9999999999759696
1857	0.9999999999759696
1858	0.9999999999759696
1859	0.9999999999759696
1860	0.9999999999759696
1861	0.9999999999759696
1862	0.9999999999759696
1863	0.9999999999759696
1864	0.9999999999759696
1865	0.9999999999759696
1866	0.9999999999759696
1867	0.9999999999759694
1868	0.9999999999759694
1869	0.9999999999759693
1870	0.9999999999759692
1871	0.999999999975969
1872	0.9999999999759687
1873	0.9999999999759683
1874	0.9999999999759677
1875	0.9999999999759669
1876	0.9999999999759657
1877	0.999999999975964
1878	0.9999999999759616
1879	0.999999999975958
1880	0.9999999999759531
1881	0.9999999999759461
1882	0.9999999999759361
1883	0.999999999975922
1884	0.9999999999759022
1885	0.9999999999758742
1886	0.9999999999758349
1887	0.9999999999757798
1888	0.9999999999757027
1889	0.9999999999755949
1890	0.9999999999754446
1891	0.9999999999752355
1892	0.9999999999749452
1893	0.9999999999745428
1894	0.9999999999739863
1895	0.9999999999732181
1896	0.9999999999721598
1897	0.9999999999707051
1898	0.9999999999687093
1899	0.9999999999659767
1900	0.9999999999622426
1901	0.9999999999571508
1902	0.9999999999502214
1903	0.9999999999408103
1904	0.9999999999280549
1905	0.9999999999108019
1906	0.9999999998875129
1907	0.9999999998561404
1908	0.9999999998139649
1909	0.9999999997573826
1910	0.9999999996816276
1911	0.999999999580411
1912	0.9999999994454529
1913	0.9999999992658754
1914	0.9999999990274178
1915	0.9999999987114272
1916	0.999999998293558
1917	0.9999999977421054
1918	0.9999999970158707
1919	0.9999999960614381
1920	0.9999999948097038
1921	0.9999999931714686
1922	0.9999999910318491
1923	0.9999999882432132
1924	0.9999999846162685
1925	0.9999999799088511
1926	0.9999999738118545
1927	0.9999999659316131
1928	0.999999955767905
1929	0.9999999426865485
1930	0.9999999258853557
1931	0.9999999043519372
1932	0.9999998768115416
1933	0.9999998416627425
1934	0.9999997968983483
1935	0.9999997400083892
1936	0.9999996678614359
1937	0.9999995765597901
1938	0.9999994612632646
1939	0.9999993159753139
1940	0.9999991332841691
1941	0.999998904050361
1942	0.9999986170305587
1943	0.9999982584259939
1944	0.9999978113418538
1945	0.9999972551419071
1946	0.9999965646802325
1947	0.999995709389261
1948	0.9999946522003726
1949	0.9999933482700212
1950	0.9999917434807694
1951	0.9999897726827038
1952	0.9999873576364652
1953	0.9999844046145836
1954	0.9999808016129765
1955	0.9999764151193652
1956	0.9999710863800569
1957	0.9999646271010699
1958	0.9999568145140247
1959	0.9999473857316944
1960	0.9999360313127008
1961	0.9999223879497142
1962	0.9999060301908164
1963	0.9998864610996197
1964	0.9998631017565008
1965	0.9998352795011606
1966	0.9998022148159207
1967	0.9997630067500041
1968	0.9997166167878326
1969	0.9996618510694443
1970	0.999597340878813
1971	0.9995215213265162
1972	0.9994326081671596
1973	0.9993285727095962
1974	0.9992071147995641
1975	0.9990656338802134
1976	0.998901198166318
1977	0.9987105120029688
1978	0.9984898815193028
1979	0.9982351787323597
1980	0.9979418043053754
1981	0.9976046492184895
1982	0.997218055667613
1983	0.9967757775685515
1984	0.9962709411077337
1985	0.9956960058472075
1986	0.9950427269588972
1987	0.9943021192302658
1988	0.9934644235490967
1989	0.992519076637539
1990	0.9914546848631505
1991	0.9902590030055521
1992	0.9889189188995362
1993	0.9874204449070175
1994	0.9857487171890223
1995	0.9838880037529286
1996	0.9818217222374482
1997	0.979532468366518
1998	0.97700205595171
1999	0.9742115692495895
2000	0.9711414283845792
2001	0.9677714684286549
2002	0.9640810325863965
2003	0.960049079767817
2004	0.9556543066428714
2005	0.95087528406204
2006	0.9456906074989646
2007	0.940079060926532
2008	0.9340197932803721
2009	0.9274925063974592
2010	0.9204776530469103
2011	0.9129566434002199
2012	0.9049120580245412
2013	0.8963278652310611
2014	0.887189640377028
2015	0.8774847845107345
2016	0.8672027395697582
2017	0.8563351971998768
2018	0.8448762981607425
2019	0.832822819229526
2020	0.8201743445095145
2021	0.8069334181003959
2022	0.7931056751929969
2023	0.7786999488147783
2024	0.7637283496733667
2025	0.7482063168225243
2026	0.7321526372055416
2027	0.7155894325111024
2028	0.6985421122008981
2029	0.6810392920301277
2030	0.6631126778738393
2031	0.6447969151851793
2032	0.6261294049365702
2033	0.6071500874215379
2034	0.5879011958129249
2035	0.5684269818719675
2036	0.5487734166717341
2037	0.5289878696276814
2038	0.5091187695081706
2039	0.489215251420218
2040	0.469326794023179
2041	0.44950285140944857
2042	0.42979248420211463
2043	0.4102439944519341
2044	0.3909045688688874
2045	0.37181993479752856
2046	0.35303403314278203
2047	0.33458871217785147
2048	0.3165234458242175
2049	0.2988750795924923
2050	0.2816776069206412
2051	0.26496197815229305
2052	0.24875594387290087
2053	0.23308393377626932
2054	0.2179669716796138
2055	0.2034226267530203
2056	0.18946500048981807
2057	0.1761047484282926
2058	0.16334913515190483
2059	0.15120212065328498
2060	0.1396644757540973
2061	0.12873392393445182
2062	0.11840530664646923
2063	0.10867076896998265
2064	0.09951996231577646
2065	0.09094026079331091
2066	0.08291698783423618
2067	0.0754336496974989
2068	0.06847217257263231
2069	0.06201314014000022
2070	0.05603602863456547
2071	0.05051943668673833
2072	0.04544130747310677
2073	0.0407791409941633
2074	0.036510194598238385
2075	0.0326116701835473
2076	0.029060886826643952
2077	0.025835437899160228
2078	0.022913332039550312
2079	0.020273117637369168
2080	0.017893990759835207
2081	0.01575588670029033
2082	0.01383955555271704
2083	0.01212662241356188
2084	0.010599632980402106
2085	0.009242085455893018
2086	0.008038449775063768
2087	0.006974175255139912
2088	0.006035687820965635
2089	0.005210377987546988
2090	0.004486580786386403
2091	0.0038535488065567637
2092	0.0033014194874953417
2093	0.0028211777510161154
2094	0.0024046149978069705
2095	0.0020442854214176745
2096	0.0017334605130757189
2097	0.001466082546055163
2098	0.0012367177410390977
2099	0.0010405097260022013
2100	0.0008731338173917696
2101	0.0007307525653390074
2102	0.0006099729255596919
2103	0.0005078053455177555
2104	0.00042162498309143026
2105	0.0003491352129309773
2106	0.00028833351924806625
2107	0.0002374798240574888
2108	0.00019506725686400397
2109	0.00015979533527207232
2110	0.00013054549570022629
2111	0.00010635888892049101
2112	8.641633606511198e-05
2113	7.00203265506104e-05
2114	5.65789295393213e-05
2115	4.559148455805457e-05
2116	3.663593419444406e-05
2117	2.935766188295352e-05
2118	2.34597001899633e-05
2119	1.869417926011573e-05
2120	1.4854890782147826e-05
2121	1.1770849601693965e-05
2122	9.300742624281004e-06
2123	7.328162630691173e-06
2124	5.757532828105287e-06
2125	4.510636183344426e-06
2126	3.52367166608069e-06
2127	2.7447673414519746e-06
2128	2.1318876953324492e-06
2129	1.6510795810425733e-06
2130	1.2750076965517929e-06
2131	9.817365092502708e-07
2132	7.537210307695763e-07
2133	5.769738102140896e-07
2134	4.4037997423790777e-07
2135	3.3513611844855945e-07
2136	2.5429237426261284e-07
2137	1.9238007013326345e-07
2138	1.4511010989334183e-07
2139	1.091295386880426e-07
2140	8.182579343190869e-08
2141	6.11698738549054e-08
2142	4.559115444536387e-08
2143	3.3877817459260124e-08
2144	2.5097950928015125e-08
2145	1.8537249156540367e-08
2146	1.3650000007101886e-08
2147	1.0020664329125653e-08
2148	7.333866882890685e-09
2149	5.351041445706112e-09
2150	3.892319829679702e-09
2151	2.822537713683434e-09
2152	2.040460195360076e-09
2153	1.4705159414759147e-09
2154	1.056478513988045e-09
2155	7.566534173241086e-10
2156	5.402251335447008e-10
2157	3.8449445570231897e-10
2158	2.727965812477584e-10
2159	1.929378050731713e-10
2160	1.3602581039024747e-10
2161	9.559757680598215e-11
2162	6.697149603189826e-11
2163	4.676776731553621e-11
2164	3.255462859001376e-11
2165	2.2588336989059114e-11
2166	1.5622736070469716e-11
2167	1.0770284118768157e-11
2168	7.400998840714918e-12
2169	5.069235788385518e-12
2170	3.4608237218151146e-12
2171	2.355033713385512e-12
2172	1.597317521577664e-12
2173	1.0798356354000472e-12
2174	7.275990183802175e-13
2175	4.886415126933307e-13
2176	3.2707560902927914e-13
2177	2.1820325175510414e-13
2178	1.4508590906865908e-13
2179	9.614703263397005e-14
2180	6.350220752204063e-14
2181	4.180032719159811e-14
2182	2.7422312223959326e-14
2183	1.79290625331111e-14
2184	1.1682499722056762e-14
2185	7.586373258974595e-15
2186	4.909625702634372e-15
2187	3.1664585474893295e-15
2188	2.0351946305301005e-15
2189	1.3035877031359897e-15
2190	8.320935404975278e-16
2191	5.292940751316601e-16
2192	3.355137114509824e-16
2193	2.1193721295208098e-16
2194	1.334084043946953e-16
2195	8.368227524624778e-17
2196	5.230622228895589e-17
2197	3.2579022925536533e-17
2198	2.022007638350362e-17
2199	1.2504972711869984e-17
2200	7.70607230954744e-18
2201	4.731827595119422e-18
2202	2.895111828509002e-18
2203	1.76497045787742e-18
2204	1.0721122062194104e-18
2205	6.488865180452438e-19
2206	3.9130729811947176e-19
2207	2.3511632052046817e-19
2208	1.4075315899992465e-19
2209	8.395352812819799e-20
2210	4.989074964859749e-20
2211	2.9539027977187125e-20
2212	1.7424577120175878e-20
2213	1.0240305654299333e-20
2214	5.99574196666544e-21
2215	3.497413416869749e-21
2216	2.032449102903801e-21
2217	1.1766726692326157e-21
2218	6.786557131343983e-22
2219	3.899381687984192e-22
2220	2.2319727284270407e-22
2221	1.2726922012535756e-22
2222	7.229257144914616e-23
2223	4.0906671558660623e-23
2224	2.3057867919410316e-23
2225	1.2946816579705407e-23
2226	7.241357044749832e-24
2227	4.034449455004567e-24
2228	2.238979618608658e-24
2229	1.2376894742058413e-24
2230	6.814956081053592e-25
2231	3.7376471555778656e-25
2232	2.0417917315280649e-25
2233	1.1109549949178987e-25
2234	6.020704547469339e-26
2235	3.249809366380731e-26
2236	1.747117155809912e-26
2237	9.354779359856177e-27
2238	4.988686446810327e-27
2239	2.6495597697272026e-27
2240	1.401489198246917e-27
2241	7.3829160526980976e-28
2242	3.873306099854266e-28
2243	2.0236944808585275e-28
2244	1.0529573671816806e-28
2245	5.455979951453445e-29
2246	2.815297254302981e-29
2247	1.4466337209865276e-29
2248	7.40233985523523e-30
2249	3.7718011218364694e-30
2250	1.9137757440567538e-30
2251	9.669163756074777e-31
2252	4.8644691483045545e-31
2253	2.4368211965369083e-31
2254	1.2154762999444344e-31
2255	6.036661722785335e-32
2256	2.9851594473895835e-32
2257	1.4697766799347864e-32
2258	7.205116649651473e-33
2259	3.516650307736755e-33
2260	1.7088677617681862e-33
2261	8.26744608597307e-34
2262	3.9820838968997614e-34
2263	1.909492576726844e-34
2264	9.115624536324766e-35
2265	4.332195592591642e-35
2266	2.0496281601805497e-35
2267	9.653385611683412e-36
2268	4.525992945692484e-36
2269	2.1123688561301772e-36
2270	9.813846441996211e-37
2271	4.538520118994591e-37
2272	2.08923162253407e-37
2273	9.57299823496715e-38
2274	4.366064033148358e-38
2275	1.982004128986818e-38
2276	8.955356210954102e-39
2277	4.027323169561288e-39
2278	1.8025892394299644e-39
2279	8.029990685881262e-40
2280	3.5601024832165593e-40
2281	1.5708339815498196e-40
2282	6.897781961844627e-41
2283	3.0143314145423165e-41
2284	1.3108886200056419e-41
2285	5.67315504267584e-42
2286	2.4431959626341157e-42
2287	1.0470257910794827e-42
2288	4.464907192907933e-43
2289	1.8945842966260803e-43
2290	7.999304761861046e-44
2291	3.3606063680768937e-44
2292	1.4047541699362333e-44
2293	5.842387908590858e-45
2294	2.4175631159802656e-45
2295	9.952966188085277e-46
2296	4.0766583379422554e-46
2297	1.6612036783762765e-46
2298	6.734383411472157e-47
2299	2.715930665864337e-47
2300	1.0896193335806135e-47
2301	4.348660403642379e-48
2302	1.726433847822027e-48
2303	6.81784649018806e-49
2304	2.678158564200758e-49
2305	1.0464199159659045e-49
2306	4.0667276265756285e-50
2307	1.5719624768116408e-50
2308	6.043461600814684e-51
2309	2.3108100377005057e-51
2310	8.787510809960798e-52
2311	3.3233706991923267e-52
2312	1.2499452821653576e-52
2313	4.6750946065624155e-53
2314	1.738860530517757e-53
2315	6.431342891493553e-54
2316	2.365313121308605e-54
2317	8.649938785147495e-55
2318	3.145299905864284e-55
2319	1.1371632145347875e-55
2320	4.0877298908327205e-56
2321	1.4609219584304239e-56
2322	5.190915070117286e-57
2323	1.833662498812868e-57
2324	6.439316865972128e-58
2325	2.2479740236135106e-58
2326	7.801172961001095e-59
2327	2.691110424571977e-59
2328	9.227665170459187e-60
2329	3.145041435939417e-60
2330	1.0654192015080905e-60
2331	3.587232026247437e-61
2332	1.2004062265478335e-61
2333	3.992194361490224e-62
2334	1.3194545740047376e-62
2335	4.333721667427714e-63
2336	1.4144763286032052e-63
2337	4.587568339670412e-64
2338	1.4784461399904877e-64
2339	4.734218208004855e-65
2340	1.5062405685450546e-65
2341	4.761316066354269e-66
2342	1.4953035762314647e-66
2343	4.665350680372462e-67
2344	1.4460204420979804e-67
2345	4.452277454405143e-68
2346	1.3617264226209735e-68
2347	4.136941119313952e-69
2348	1.2483385617481037e-69
2349	3.741368663848802e-70
2350	1.1136659708801573e-70
2351	3.2922039178770746e-71
2352	9.665105278816456e-72
2353	2.8177017757521623e-72
2354	8.157033831780771e-73
2355	2.3447592528523377e-73
2356	6.692258215259412e-74
2357	1.8964218685803576e-74
2358	5.335365349688726e-75
2359	1.4901813824077762e-75
2360	4.131791316904335e-76
2361	1.1372085328812485e-76
2362	3.1068638577135025e-77
2363	8.424852285782407e-78
2364	2.2674492518630366e-78
2365	6.056545455940835e-79
2366	1.6054658982431708e-79
2367	4.223204515830751e-80
2368	1.1023612389253906e-80
2369	2.8551047800967285e-81
2370	7.336883012594284e-82
2371	1.8705413444672958e-82
2372	4.7311156176603754e-83
2373	1.1870644538852053e-83
2374	2.954425733286192e-84
2375	7.29345019438653e-85
2376	1.785775388677721e-85
2377	4.336374415359056e-86
2378	1.0442504062136282e-86
2379	2.4936288937510024e-87
2380	5.904446020774398e-88
2381	1.3861717741533344e-88
2382	3.226379149607845e-89
2383	7.444638220350579e-90
2384	1.702826902376937e-90
2385	3.8606857128681055e-91
2386	8.675474058698106e-92
2387	1.9320751800133184e-92
2388	4.264061944498821e-93
2389	9.325190469145636e-94
2390	2.0206545552705689e-94
2391	4.338018527424107e-95
2392	9.226136173295417e-96
2393	1.9437524343519775e-96
2394	4.056182576369125e-97
2395	8.383234573798132e-98
2396	1.7158713565179236e-98
2397	3.477742942759643e-99
2398	6.97926650626041e-100
2399	1.3866943869129117e-100
2400	2.727524856551672e-101
2401	5.310447791016539e-102
2402	1.023351106894704e-102
2403	1.9516638712966982e-103
2404	3.6832148807804383e-104
2405	6.877722740804829e-105
2406	1.2706056376284756e-105
2407	2.322080825997971e-106
2408	4.1975437663527305e-107
2409	7.504371451927447e-108
2410	1.3267324337489113e-108
2411	2.319262546866054e-109
2412	4.0083022951730685e-110
2413	6.847944492686754e-111
2414	1.1563603205785695e-111
2415	1.9297541913830935e-112
2416	3.182203891404057e-113
2417	5.1845510445109634e-114
2418	8.344300861809441e-115
2419	1.3264821651150644e-115
2420	2.082480781110044e-116
2421	3.228215929519893e-117
2422	4.940584516994822e-118
2423	7.463778439328473e-119
2424	1.1128393258827689e-119
2425	1.6372926549433427e-120
2426	2.3766495618351297e-121
2427	3.403077323154478e-122
2428	4.805815121940138e-123
2429	6.692208028596971e-124
2430	9.187454715709127e-125
2431	1.2432495042012907e-125
2432	1.6579449308023122e-126
2433	2.1784091964746003e-127
2434	2.819502629421151e-128
2435	3.5939541320322325e-129
2436	4.510657876880723e-130
2437	5.572779168939761e-131
2438	6.7758281795905e-132
2439	8.105917236405356e-133
2440	9.538459503848701e-134
2441	1.1037581905318594e-134
2442	1.255650193652678e-135
2443	1.4039049536607938e-136
2444	1.5422401123619001e-137
2445	1.6640941780753994e-138
2446	1.7631001286417203e-139
2447	1.8336046000255556e-140
2448	1.8711781537088206e-141
2449	1.8730559341615355e-142
2450	1.838450465264843e-143
2451	1.768690129807972e-144
2452	1.667157044988837e-145
2453	1.5390238616351511e-146
2454	1.3908163876200927e-147
2455	1.2298531629179312e-148
2456	1.0636298348987812e-149
2457	8.99222333684766e-151
2458	7.4277736406870554e-152
2459	5.991428109116312e-153
2460	4.716675004984405e-154
2461	3.6217384938061356e-155
2462	2.710830115521198e-156
2463	1.9765418961393413e-157
2464	1.4029023879776577e-158
2465	9.686107858707214e-160
2466	6.500344741220903e-161
2467	4.2367624080882174e-162
2468	2.6795796524208198e-163
2469	1.64299086442617e-164
2470	9.756976941021484e-166
2471	5.606024173136835e-167
2472	3.112945037955477e-168
2473	1.6685840529068388e-169
2474	8.62244895718847e-171
2475	4.28966121139276e-172
2476	2.051550964112563e-173
2477	9.417013922436202e-175
2478	4.141532957705846e-176
2479	1.7418243106401946e-177
2480	6.99108719413061e-179
2481	2.6717534647411828e-180
2482	9.697779356246595e-182
2483	3.3340171509015035e-183
2484	1.082282272661652e-184
2485	3.305865262911813e-186
2486	9.464592417786776e-188
2487	2.5284618542385565e-189
2488	6.270861622066027e-191
2489	1.4352811681077675e-192
2490	3.010643402275212e-194
2491	5.739712601973641e-196
2492	9.846110979579713e-198
2493	1.5010255477048361e-199
2494	2.0018007791806326e-201
2495	2.2877483592598463e-203
2496	2.1782909260664767e-205
2497	1.6588802451837764e-207
2498	9.472771180309915e-210
2499	3.605366782719619e-212
2500	6.859517628082023e-215
