k	pvalue
0	0.9999999995276867
1	0.9841975423400251
2	0.9649049494766919
3	0.9390313863588301
4	0.9072706061963179
5	0.870332797753345
6	0.8289616232354721
7	0.7841405871614774
8	0.7368145307450042
9	0.6879123835217822
10	0.638319810294873
11	0.5888016338179483
12	0.5400679154421543
13	0.49269489443116987
14	0.4471549494711745
15	0.40382408625873695
16	0.3629687465761913
17	0.32477489945059174
18	0.28934361277327453
19	0.2567098677224531
20	0.226852550013401
21	0.19970426704167452
22	0.17516218361746866
23	0.15309644133488337
24	0.1333585950147813
25	0.11578801327813726
26	0.10021780501003476
27	0.08647988076230871
28	0.07440812558980357
29	0.06384181690234526
30	0.05462750829837823
31	0.04662065277479229
32	0.03968657637002322
33	0.03370099029806953
34	0.02855020509671266
35	0.0241309989596501
36	0.020350320458746365
37	0.0171248217191607
38	0.014380275257388962
39	0.012050939739141104
40	0.010078878105836781
41	0.008413270965732815
42	0.0070097371379452
43	0.005829677022666683
44	0.004839650002555785
45	0.004010790747094931
46	0.0033182697177420186
47	0.0027407993012948818
48	0.0022601858303006954
49	0.0018609263764162891
50	0.0015298486576760635
51	0.0012557912273338857
52	0.0010293213352925296
53	0.0008424872695271179
54	0.0006886020443611419
55	0.0005620553500947362
56	0.00045815077572651357
57	0.0003729654547117164
58	0.00030322951379634387
59	0.0002462228941075953
60	0.0001996873320912669
61	0.0001617515158884007
62	0.00013086763216957434
63	0.00010575772601966425
64	8.536847869509341e-05
65	6.883318231621429e-05
66	5.5439845654711434e-05
67	4.460450632219496e-05
68	3.584895084051095e-05
69	2.878215563454788e-05
70	2.308486041665762e-05
71	1.849677146654892e-05
72	1.4805967573765524e-05
73	1.1840146184459337e-05
74	9.459403528105747e-06
75	7.550290550895073e-06
76	6.020927700466253e-06
77	4.796996696825274e-06
78	3.818457224435642e-06
79	3.0368616980274022e-06
80	2.413162546586813e-06
81	1.9159243631675665e-06
82	1.5198682931994793e-06
83	1.2046886051912718e-06
84	9.54091881789901e-07
85	7.550180068599771e-07
86	5.970093831696898e-07
87	4.7170083218936964e-07
88	3.724076055635571e-07
89	2.937930460098076e-07
90	2.3160082090469465e-07
91	1.8243943548300852e-07
92	1.4360901756100653e-07
93	1.1296223804224359e-07
94	8.879276292419015e-08
95	6.974588329853247e-08
96	5.4746989571653914e-08
97	4.2944386312782044e-08
98	3.366361893425572e-08
99	2.6371031133759398e-08
100	2.064471595594337e-08
101	1.615138265088945e-08
102	1.2627951941841393e-08
103	9.86692676973404e-09
104	7.704774601118675e-09
105	6.012709586152892e-09
106	4.689385256889937e-09
107	3.6551067791130175e-09
108	2.8472506596927956e-09
109	2.216643034876524e-09
110	1.7246982779260167e-09
111	1.3411601380555523e-09
112	1.0423199538517342e-09
113	8.09612284185807e-10
114	6.285088666624444e-10
115	4.876481927966778e-10
116	3.78151020314215e-10
117	2.9308250064184424e-10
118	2.270298245206847e-10
119	1.757708138818296e-10
120	1.3601406021507223e-10
121	1.0519530555612597e-10
122	8.131800302608778e-11
123	6.282855587588687e-11
124	4.8518757682992366e-11
125	3.744955349936232e-11
126	2.889150123253687e-11
127	2.227830494745966e-11
128	1.7170573121042905e-11
129	1.3227569573625984e-11
130	1.0185208016112466e-11
131	7.838920724049568e-12
132	6.030329788521542e-12
133	4.6368830842194175e-12
134	3.5638002599273386e-12
135	2.737817518010499e-12
136	2.102332234967961e-12
137	1.6136362989817438e-12
138	1.23799568495196e-12
139	9.493874052246559e-13
140	7.277468268870326e-13
141	5.576109943541786e-13
142	4.2706904705755794e-13
143	3.2695065019371936e-13
144	2.501987942993606e-13
145	1.913853315567541e-13
146	1.463369576520552e-13
147	1.1184660734434224e-13
148	8.545087016637986e-14
149	6.525840929250854e-14
150	4.9817761913828566e-14
151	3.8015531969727483e-14
152	2.8998026011226644e-14
153	2.2110962820827843e-14
154	1.6853110271763245e-14
155	1.284064892596608e-14
156	9.779793322492463e-15
157	7.445767158626023e-15
158	5.666665148007603e-15
159	4.31107136623895e-15
160	3.278563932096015e-15
161	2.492436405835434e-15
162	1.89412085311949e-15
163	1.4389166005210903e-15
164	1.0927203995633685e-15
165	8.295242847199503e-16
166	6.295016962980751e-16
167	4.775441787111597e-16
168	3.6214304253532647e-16
169	2.745350197720421e-16
170	2.0804986122446847e-16
171	1.5761234464922628e-16
172	1.1936230043254423e-16
173	9.036480168573987e-17
174	6.838921088923714e-17
175	5.174078930477817e-17
176	3.9132414816706644e-17
177	2.9586892558550146e-17
178	2.2362590977352612e-17
179	1.689685534759593e-17
180	1.2762965049953402e-17
181	9.637405180780921e-18
182	7.274990080139363e-18
183	5.489961956807561e-18
184	4.141634681041206e-18
185	3.123493722478825e-18
186	2.3549231627877726e-18
187	1.7749288554945363e-18
188	1.3373777758125667e-18
189	1.0073885866068451e-18
190	7.585959871859424e-19
191	5.710780334118792e-19
192	4.2978630005610947e-19
193	3.2335729831139926e-19
194	2.432128600009775e-19
195	1.8287946379576573e-19
196	1.3747339053452343e-19
197	1.0331143639045636e-19
198	7.761666014592936e-20
199	5.82960370675335e-20
200	4.377250198138366e-20
201	3.28581179527295e-20
202	2.465833123750444e-20
203	1.8499716218462193e-20
204	1.3875464506038117e-20
205	1.0404273524362401e-20
206	7.799350457575664e-21
207	5.8450499166049505e-21
208	4.379270694330951e-21
209	3.280195970131138e-21
210	2.456308280113873e-21
211	1.8388727482050512e-21
212	1.3762801253141634e-21
213	1.0297907452915857e-21
214	7.703334131126033e-22
215	5.760984487453746e-22
216	4.307283941390307e-22
217	3.2195837355528816e-22
218	2.4059465154978605e-22
219	1.797474846242596e-22
220	1.3425512253995424e-22
221	1.0025145291605415e-22
222	7.484155832140013e-23
223	5.585831972475071e-23
224	4.167987146582094e-23
225	3.109273203829307e-23
226	2.3189209976509134e-23
227	1.7290522560415877e-23
228	1.2889198635735744e-23
229	9.605940146371876e-24
230	7.157321440669084e-24
231	5.331609995156787e-24
232	3.970671367500609e-24
233	2.956430970435906e-24
234	2.2007477883314014e-24
235	1.6378421208445252e-24
236	1.218634649078543e-24
237	9.065154746109033e-25
238	6.741827246182513e-25
239	5.012809435697452e-25
240	3.7263738397923093e-25
241	2.7694515516883555e-25
242	2.057802592287595e-25
243	1.5286804000545514e-25
244	1.1353589580839878e-25
245	8.430506029576288e-26
246	6.258618834918031e-26
247	4.6452406005256224e-26
248	3.447015327276516e-26
249	2.5573133298047887e-26
250	1.8968405637440818e-26
251	1.406644331074892e-26
252	1.0429050770502597e-26
253	7.730590921250594e-27
254	5.729126983060712e-27
255	4.2449488495602175e-27
256	3.1445980472771846e-27
257	2.3289860630229425e-27
258	1.7245592120131284e-27
259	1.2767304006273481e-27
260	9.449972649025347e-28
261	6.9931453712113515e-28
262	5.17399018774384e-28
263	3.8272785226019014e-28
264	2.83052072360676e-28
265	2.0929304148025826e-28
266	1.5472332603601797e-28
267	1.1435883418631689e-28
268	8.450782728542244e-29
269	6.243639312629201e-29
270	4.6120360269961396e-29
271	3.406135710202341e-29
272	2.5150459841237335e-29
273	1.8567139044794266e-29
274	1.370438261553451e-29
275	1.0113226451775674e-29
276	7.461671101104698e-30
277	5.5042598135483406e-30
278	4.059556016939218e-30
279	2.9934725177333532e-30
280	2.206934617749499e-30
281	1.6267523465196093e-30
282	1.1988684341316043e-30
283	8.833647007802392e-31
284	6.507696766391322e-31
285	4.793289340340523e-31
286	3.529875331498082e-31
287	2.5989910638282607e-31
288	1.9132433500250537e-31
289	1.4081728066798914e-31
290	1.0362446797921536e-31
291	7.624117773178413e-32
292	5.608388643266661e-32
293	4.12484967539198e-32
294	3.0331924465369727e-32
295	2.2300464746181467e-32
296	1.6392691315574415e-32
297	1.2047842881857366e-32
298	8.853017094290144e-33
299	6.504240145911348e-33
300	4.7777714551050944e-33
301	3.5089565740878496e-33
302	2.576645735855487e-33
303	1.8917154024979777e-33
304	1.3886139772292055e-33
305	1.0191360861985139e-33
306	7.478388287731919e-34
307	5.486675709451178e-34
308	4.024725715321696e-34
309	2.951815869578168e-34
310	2.1645542591004977e-34
311	1.5869899919160038e-34
312	1.1633399802741308e-34
313	8.526408362754494e-35
314	6.248170421448135e-35
315	4.577908605313279e-35
316	3.353583564243326e-35
317	2.4562872700852026e-35
318	1.79877746677489e-35
319	1.3170559345005696e-35
320	9.641836052354292e-36
321	7.057392114038395e-36
322	5.1648531020134867e-36
323	3.779211152344589e-36
324	2.7648656553418263e-36
325	2.02244554126955e-36
326	1.479141752024495e-36
327	1.0816161019100602e-36
328	7.908008143573278e-37
329	5.780852850365903e-37
330	4.225205043868235e-37
331	3.0876989919185087e-37
332	2.256075534728033e-37
333	1.6481777611471611e-37
334	1.2038889177186331e-37
335	8.792268727307609e-38
336	6.420189929993615e-38
337	4.6873501710817725e-38
338	3.421682705801597e-38
339	2.497382676451856e-38
340	1.8224838523186222e-38
341	1.3297675348173037e-38
342	9.701109621048942e-39
343	7.076213918177364e-39
344	5.160770590350128e-39
345	3.76324433485951e-39
346	2.7437512940625307e-39
347	2.0001461550768975e-39
348	1.4578524900164878e-39
349	1.0624304113339776e-39
350	7.741456174566212e-40
351	5.640015213878859e-40
352	4.10840770300359e-40
353	2.9922827545515e-40
354	2.179052785076135e-40
355	1.5866059824766643e-40
356	1.1550660746953962e-40
357	8.407776537573348e-41
358	6.119166487173252e-41
359	4.4528733183163683e-41
360	3.2398548617098084e-41
361	2.356937669970356e-41
362	1.7143841704452305e-41
363	1.2468261042874833e-41
364	9.066538104979327e-42
365	6.591968751240374e-42
366	4.792112544877767e-42
367	3.483190873681226e-42
368	2.5314310814034557e-42
369	1.8394741331250112e-42
370	1.3364729605806192e-42
371	9.708804437767124e-43
372	7.0519720923474005e-43
373	5.1214724419058106e-43
374	3.71893584543301e-43
375	2.700115179964338e-43
376	1.9601342505734422e-43
377	1.4227527438970007e-43
378	1.032555245058552e-43
379	7.492686738270163e-44
380	5.436287650820682e-44
381	3.9437376482291196e-44
382	2.8605826382743743e-44
383	2.0746365895205307e-44
384	1.5044258173945847e-44
385	1.090789349279889e-44
386	7.907742548569204e-45
387	5.731995368486822e-45
388	4.154329790544467e-45
389	3.010496257194158e-45
390	2.181309784847151e-45
391	1.5802976287150936e-45
392	1.1447294720073708e-45
393	8.291047893634052e-46
394	6.004249290431976e-46
395	4.34761307356742e-46
396	3.147647438783385e-46
397	2.2785808798522837e-46
398	1.6492486257555813e-46
399	1.193579282586547e-46
400	8.636942233764046e-47
401	6.249028447398733e-47
402	4.52073316273557e-47
403	3.270011428605029e-47
404	2.3650146338289876e-47
405	1.710262201946606e-47
406	1.2366192541268734e-47
407	8.940336990485677e-48
408	6.462737087025122e-48
409	4.671151339821646e-48
410	3.3757973849725896e-48
411	2.439348919223884e-48
412	1.762449694939527e-48
413	1.2732242995785334e-48
414	9.196839827855481e-49
415	6.642292154093673e-49
416	4.7967060056283836e-49
417	3.463491564217507e-49
418	2.50052500537636e-49
419	1.805071594045629e-49
420	1.3028786017354463e-49
421	9.402858198744082e-50
422	6.78519547274006e-50
423	4.89566291259851e-50
424	3.531892214919018e-50
425	2.5477117509801904e-50
426	1.837554278261747e-50
427	1.3251871678872547e-50
428	9.555678916562681e-51
429	6.889588400052849e-51
430	4.966752595798383e-51
431	3.580135132730668e-51
432	2.5803229900526208e-51
433	1.859501798760269e-51
434	1.339883780076378e-51
435	9.653521535550247e-52
436	6.954287465340191e-52
437	5.009194012564184e-52
438	3.607709221120186e-52
439	2.5980276819056418e-52
440	1.87070242683591e-52
441	1.346835161887403e-52
442	9.695564407506766e-53
443	6.978800293118367e-53
444	5.022703966810268e-53
445	3.6144618112269917e-53
446	2.600752689404118e-53
447	1.8711298996938003e-53
448	1.3460413346470125e-53
449	9.681943373981344e-54
450	6.963321890609894e-54
451	5.0074924549388066e-54
452	3.6005938956323233e-54
453	2.5886783370161637e-54
454	1.860939501678678e-54
455	1.3376322823874806e-54
456	9.613724097354336e-55
457	6.908712124487848e-55
458	4.9642445996563046e-55
459	3.5666458071166636e-55
460	2.5622271673395625e-55
461	1.840459308050998e-55
462	1.3218611791915968e-55
463	9.492849984431626e-56
464	6.816455883267618e-56
465	4.894090312227001e-56
466	3.5134742078971437e-56
467	2.5220465503204414e-56
468	1.810177084085856e-56
469	1.2990945489116172e-56
470	9.322068472515067e-57
471	6.688607993563533e-57
472	4.798563223620996e-57
473	3.442221534103564e-57
474	2.468985994065227e-57
475	1.7707234677568704e-57
476	1.2697998213683874e-57
477	9.104839100371203e-58
478	6.527725409815364e-58
479	4.679550736605866e-58
480	3.354279254826137e-58
481	2.4040701535314155e-58
482	1.7228521652146198e-58
483	1.2345308180680287e-58
484	8.84522725564298e-59
485	6.336789515177584e-59
486	4.539237265611146e-59
487	3.2512464494249273e-59
488	2.328468629897972e-59
489	1.6674179524144064e-59
490	1.1939117428080005e-59
491	8.547787767360166e-60
492	6.119121550882848e-60
493	4.380042846251538e-60
494	3.1348852793978893e-60
495	2.2434636983642753e-60
496	1.605353303364135e-60
497	1.1486202683197306e-60
498	8.21744259903549e-61
499	5.87829423483405e-61
500	4.204559314070928e-61
501	3.0070749341552763e-61
502	2.1504170974424444e-61
503	1.5376444572067742e-61
504	1.0993703006848287e-61
505	7.859356805508039e-62
506	5.6180425463113444e-62
507	4.015486179390286e-62
508	2.8697655690301028e-62
509	2.050736962748557e-62
510	1.465307695991219e-62
511	1.0468949711626953e-62
512	7.478816664236718e-63
513	5.342176456919848e-63
514	3.8155681729699406e-63
515	2.7249336369430465e-63
516	1.9458458989822486e-63
517	1.3893665370891676e-63
518	9.919303536841726e-64
519	7.081113504387434e-64
520	5.0544980969360284e-64
521	3.607536219329456e-64
522	2.5745398524797013e-64
523	1.8371510626713336e-64
524	1.3108304542652805e-64
525	9.352003396093747e-65
526	6.6714362641872025e-65
527	4.758725482486263e-65
528	3.3940533266542026e-65
529	2.420490830149338e-65
530	1.7260169836577733e-65
531	1.2306756354262275e-65
532	8.774030237906673e-66
533	6.254775240253945e-66
534	4.458424515389647e-66
535	3.17766658078726e-66
536	2.264605219186465e-66
537	1.6137416937905372e-66
538	1.1498281692483704e-66
539	8.191988719701473e-67
540	5.8358388839223825e-67
541	4.156950526957961e-67
542	2.9607661122892938e-67
543	2.108584927199331e-67
544	1.5015365652901758e-67
545	1.0691499332186922e-67
546	7.612008533601866e-68
547	5.418984879510475e-68
548	3.857400191298927e-68
549	2.7455515854152268e-68
550	1.9539917952563503e-68
551	1.3905100965646293e-68
552	9.89427337659077e-69
553	7.039666378312823e-69
554	5.008166135783786e-69
555	3.5625742023688216e-69
556	2.5340064499765857e-69
557	1.802229867408851e-69
558	1.281655726764699e-69
559	9.113629688803461e-70
560	6.479928778627359e-70
561	4.606891758422262e-70
562	3.274950708855367e-70
563	2.3278799131087333e-70
564	1.654533196342213e-70
565	1.1758436177787508e-70
566	8.35570073700829e-71
567	5.9371152406105245e-71
568	4.2182025672766565e-71
569	2.9966691452691678e-71
570	2.1286763371681107e-71
571	1.5119589501900503e-71
572	1.0738162180547897e-71
573	7.625697401803061e-72
574	5.414880616894559e-72
575	3.844660291772995e-72
576	2.7295237960263234e-72
577	1.9376515589069915e-72
578	1.3753854379984453e-72
579	9.761873196246844e-73
580	6.927905575902833e-73
581	4.916215056323397e-73
582	3.488349230001682e-73
583	2.474966187799814e-73
584	1.755815457643259e-73
585	1.245514555439398e-73
586	8.834442396334646e-74
587	6.265704834178543e-74
588	4.443459532077367e-74
589	3.1508888959417995e-74
590	2.2341152264812063e-74
591	1.583939977809397e-74
592	1.1228780689573734e-74
593	7.959527009601611e-75
594	5.641606067598775e-75
595	3.9983346827607647e-75
596	2.8334560045699524e-75
597	2.0077738780618974e-75
598	1.4225717332455677e-75
599	1.0078471048111041e-75
600	7.139639524492301e-76
601	5.05730475192339e-76
602	3.5819805566402493e-76
603	2.5368140521223555e-76
604	1.7964511342546244e-76
605	1.2720482842342152e-76
606	9.006441873599417e-77
607	6.376236562335472e-77
608	4.513746448522817e-77
609	3.1950048107311936e-77
610	2.2613487312414797e-77
611	1.6003879982292032e-77
612	1.1325171794139605e-77
613	8.013571753279052e-78
614	5.669820752917906e-78
615	4.0112011930763705e-78
616	2.837536970827807e-78
617	2.0071074685768637e-78
618	1.4195862663553598e-78
619	1.003956888132025e-78
620	7.09954471812369e-79
621	5.0200511592215406e-79
622	3.5493435974355063e-79
623	2.5092864907012776e-79
624	1.7738414745432993e-79
625	1.2538389602409754e-79
626	8.86198808612517e-80
627	6.2630092920753806e-80
628	4.425858141166801e-80
629	3.127335748055319e-80
630	2.2096025422063262e-80
631	1.5610488395424825e-80
632	1.1027613710869377e-80
633	7.789496173594534e-81
634	5.501739295335396e-81
635	3.8855589868417167e-81
636	2.74391030803388e-81
637	1.937533706348977e-81
638	1.368017386114344e-81
639	9.65821806897594e-82
640	6.818133193570978e-82
641	4.8127918951809474e-82
642	3.3969711425630253e-82
643	2.397451596547761e-82
644	1.6918860024927206e-82
645	1.1938661808004353e-82
646	8.423712742688762e-83
647	5.943124610888868e-83
648	4.192659140514212e-83
649	2.9575204109690597e-83
650	2.086072808556626e-83
651	1.4712779740633794e-83
652	1.0375848125117771e-83
653	7.316714729099645e-84
654	5.159080739267528e-84
655	3.6374099762106334e-84
656	2.5643420329967853e-84
657	1.8076879305903543e-84
658	1.2741918313349972e-84
659	8.980697467328424e-85
660	6.32920626294821e-85
661	4.460180195126339e-85
662	3.142820478467057e-85
663	2.2143731027138864e-85
664	1.5600772895813285e-85
665	1.0990199241798858e-85
666	7.741572592909709e-86
667	5.452768105229398e-86
668	3.8403350762224805e-86
669	2.7044907567028506e-86
670	1.9044352654208476e-86
671	1.3409460284466762e-86
672	9.441060712906616e-87
673	6.646526336107986e-87
674	4.678785714012822e-87
675	3.2933364776919083e-87
676	2.3179476111224697e-87
677	1.631307105413439e-87
678	1.1479751249788857e-87
679	8.077815008214993e-88
680	5.683554668992315e-88
681	3.998627338905399e-88
682	2.8129797639440313e-88
683	1.9787326036696665e-88
684	1.3917860307335664e-88
685	9.788648530978693e-89
686	6.883953562935432e-89
687	4.8408107063950655e-89
688	3.4037940643600975e-89
689	2.3931697059498014e-89
690	1.6824756852065835e-89
691	1.1827398024747493e-89
692	8.313708239623663e-90
693	5.843398885744322e-90
694	4.106780675888192e-90
695	2.886042643595543e-90
696	2.0280061637424878e-90
697	1.4249549196577501e-90
698	1.0011481335835283e-90
699	7.033329375974499e-91
700	4.940705891187138e-91
701	3.470423808560183e-91
702	2.437482613121445e-91
703	1.7118514434102464e-91
704	1.2021431571273456e-91
705	8.441349973854181e-92
706	5.926977244031936e-92
707	4.1612162223048264e-92
708	2.921278812854155e-92
709	2.050649663704863e-92
710	1.4393807914096604e-92
711	1.0102427365853108e-92
712	7.089924424279704e-93
713	4.975346626501334e-93
714	3.4911698681600706e-93
715	2.4495400877933285e-93
716	1.718557578488666e-93
717	1.2056177153645897e-93
718	8.457094512225314e-94
719	5.931968126344509e-94
720	4.160471265641311e-94
721	2.9177788371599896e-94
722	2.046107134302749e-94
723	1.4347312482752153e-94
724	1.0059559510341133e-94
725	7.05267094402806e-95
726	4.944183264019139e-95
727	3.465786544165585e-95
728	2.429267865899028e-95
729	1.7026107585368478e-95
730	1.1932233556449045e-95
731	8.36169942920323e-96
732	5.859139308379442e-96
733	4.105249821011149e-96
734	2.8761523221088184e-96
735	2.0148871613019738e-96
736	1.4114196556820472e-96
737	9.886173027929379e-97
738	6.924156849320087e-97
739	4.849224162017328e-97
740	3.395817376718777e-97
741	2.377842713052488e-97
742	1.664902028650598e-97
743	1.1656308436031112e-97
744	8.160188621291537e-98
745	5.7122369153399854e-98
746	3.998334288660649e-98
747	2.7984586581406884e-98
748	1.9585092275491885e-98
749	1.3705639662712379e-98
750	9.59047209141179e-99
751	6.710388725074052e-99
752	4.6948575225836645e-99
753	3.2844618930994364e-99
754	2.297593204355034e-99
755	1.6071232213137284e-99
756	1.1240674436349893e-99
757	7.861451602920297e-100
758	5.497691047986404e-100
759	3.844369756546283e-100
760	2.6880493476792793e-100
761	1.879388707356642e-100
762	1.3139030046874965e-100
763	9.184961544677397e-101
764	6.420350668996488e-101
765	4.4875319394828655e-101
766	3.1363446370289016e-101
767	2.1918329660230248e-101
768	1.53164672048689e-101
769	1.0702303366008954e-101
770	7.477620773562485e-102
771	5.224168400098146e-102
772	3.649542941148458e-102
773	2.5493378385847212e-102
774	1.780672023460167e-102
775	1.2436785200225925e-102
776	8.685603734420336e-103
777	6.065402061716958e-103
778	4.2353266168595465e-103
779	2.9572087019496414e-103
780	2.0646423108571222e-103
781	1.441369988490417e-103
782	1.0061760049367518e-103
783	7.023284975502122e-104
784	4.90201349989493e-104
785	3.4211854581742215e-104
786	2.387518019878759e-104
787	1.6660370271375015e-104
788	1.162493718016427e-104
789	8.110816544411696e-105
790	5.658568322834374e-105
791	3.947449614411807e-105
792	2.7535609618456583e-105
793	1.9206175329296024e-105
794	1.3395384943194518e-105
795	9.341952335433856e-106
796	6.514607549948608e-106
797	4.542626760776431e-106
798	3.1673354408617185e-106
799	2.2082553795911627e-106
800	1.5394755226497682e-106
801	1.0731601957153173e-106
802	7.480396587178748e-107
803	5.213783733820108e-107
804	3.6337056701699654e-107
805	2.532298204463168e-107
806	1.7646083762666805e-107
807	1.2295614453137473e-107
808	8.566838310314312e-108
809	5.968419745037574e-108
810	4.157828995175277e-108
811	2.896292282871146e-108
812	2.0173751681209946e-108
813	1.4050749662449636e-108
814	9.78545185833239e-109
815	6.814450758796635e-109
816	4.745144437130378e-109
817	3.303974160133016e-109
818	2.300342460278667e-109
819	1.6014634030450432e-109
820	1.1148340664346447e-109
821	7.760186424075279e-110
822	5.401356086906548e-110
823	3.759258723097089e-110
824	2.6161967126563083e-110
825	1.8205699419600575e-110
826	1.2668148746094522e-110
827	8.814298900958687e-111
828	6.1324109051602055e-111
829	4.266223412786768e-111
830	2.9677330705432793e-111
831	2.0643103574209935e-111
832	1.4358004353377367e-111
833	9.985782977354725e-112
834	6.944470524465877e-112
835	4.829088307930321e-112
836	3.3578413106011975e-112
837	2.33466310376961e-112
838	1.6231450173110748e-112
839	1.1283906944970176e-112
840	7.84387670133513e-113
841	5.452191846345353e-113
842	3.789488791415551e-113
843	2.633657350782116e-113
844	1.830235942489554e-113
845	1.2718153797035848e-113
846	8.837110131994817e-114
847	6.139961997644557e-114
848	4.265700287418131e-114
849	2.9633588845742612e-114
850	2.0584837341900162e-114
851	1.4298152423947966e-114
852	9.930742425560426e-115
853	6.896882756640358e-115
854	4.789534624157215e-115
855	3.3258538228755882e-115
856	2.3093107723525284e-115
857	1.603359861692428e-115
858	1.1131381121743525e-115
859	7.727455892066389e-116
860	5.364058078388954e-116
861	3.7232301253597395e-116
862	2.5841384467001155e-116
863	1.7934165843345878e-116
864	1.2445607747041899e-116
865	8.636157959468324e-117
866	5.9923145580105454e-117
867	4.157556915505837e-117
868	2.8843728233382308e-117
869	2.0009405929624856e-117
870	1.3879909022667172e-117
871	9.627392669748224e-118
872	6.677292634076141e-118
873	4.630861670043365e-118
874	3.2113888677071414e-118
875	2.226863997655487e-118
876	1.5440601468094815e-118
877	1.0705438795022357e-118
878	7.42188955933463e-119
879	5.145105374942566e-119
880	3.566513296376786e-119
881	2.472084003591124e-119
882	1.7133749784460176e-119
883	1.1874393890058571e-119
884	8.228872474206895e-120
885	5.702155792602444e-120
886	3.9510061615711305e-120
887	2.7374502292664316e-120
888	1.8965079550044143e-120
889	1.3138114209099262e-120
890	9.100837070739168e-121
891	6.30375903262904e-121
892	4.366041305022904e-121
893	3.023751272124105e-121
894	2.0939884913449956e-121
895	1.450015130281062e-121
896	1.004016405683077e-121
897	6.95150966761864e-122
898	4.812685851232167e-122
899	3.331700641271523e-122
900	2.3062932125895777e-122
901	1.5963685886323305e-122
902	1.1048973835400067e-122
903	7.646819684653728e-123
904	5.291878943758609e-123
905	3.6619221998088045e-123
906	2.5338359909295903e-123
907	1.7531459674818496e-123
908	1.2129079884803786e-123
909	8.390886611835997e-124
910	5.80440996114548e-124
911	4.014935281622362e-124
912	2.776957780802376e-124
913	1.9205705985433114e-124
914	1.3281941395983903e-124
915	9.184661205912062e-125
916	6.350896480618829e-125
917	4.391139668782264e-125
918	3.0359163815751996e-125
919	2.0988080000925947e-125
920	1.4508615786892367e-125
921	1.0028815130791978e-125
922	6.931762287091789e-126
923	4.79080063539862e-126
924	3.310876270087973e-126
925	2.2879589678965662e-126
926	1.5809711773844052e-126
927	1.0923709096237711e-126
928	7.547215751328587e-127
929	5.214034281321924e-127
930	3.6018986570676287e-127
931	2.4880528368366423e-127
932	1.71853437308289e-127
933	1.186936196000373e-127
934	8.197228923598717e-128
935	5.660793393903033e-128
936	3.9089319311833035e-128
937	2.6990410257640983e-128
938	1.8635088109733118e-128
939	1.2865421324074305e-128
940	8.881517706939595e-129
941	6.130854087547339e-129
942	4.2318026619528716e-129
943	2.920790982908309e-129
944	2.0157942725026657e-129
945	1.3911136175122122e-129
946	9.599523486482102e-130
947	6.623803478551453e-130
948	4.57020733752473e-130
949	3.1530806521145977e-130
950	2.1752289724396923e-130
951	1.5005332129961114e-130
952	1.035039659745301e-130
953	7.139028656146628e-131
954	4.923705015194207e-131
955	3.395593581087719e-131
956	2.3415863070432846e-131
957	1.614638984755441e-131
958	1.113298201383894e-131
959	7.675707209449912e-132
960	5.2917110611169124e-132
961	3.647914791476708e-132
962	2.5145721346757913e-132
963	1.7332227159335153e-132
964	1.1945807631785203e-132
965	8.232799563775255e-133
966	5.673492150836895e-133
967	3.9095275269373445e-133
968	2.693822667398453e-133
969	1.856028544861374e-133
970	1.2787075506186683e-133
971	8.809043368222527e-134
972	6.068162693785565e-134
973	4.179810989125215e-134
974	2.8789030475918454e-134
975	1.982752077729275e-134
976	1.3654656375440352e-134
977	9.402950159559593e-135
978	6.474682832770477e-135
979	4.458039162882744e-135
980	3.069306677438432e-135
981	2.1130400213864157e-135
982	1.4546087777852352e-135
983	1.0012804505076817e-135
984	6.891858153646936e-136
985	4.7433808206921814e-136
986	3.2644553611973002e-136
987	2.2464903760911296e-136
988	1.5458576023927328e-136
989	1.0636665799452444e-136
990	7.318341220946284e-137
991	5.034900782827641e-137
992	3.4637003106425547e-137
993	2.3826532213400283e-137
994	1.6389002241941268e-137
995	1.1272372857962853e-137
996	7.75263503239496e-138
997	5.331562493723756e-138
998	3.6663240529409876e-138
999	2.521032120175569e-138
1000	1.7333932660404238e-138
1001	1.1917551410958052e-138
1002	8.193098459275115e-139
1003	5.6322319570203484e-139
1004	3.871543267720073e-139
1005	2.6610861586918305e-139
1006	1.828963323092233e-139
1007	1.2569624562912745e-139
1008	8.637953710779816e-140
1009	5.935683051850182e-140
1010	4.0785125663345845e-140
1011	2.8022326279682753e-140
1012	1.9252088629452048e-140
1013	1.3225826234206899e-140
1014	9.085295829404442e-141
1015	6.240604231498771e-141
1016	4.2863292115752364e-141
1017	2.9438503455028157e-141
1018	2.0217025604102898e-141
1019	1.3883217555763783e-141
1020	9.533104191426016e-142
1021	6.54560658291695e-142
1022	4.494038760538303e-142
1023	3.0852836025700577e-142
1024	2.1179940564707973e-142
1025	1.4538706136749858e-142
1026	9.979255952340362e-143
1027	6.849233202194732e-143
1028	4.70064159737487e-143
1029	3.2258467129988674e-143
1030	2.2136131234675603e-143
1031	1.5189068074514093e-143
1032	1.0421541342328283e-143
1033	7.149969817354984e-144
1034	4.9051003064710286e-144
1035	3.3648291278454455e-144
1036	2.3080732110662853e-144
1037	1.5830972524952077e-144
1038	1.0857680682134022e-144
1039	7.446256566270906e-145
1040	5.106347820599577e-145
1041	3.5015010695774225e-145
1042	2.400875340193446e-145
1043	1.6461008601534565e-145
1044	1.1285342955905265e-145
1045	7.73650081459417e-146
1046	5.303296263084139e-146
1047	3.6351196288997815e-146
1048	2.4915123050406214e-146
1049	1.7075714323379468e-146
1050	1.1702165745259042e-146
1051	8.019090876814752e-147
1052	5.49484638834891e-147
1053	3.7649352574798276e-147
1054	2.579473136598582e-147
1055	1.767160728813359e-147
1056	1.2105776298868097e-147
1057	8.292410483467173e-148
1058	5.679897511755045e-148
1059	3.890198580807628e-148
1060	2.6642477751438894e-148
1061	1.8245216705074665e-148
1062	1.2493813484920486e-148
1063	8.554853819526682e-149
1064	5.8573578076433256e-149
1065	4.01016744745428e-149
1066	2.7453318938055407e-149
1067	1.8793116388704824e-149
1068	1.2863950350527847e-149
1069	8.804840943645677e-150
1070	6.026154844350361e-150
1071	4.12411412430134e-150
1072	2.8222318109349314e-150
1073	1.931195828417848e-150
1074	1.3213916993204214e-150
1075	9.040833385483658e-151
1076	6.185246216868078e-151
1077	4.231332542045253e-151
1078	2.8944694255904953e-151
1079	1.9798506073893268e-151
1080	1.3541523435367061e-151
1081	9.261349709317774e-152
1082	6.3336301320534115e-152
1083	4.331145491636784e-152
1084	2.961587108150961e-152
1085	2.02496684002122e-152
1086	1.3844682183945981e-152
1087	9.464980826697498e-153
1088	6.47035579801756e-153
1089	4.4229116703678444e-153
1090	3.0231524769545986e-153
1091	2.0662531233065018e-153
1092	1.4121430153876305e-153
1093	9.650404839300884e-154
1094	6.594533468678929e-154
1095	4.5060324761928156e-154
1096	3.07876299197438e-154
1097	2.10343889133895e-154
1098	1.4369949636768013e-154
1099	9.816401195535024e-155
1100	6.705343996550344e-155
1101	4.579958450597995e-155
1102	3.1280502979371164e-155
1103	2.1362773414315346e-155
1104	1.4588588004439763e-155
1105	9.961863950816075e-156
1106	6.802047751624294e-156
1107	4.644195273905165e-156
1108	3.1706842519303e-156
1109	2.1645481381398556e-156
1110	1.4775875851231504e-156
1111	1.0085813931789566e-156
1112	6.883992771720545e-157
1113	4.698309222314725e-157
1114	3.2063765744423e-157
1115	2.1880598541136833e-157
1116	1.4930543298933033e-157
1117	1.0187409618985703e-157
1118	6.9506220197582965e-158
1119	4.7419320031428335e-158
1120	3.2348840678361953e-158
1121	2.206652110276728e-158
1122	1.5051534213399532e-158
1123	1.0265956580135836e-158
1124	7.001479635896493e-159
1125	4.77476489348896e-159
1126	3.256011352422593e-159
1127	2.2201973821467222e-159
1128	1.5138018112117786e-159
1129	1.0320915307506146e-159
1130	7.036216087234211e-160
1131	4.796582117835166e-160
1132	3.269613077439368e-160
1133	2.228602444081674e-160
1134	1.5189399576513865e-160
1135	1.035190733655847e-160
1136	7.054592134366106e-161
1137	4.8072334116002804e-161
1138	3.2755955722341137e-161
1139	2.231809428764224e-161
1140	1.5205325021042793e-161
1141	1.0358719549691369e-161
1142	7.056481552374449e-162
1143	4.806645730286493e-162
1144	3.273917911634259e-162
1145	2.229796485224187e-162
1146	1.518568671232378e-162
1147	1.0341306597174708e-162
1148	7.041872563317385e-163
1149	4.794824077237165e-163
1150	3.2645923786897476e-163
1151	2.2225780250161337e-163
1152	1.5130623974921712e-163
1153	1.0299791397123434e-163
1154	7.010867957659958e-164
1155	4.77185143699836e-164
1156	3.2476843175303857e-164
1157	2.210204552701171e-164
1158	1.5040521565020443e-164
1159	1.0234463706815349e-164
1160	6.963683902889317e-165
1161	4.737887815455094e-165
1162	3.223311378754578e-165
1163	2.192762083383955e-165
1164	1.4916005238226817e-165
1165	1.0145776788350962e-165
1166	6.900647458443338e-166
1167	4.693168402123705e-166
1168	3.191642169419845e-166
1169	2.1703711566062718e-166
1170	1.4757934582208908e-166
1171	1.00343422217718e-166
1172	6.822192836501776e-167
1173	4.6380008838281286e-167
1174	3.1528943290937728e-167
1175	2.1431854622621e-167
1176	1.4567393227915367e-167
1177	9.900922947893117e-168
1178	6.7288564678896335e-168
1179	4.572761952279985e-168
1180	3.1073320623837824e-168
1181	2.1113901002349012e-168
1182	1.4345676593837115e-168
1183	9.746424650514112e-169
1184	6.62127095078049e-169
1185	4.4978930604944883e-169
1186	3.055263166716842e-169
1187	2.0751995010722183e-169
1188	1.409427735540767e-169
1189	9.571885612912797e-170
1190	6.500157976807306e-170
1191	4.413895494299712e-170
1192	2.99703560170894e-170
1193	2.034855040070953e-170
1194	1.3814868865458964e-170
1195	9.378465206092198e-171
1196	6.366320344227228e-171
1197	4.32132483520375e-171
1198	2.9330336531232627e-171
1199	1.990622381567877e-171
1200	1.3509286780946636e-171
1201	9.167431185660208e-172
1202	6.220633180624462e-172
1203	4.220784899376386e-172
1204	2.863673750020845e-172
1205	1.9427885939257646e-172
1206	1.3179509175504773e-172
1207	8.940145990215354e-173
1208	6.0640345081313284e-173
1209	4.112921244365887e-173
1210	2.78939999818303e-173
1211	1.8916590786194314e-173
1212	1.2827635436297553e-173
1213	8.69805224636167e-174
1214	5.897515292048308e-174
1215	3.998414340250523e-174
1216	2.7106794961493137e-174
1217	1.8375543589080676e-174
1218	1.2455864256854194e-174
1219	8.442657693801182e-175
1220	5.72210911896868e-175
1221	3.8779725051855916e-175
1222	2.6279975022140346e-175
1223	1.7808067748008364e-175
1224	1.2066471044930715e-175
1225	8.175519748333362e-176
1226	5.538881653037893e-176
1227	3.752324706701062e-176
1228	2.541852521475075e-176
1229	1.721757131387626e-176
1230	1.1661785065927326e-176
1231	7.898229920900433e-177
1232	5.348920018746346e-177
1233	3.6222133296635497e-177
1234	2.4527513815126615e-177
1235	1.6607513471190326e-177
1236	1.1244166638135344e-177
1237	7.612398307306374e-178
1238	5.15332225582535e-178
1239	3.488387009572784e-178
1240	2.3612043635520336e-178
1241	1.5981371473084346e-178
1242	1.081598468624618e-178
1243	7.319638355911958e-179
1244	4.953186986411788e-179
1245	3.3515936259259656e-179
1246	2.267720453101981e-179
1247	1.5342608460563138e-179
1248	1.0379594944608007e-179
1249	7.021552109872434e-180
1250	4.749603426966332e-180
1251	3.2125735448868184e-180
1252	2.1728027701376955e-180
1253	1.469464257012694e-180
1254	9.937319081984784e-181
1255	6.719716106530577e-181
1256	4.543641867585523e-181
1257	3.0720531935687496e-181
1258	2.0769442340399505e-181
1259	1.4040817699832236e-181
1260	9.491424995689741e-182
1261	6.415668099884182e-182
1262	4.336344729677753e-182
1263	2.9307390401062617e-182
1264	1.9806235128254354e-182
1265	1.3384376264360905e-182
1266	9.04410849551146e-183
1267	6.110894752973959e-183
1268	4.1287182997618036e-183
1269	2.789312044522761e-183
1270	1.8843012998607126e-183
1271	1.272843422579003e-183
1272	8.597476567534562e-184
1273	5.806820426101879e-184
1274	3.9217252226787445e-184
1275	2.6484226354354947e-184
1276	1.78841695438542e-184
1277	1.2075958639473596e-184
1278	8.15353237542128e-185
1279	5.504797164437245e-185
1280	3.716277822170709e-185
1281	2.5086862571091598e-185
1282	1.693385534947682e-185
1283	1.1429747904952588e-185
1284	7.71416212281618e-186
1285	5.2060959653382265e-186
1286	3.51323230087623e-186
1287	2.370679520492402e-186
1288	1.5995952474196858e-186
1289	1.0792414861004062e-186
1290	7.281123865867499e-187
1291	4.91189938208025e-187
1292	3.3133838556829377e-187
1293	2.234936980895954e-187
1294	1.5074053217878315e-187
1295	1.016637281311135e-187
1296	6.856038330259673e-188
1297	4.623295497149844e-188
1298	3.1174627283793e-188
1299	2.101948554105021e-188
1300	1.417144324537133e-188
1301	9.553824531551728e-189
1302	6.440381753212435e-189
1303	4.3412732752701434e-189
1304	2.926131195985622e-189
1305	1.9721575721857595e-189
1306	1.329108906321504e-189
1307	8.956754210158435e-190
1308	6.035480738357765e-190
1309	4.0667192843372284e-190
1310	2.7399814902904206e-190
1311	1.8459594702238678e-190
1312	1.2435629778563038e-190
1313	8.376922330249946e-191
1314	5.642509080729746e-191
1315	3.800415751805424e-191
1316	2.5595346222464177e-191
1317	1.7237010859074242e-191
1318	1.1607373007040509e-191
1319	7.815863332180447e-192
1320	5.262486490888124e-192
1321	3.5430399051415795e-192
1322	2.385240074197186e-192
1323	1.6056805453771729e-192
1324	1.0808294739442354e-192
1325	7.274885958985116e-193
1326	4.896279121830623e-193
1327	3.295164528032684e-193
1328	2.2174763116097136e-193
1329	1.4921477012343915e-193
1330	1.0040042927010082e-193
1331	6.755076103196773e-194
1332	4.544601780143931e-194
1333	3.057259649286224e-194
1334	2.056552056208949e-194
1335	1.3833050821193974e-194
1336	9.3039445021549e-195
1337	6.257301959582953e-195
1338	4.208021684129521e-195
1339	2.829695269013914e-195
1340	1.902708254267555e-195
1341	1.279309307910924e-195
1342	8.60101551624007e-196
1343	5.782221263398283e-196
1344	3.8869636164747946e-196
1345	2.61274501677343e-196
1346	1.756120667337117e-196
1347	1.180272920387894e-196
1348	7.931974048689487e-197
1349	5.330290376028779e-197
1350	3.581716307583406e-197
1351	2.4065906289560044e-197
1352	1.6169030079560933e-197
1353	1.0862665761487713e-197
1354	7.297255522251719e-198
1355	4.9017749675539185e-198
1356	3.292439877865295e-198
1357	2.211327127791118e-198
1358	1.485110539797447e-198
1359	9.97321546682099e-199
1360	6.697030047556951e-199
1361	4.4967620386434975e-199
1362	3.0191741630334754e-199
1363	2.0269685818429872e-199
1364	1.3607440602891538e-199
1365	9.134324696840924e-200
1366	6.131221415904428e-200
1367	4.115173022175496e-200
1368	2.761847745618579e-200
1369	1.853454327671144e-200
1370	1.243754183848536e-200
1371	8.345602959652782e-201
1372	5.599527362011033e-201
1373	3.7567777076128195e-201
1374	2.520287518234127e-201
1375	1.6906555342536917e-201
1376	1.1340458454166279e-201
1377	7.606353774918706e-202
1378	5.1014407276946545e-202
1379	3.4212087381793385e-202
1380	2.294228609355378e-202
1381	1.5383819956439852e-202
1382	1.0314829468220744e-202
1383	6.915606441830185e-203
1384	4.6362711725122536e-203
1385	3.107976441716593e-203
1386	2.083324510163874e-203
1387	1.3963890429068028e-203
1388	9.358930724806081e-204
1389	6.272148199131481e-204
1390	4.203167097431593e-204
1391	2.8164837703073495e-204
1392	1.8871572510357373e-204
1393	1.2643844734367835e-204
1394	8.470722058931382e-205
1395	5.67455631643955e-205
1396	3.8011374719393306e-205
1397	2.546041140737497e-205
1398	1.7052474881007357e-205
1399	1.142035404020698e-205
1400	7.64789384155301e-206
1401	5.121229696068383e-206
1402	3.42907328273265e-206
1403	2.2958809871124487e-206
1404	1.537064373628158e-206
1405	1.02897496322483e-206
1406	6.887912340602029e-207
1407	4.610419608544072e-207
1408	3.0857683524696773e-207
1409	2.0651718578406738e-207
1410	1.3820350983856182e-207
1411	9.248087485902269e-208
1412	6.18806340184623e-208
1413	4.140259231757507e-208
1414	2.7699393091617506e-208
1415	1.8530319112234797e-208
1416	1.2395540092145733e-208
1417	8.291209844590818e-209
1418	5.545494024269794e-209
1419	3.7087917121304766e-209
1420	2.480244519887763e-209
1421	1.6585416865001902e-209
1422	1.1089912205012888e-209
1423	7.414803267884588e-210
1424	4.957251476473394e-210
1425	3.313996515106622e-210
1426	2.2153018358471125e-210
1427	1.4807560498907173e-210
1428	9.897006536640048e-211
1429	6.614452718069388e-211
1430	4.420319671963867e-211
1431	2.9538138807666955e-211
1432	1.9737050286868118e-211
1433	1.318715237516707e-211
1434	8.810274539258153e-212
1435	5.885691356387252e-212
1436	3.931652590763138e-212
1437	2.6261672474562293e-212
1438	1.7540388299054305e-212
1439	1.1714549386362668e-212
1440	7.823147482164192e-213
1441	5.224045818685018e-213
1442	3.4882046012976755e-213
1443	2.3289835512444232e-213
1444	1.554892515455707e-213
1445	1.038015383077506e-213
1446	6.92909721829982e-214
1447	4.6250768330644156e-214
1448	3.086957599054817e-214
1449	2.0602113511026604e-214
1450	1.374872005966468e-214
1451	9.174494157822839e-215
1452	6.121690042534e-215
1453	4.0844151280203355e-215
1454	2.7249449361547454e-215
1455	1.817836768385424e-215
1456	1.212610478953955e-215
1457	8.088295587613465e-216
1458	5.394633662256119e-216
1459	3.597792657512298e-216
1460	2.399272168147206e-216
1461	1.5998972640747272e-216
1462	1.0667775126988971e-216
1463	7.112540763316403e-217
1464	4.741817404830722e-217
1465	3.161069238759208e-217
1466	2.1071346905669535e-217
1467	1.404493308040229e-217
1468	9.360868019678571e-218
1469	6.238520731415316e-218
1470	4.157345877098714e-218
1471	2.7702547587566305e-218
1472	1.8458323777565985e-218
1473	1.2297980210903944e-218
1474	8.193025033339265e-219
1475	5.4578766613554106e-219
1476	3.6355663691734524e-219
1477	2.4215271564600557e-219
1478	1.6127813701063253e-219
1479	1.074064892781051e-219
1480	7.152442824822081e-220
1481	4.762632812391458e-220
1482	3.1710903581193326e-220
1483	2.1112464291961155e-220
1484	1.4055231831782905e-220
1485	9.356336958556015e-221
1486	6.227911476053786e-221
1487	4.1452213320694514e-221
1488	2.758809517100857e-221
1489	1.835964944436863e-221
1490	1.2217313333624518e-221
1491	8.129347319393015e-222
1492	5.4088416190066874e-222
1493	3.598499528335963e-222
1494	2.3939066727131943e-222
1495	1.5924343619493182e-222
1496	1.0592156900269787e-222
1497	7.044915529004738e-223
1498	4.685281344179441e-223
1499	3.1157602968542077e-223
1500	2.0718621782126403e-223
1501	1.3776094870571392e-223
1502	9.159247739561112e-224
1503	6.0892230839654125e-224
1504	4.047923922693176e-224
1505	2.6907364080654626e-224
1506	1.7884561842202705e-224
1507	1.1886493839840796e-224
1508	7.89946226669411e-225
1509	5.2493987285549693e-225
1510	3.4881073871182176e-225
1511	2.3175993663413943e-225
1512	1.5397672921775346e-225
1513	1.022916079706495e-225
1514	6.795056754980879e-226
1515	4.5135090485532725e-226
1516	2.9978070110085995e-226
1517	1.9909535479660905e-226
1518	1.3221680706057436e-226
1519	8.779711842353387e-227
1520	5.829642155943614e-227
1521	3.8705398893233588e-227
1522	2.5696217043898903e-227
1523	1.7058263073629837e-227
1524	1.132317901208462e-227
1525	7.515707435890533e-228
1526	4.9881472294612237e-228
1527	3.310370046580016e-228
1528	2.1967553047859667e-228
1529	1.4576547138147326e-228
1530	9.671536023479081e-229
1531	6.416586277659201e-229
1532	4.256772025243126e-229
1533	2.8237386076409567e-229
1534	1.8729936933882208e-229
1535	1.2422695456401613e-229
1536	8.238782525825173e-230
1537	5.463587385746129e-230
1538	3.622933634637328e-230
1539	2.4022072354407894e-230
1540	1.5926786062647254e-230
1541	1.055877127177218e-230
1542	6.999486079923771e-231
1543	4.639663020562493e-231
1544	3.075205992099594e-231
1545	2.0381185907709884e-231
1546	1.3506789434993496e-231
1547	8.950395475919011e-232
1548	5.930614750285635e-232
1549	3.9293848816458435e-232
1550	2.603255353596568e-232
1551	1.7245519835419315e-232
1552	1.1423603071498963e-232
1553	7.5665375106097065e-233
1554	5.011393666502415e-233
1555	3.318845770635565e-233
1556	2.197772919436691e-233
1557	1.455277234404109e-233
1558	9.635534240002932e-234
1559	6.379299366284373e-234
1560	4.223157344856488e-234
1561	2.795558674754629e-234
1562	1.850405905699339e-234
1563	1.2247076166572536e-234
1564	8.105220331205809e-235
1565	5.363696542830262e-235
1566	3.549200345143428e-235
1567	2.3483549853005514e-235
1568	1.553688205300337e-235
1569	1.0278526374724986e-235
1570	6.799307428994282e-236
1571	4.49743932632593e-236
1572	2.974628490298557e-236
1573	1.96728332998412e-236
1574	1.3009716199402273e-236
1575	8.602713091489624e-237
1576	5.688132888413583e-237
1577	3.7607172387080376e-237
1578	2.4862125402404206e-237
1579	1.6435102705358473e-237
1580	1.0863584903975288e-237
1581	7.180264571982394e-238
1582	4.745415532143028e-238
1583	3.13598904322982e-238
1584	2.07224589130781e-238
1585	1.3692239010755603e-238
1586	9.046364070179258e-239
1587	5.9764051388261175e-239
1588	3.947956414829536e-239
1589	2.6077802430298127e-239
1590	1.7224075727185856e-239
1591	1.1375411808797346e-239
1592	7.512155464562173e-240
1593	4.960531545266262e-240
1594	3.27535249092832e-240
1595	2.1624895977905834e-240
1596	1.4276315345369518e-240
1597	9.424196492625777e-241
1598	6.22069055960203e-241
1599	4.105810502277581e-241
1600	2.7097249605129082e-241
1601	1.7882058073444475e-241
1602	1.179982969654245e-241
1603	7.785740015380577e-242
1604	5.136767935339418e-242
1605	3.3887993501227185e-242
1606	2.2354635620174755e-242
1607	1.4745351731257952e-242
1608	9.725421864379438e-243
1609	6.413978541667569e-243
1610	4.2297263157665644e-243
1611	2.7890911824866877e-243
1612	1.838987632340653e-243
1613	1.2124407492729903e-243
1614	7.992963493505465e-244
1615	5.268908943742607e-244
1616	3.472954431558984e-244
1617	2.288985142649332e-244
1618	1.5085243631146236e-244
1619	9.94093234772044e-245
1620	6.550392317585573e-245
1621	4.315914945544206e-245
1622	2.843438137311997e-245
1623	1.8731821045394583e-245
1624	1.2339043459116064e-245
1625	8.127336352681529e-246
1626	5.352789775579659e-246
1627	3.5251477403086497e-246
1628	2.3213445646109225e-246
1629	1.5285055236958647e-246
1630	1.0063742163770588e-246
1631	6.625475363691394e-247
1632	4.3615374492562906e-247
1633	2.870960094007141e-247
1634	1.8896425559595754e-247
1635	1.2436468898399061e-247
1636	8.184259746749128e-248
1637	5.385506772562696e-248
1638	3.5435500492905376e-248
1639	2.331392286244461e-248
1640	1.5337581910905683e-248
1641	1.008934928545694e-248
1642	6.636423734658358e-249
1643	4.364853915892397e-249
1644	2.870581880881675e-249
1645	1.8877077202354816e-249
1646	1.2412638779829914e-249
1647	8.161274785118877e-250
1648	5.3655762084553596e-250
1649	3.527273892577702e-250
1650	2.3186031135191042e-250
1651	1.523975640612487e-250
1652	1.0015992267791214e-250
1653	6.5822480682282545e-251
1654	4.3253253989022466e-251
1655	2.842022844827932e-251
1656	1.8672417427428898e-251
1657	1.226698118139223e-251
1658	8.05821746169736e-252
1659	5.2930301083696e-252
1660	3.4764325424674034e-252
1661	2.283112300971924e-252
1662	1.4992868439909506e-252
1663	9.844782799314395e-253
1664	6.4638528920331e-253
1665	4.243660854869819e-253
1666	2.785824261714372e-253
1667	1.8286499154060882e-253
1668	1.2002485595301325e-253
1669	7.877266686724699e-254
1670	5.169441194813547e-254
1671	3.3921520245540745e-254
1672	2.2257205526178856e-254
1673	1.4602578428145808e-254
1674	9.579702094094198e-255
1675	6.284025913533583e-255
1676	4.121804604085693e-255
1677	2.703337468875137e-255
1678	1.772868487720162e-255
1679	1.162562022878738e-255
1680	7.622879578677736e-256
1681	4.9978735476258515e-256
1682	3.276534211553907e-256
1683	2.1478668235025367e-256
1684	1.4078719405002686e-256
1685	9.227458024640501e-257
1686	6.047335804208099e-257
1687	3.962863697331694e-257
1688	2.596672554996381e-257
1689	1.701328604302396e-257
1690	1.1146079677921073e-257
1691	7.301615612730712e-258
1692	4.782760482726097e-258
1693	3.13257228523214e-258
1694	2.0515699670222252e-258
1695	1.3434895297894941e-258
1696	8.797209220817164e-259
1697	5.759943131457204e-259
1698	3.7709786164223865e-259
1699	2.468610102303074e-259
1700	1.6158961675213486e-259
1701	1.0576375835663546e-259
1702	6.921858759781026e-260
1703	4.529716098518361e-260
1704	2.9640230961529502e-260
1705	1.939342395398612e-260
1706	1.2687897616940319e-260
1707	8.300171442958078e-261
1708	5.429335027202344e-261
1709	3.5511446116477226e-261
1710	2.322481004518314e-261
1711	1.5187910721341796e-261
1712	9.931295632359465e-262
1713	6.493453737982106e-262
1714	4.245291482768441e-262
1715	2.775243903165082e-262
1716	1.814080836962918e-262
1717	1.1856975045045927e-262
1718	7.749129588320349e-263
1719	5.063999392924292e-263
1720	3.308994348363196e-263
1721	2.1620215601069815e-263
1722	1.4124906627753811e-263
1723	9.227258254111244e-264
1724	6.027278321987012e-264
1725	3.9366903162882816e-264
1726	2.571003377890181e-264
1727	1.6789408147685615e-264
1728	1.0963000279411907e-264
1729	7.157884995821559e-265
1730	4.6730584651971333e-265
1731	3.0505550988423245e-265
1732	1.9912126707441193e-265
1733	1.2996232999461442e-265
1734	8.481611038357466e-266
1735	5.534777796620017e-266
1736	3.6114612203908525e-266
1737	2.3562784007397065e-266
1738	1.5372024998457688e-266
1739	1.0027584903339658e-266
1740	6.540671716044104e-267
1741	4.265884047518214e-267
1742	2.7819952475972355e-267
1743	1.8141129159816826e-267
1744	1.1828584947863742e-267
1745	7.71190673136629e-268
1746	5.027489738922047e-268
1747	3.2771854451191644e-268
1748	2.1360489114715877e-268
1749	1.3921360201231413e-268
1750	9.072195505495014e-269
1751	5.911576769544024e-269
1752	3.8517174426470836e-269
1753	2.5093752496334013e-269
1754	1.634695448216367e-269
1755	1.0648001399938958e-269
1756	6.935204925578914e-270
1757	4.5165871977415815e-270
1758	2.941178286785676e-270
1759	1.9151028529173843e-270
1760	1.246874101218828e-270
1761	8.117322541546273e-271
1762	5.283998038163384e-271
1763	3.439316052429456e-271
1764	2.238417374141673e-271
1765	1.4566980526985362e-271
1766	9.478889252678574e-272
1767	6.16743731565131e-272
1768	4.012466058935221e-272
1769	2.6102209992792143e-272
1770	1.6978620978464728e-272
1771	1.1042991075312676e-272
1772	7.181747780914475e-273
1773	4.670169496478821e-273
1774	3.0366458797809195e-273
1775	1.9743066768271862e-273
1776	1.2834944151041722e-273
1777	8.343191306928512e-274
1778	5.422870277519462e-274
1779	3.524398189638439e-274
1780	2.2903371019039955e-274
1781	1.488238300676843e-274
1782	9.669502282546565e-275
1783	6.281947202834979e-275
1784	4.080777411421008e-275
1785	2.6506350581401447e-275
1786	1.7215328704764405e-275
1787	1.1179927698554889e-275
1788	7.259737333271355e-276
1789	4.713689818026233e-276
1790	3.060266277865874e-276
1791	1.9866231798923514e-276
1792	1.289525066317289e-276
1793	8.369548474131581e-277
1794	5.431654808316196e-277
1795	3.524683529216577e-277
1796	2.2869984592671245e-277
1797	1.4837793824611455e-277
1798	9.625658519601971e-278
1799	6.243802657002357e-278
1800	4.049723999258963e-278
1801	2.6263896829582095e-278
1802	1.703139895711719e-278
1803	1.1043299270942821e-278
1804	7.159862158707957e-279
1805	4.641600104075472e-279
1806	3.008762866146516e-279
1807	1.9501378797868503e-279
1808	1.2638622243144207e-279
1809	8.190136588751112e-280
1810	5.306882725338633e-280
1811	3.4383074553683034e-280
1812	2.227443711997135e-280
1813	1.4428643919989556e-280
1814	9.345466374962138e-281
1815	6.052475859262638e-281
1816	3.9194191728638356e-281
1817	2.5378553007607275e-281
1818	1.6431167917011912e-281
1819	1.063717688222614e-281
1820	6.885581673443273e-282
1821	4.456676684157352e-282
1822	2.884282537932548e-282
1823	1.866468157606576e-282
1824	1.2077009760886899e-282
1825	7.813655004113468e-283
1826	5.054811485407004e-283
1827	3.2697274000955363e-283
1828	2.1148224654312276e-283
1829	1.3677036408100121e-283
1830	8.844346394725941e-284
1831	5.718670454454905e-284
1832	3.6972593556159435e-284
1833	2.390122799416889e-284
1834	1.5449552243829292e-284
1835	9.985432880397023e-285
1836	6.45317057961633e-285
1837	4.1699857815211154e-285
1838	2.6943320378375525e-285
1839	1.740695071597101e-285
1840	1.1244735864976578e-285
1841	7.263245475065673e-286
1842	4.691017157335816e-286
1843	3.02941021930456e-286
1844	1.956157622654964e-286
1845	1.263002562100263e-286
1846	8.153783412847222e-287
1847	5.263426882906873e-287
1848	3.397288504745023e-287
1849	2.192555551659405e-287
1850	1.4148912169712092e-287
1851	9.129556750263957e-288
1852	5.890205664572444e-288
1853	3.799839713570184e-288
1854	2.451060746283885e-288
1855	1.5808722569246545e-288
1856	1.0195142807940941e-288
1857	6.574210528972743e-289
1858	4.238845487254071e-289
1859	2.732783172460265e-289
1860	1.7616364954087624e-289
1861	1.1354836457955362e-289
1862	7.318108655905899e-290
1863	4.715960219036873e-290
1864	3.03874772317582e-290
1865	1.9578180025466135e-290
1866	1.2612554911581128e-290
1867	8.124316370040282e-291
1868	5.232671984005033e-291
1869	3.369869211940895e-291
1870	2.1699781087730948e-291
1871	1.3971735450005979e-291
1872	8.994933794111337e-292
1873	5.790260808225514e-292
1874	3.726925738379633e-292
1875	2.3985884153709792e-292
1876	1.5435227115159743e-292
1877	9.9316758412078e-293
1878	6.38975472727857e-293
1879	4.1105307246197587e-293
1880	2.6440130096017614e-293
1881	1.7005177666704386e-293
1882	1.0935800407441352e-293
1883	7.031884201264655e-294
1884	4.521103995257086e-294
1885	2.9064901291053732e-294
1886	1.868291740889248e-294
1887	1.2008034814747968e-294
1888	7.717035572506315e-295
1889	4.9588423489062635e-295
1890	3.186113567724007e-295
1891	2.046884179024358e-295
1892	1.3148501741843958e-295
1893	8.445204370529346e-296
1894	5.423690143685101e-296
1895	3.4828141614999574e-296
1896	2.2362294970643503e-296
1897	1.4356646063811042e-296
1898	9.215949382807828e-297
1899	5.915310489972792e-297
1900	3.7963417377945436e-297
1901	2.436145682523061e-297
1902	1.5631164191103073e-297
1903	1.0028348515210292e-297
1904	6.433057708912295e-298
1905	4.126247950611063e-298
1906	2.646323610105731e-298
1907	1.6969937650074865e-298
1908	1.0880957558583908e-298
1909	6.97595177154514e-299
1910	4.471870459476117e-299
1911	2.866317265006555e-299
1912	1.836997277218666e-299
1913	1.1771773052938341e-299
1914	7.542655478192709e-300
1915	4.8323189357756674e-300
1916	3.095535181809478e-300
1917	1.9827348450280172e-300
1918	1.2698200493463283e-300
1919	8.13145516788819e-301
1920	5.2064633974047395e-301
1921	3.3332334163361497e-301
1922	2.133717397060754e-301
1923	1.365702914858322e-301
1924	8.74024576027625e-302
1925	5.592925378142033e-302
1926	3.5785103696953883e-302
1927	2.2893558931263994e-302
1928	1.4644414754956108e-302
1929	9.366520924846138e-303
1930	5.990072430654229e-303
1931	3.8303037773112116e-303
1932	2.448959720533337e-303
1933	1.5655871313956062e-303
1934	1.0007369142176954e-303
1935	6.39601643997463e-304
1936	4.0873901598362054e-304
1937	2.6117366794689626e-304
1938	1.6686273135393735e-304
1939	1.065947636713622e-304
1940	6.80861618654802e-305
1941	4.348387007007249e-305
1942	2.7767947244160065e-305
1943	1.7729868154792195e-305
1944	1.1319135923350336e-305
1945	7.225484543733365e-306
1946	4.6117579291720944e-306
1947	2.943145604327462e-306
1948	1.8780303389022002e-306
1949	1.1982266151016458e-306
1950	7.644000623625906e-307
1951	4.8758209643095384e-307
1952	3.1097105133470793e-307
1953	1.9830663191645035e-307
1954	1.2644436196570214e-307
1955	8.061327097531954e-308
1956	5.138760171067327e-308
1957	3.275327826454844e-308
1958	2.0873520725322615e-308
1959	1.330090017382036e-308
1960	8.474432814112454e-309
1961	5.39864057130452e-309
1962	3.43876295093384e-309
1963	2.190100278718513e-309
1964	1.39466397441746e-309
1965	8.8801207206912e-310
1966	5.6534264297886e-310
1967	3.59872027572023e-310
1968	2.29048678087244e-310
1969	1.4576414961576e-310
1970	9.2750609635312e-311
1971	5.901002775561e-311
1972	3.75385714743e-311
1973	2.387659651105e-311
1974	1.518482300998e-311
1975	9.65582890388e-312
1976	6.13919998083e-312
1977	3.902799745404e-312
1978	2.480749433716e-312
1979	1.5766364233e-312
1980	1.00189476417e-312
1981	6.3658211214e-313
1982	4.04416066993e-313
1983	2.56888044147e-313
1984	1.63155146227e-313
1985	1.0360934492e-313
1986	6.57867175e-314
1987	4.1765579997e-314
1988	2.6511829435e-314
1989	1.6826803706e-314
1990	1.0678350713e-314
1991	6.775591623e-315
1992	4.29863552e-315
1993	2.72680605e-315
1994	1.729489654e-315
1995	1.09678537e-315
1996	6.95448784e-316
1997	4.40908377e-316
1998	2.79493104e-316
1999	1.77146783e-316
2000	1.12262505e-316
2001	7.113369e-317
2002	4.5066613e-317
2003	2.854785e-317
2004	1.808134e-317
2005	1.145055e-317
2006	7.25038e-318
2007	4.590216e-318
2008	2.905654e-318
2009	1.839046e-318
2010	1.1638e-318
2011	7.36385e-319
2012	4.6587e-319
2013	2.9469e-319
2014	1.8638e-319
2015	1.17864e-319
2016	7.452e-320
2017	4.7114e-320
2018	2.9777e-320
2019	1.882e-320
2020	1.189e-320
2021	7.515e-321
2022	4.75e-321
2023	3e-321
2024	1.89e-321
2025	1.196e-321
2026	7.56e-322
2027	4.74e-322
2028	3e-322
2029	1.9e-322
2030	1.2e-322
2031	7.4e-323
2032	5e-323
2033	3e-323
2034	2e-323
2035	1e-323
2036	1e-323
2037	5e-324
2038	5e-324
2039	0.0
2040	0.0
2041	0.0
2042	0.0
2043	0.0
2044	0.0
2045	0.0
2046	0.0
2047	0.0
2048	0.0
2049	0.0
2050	0.0
2051	0.0
2052	0.0
2053	0.0
2054	0.0
2055	0.0
2056	0.0
2057	0.0
2058	0.0
2059	0.0
2060	0.0
2061	0.0
2062	0.0
2063	0.0
2064	0.0
2065	0.0
2066	0.0
2067	0.0
2068	0.0
2069	0.0
2070	0.0
2071	0.0
2072	0.0
2073	0.0
2074	0.0
2075	0.0
2076	0.0
2077	0.0
2078	0.0
2079	0.0
2080	0.0
2081	0.0
2082	0.0
2083	0.0
2084	0.0
2085	0.0
2086	0.0
2087	0.0
2088	0.0
2089	0.0
2090	0.0
2091	0.0
2092	0.0
2093	0.0
2094	0.0
2095	0.0
2096	0.0
2097	0.0
2098	0.0
2099	0.0
2100	0.0
2101	0.0
2102	0.0
2103	0.0
2104	0.0
2105	0.0
2106	0.0
2107	0.0
2108	0.0
2109	0.0
2110	0.0
2111	0.0
2112	0.0
2113	0.0
2114	0.0
2115	0.0
2116	0.0
2117	0.0
2118	0.0
2119	0.0
2120	0.0
2121	0.0
2122	0.0
2123	0.0
2124	0.0
2125	0.0
2126	0.0
2127	0.0
2128	0.0
2129	0.0
2130	0.0
2131	0.0
2132	0.0
2133	0.0
2134	0.0
2135	0.0
2136	0.0
2137	0.0
2138	0.0
2139	0.0
2140	0.0
2141	0.0
2142	0.0
2143	0.0
2144	0.0
2145	0.0
2146	0.0
2147	0.0
2148	0.0
2149	0.0
2150	0.0
2151	0.0
2152	0.0
2153	0.0
2154	0.0
2155	0.0
2156	0.0
2157	0.0
2158	0.0
2159	0.0
2160	0.0
2161	0.0
2162	0.0
2163	0.0
2164	0.0
2165	0.0
2166	0.0
2167	0.0
2168	0.0
2169	0.0
2170	0.0
2171	0.0
2172	0.0
2173	0.0
2174	0.0
2175	0.0
2176	0.0
2177	0.0
2178	0.0
2179	0.0
2180	0.0
2181	0.0
2182	0.0
2183	0.0
2184	0.0
2185	0.0
2186	0.0
2187	0.0
2188	0.0
2189	0.0
2190	0.0
2191	0.0
2192	0.0
2193	0.0
2194	0.0
2195	0.0
2196	0.0
2197	0.0
2198	0.0
2199	0.0
2200	0.0
2201	0.0
2202	0.0
2203	0.0
2204	0.0
2205	0.0
2206	0.0
2207	0.0
2208	0.0
2209	0.0
2210	0.0
2211	0.0
2212	0.0
2213	0.0
2214	0.0
2215	0.0
2216	0.0
2217	0.0
2218	0.0
2219	0.0
2220	0.0
2221	0.0
2222	0.0
2223	0.0
2224	0.0
2225	0.0
2226	0.0
2227	0.0
2228	0.0
2229	0.0
2230	0.0
2231	0.0
2232	0.0
2233	0.0
2234	0.0
2235	0.0
2236	0.0
2237	0.0
2238	0.0
2239	0.0
2240	0.0
2241	0.0
2242	0.0
2243	0.0
2244	0.0
2245	0.0
2246	0.0
2247	0.0
2248	0.0
2249	0.0
2250	0.0
2251	0.0
2252	0.0
2253	0.0
2254	0.0
2255	0.0
2256	0.0
2257	0.0
2258	0.0
2259	0.0
2260	0.0
2261	0.0
2262	0.0
2263	0.0
2264	0.0
2265	0.0
2266	0.0
2267	0.0
2268	0.0
2269	0.0
2270	0.0
2271	0.0
2272	0.0
2273	0.0
2274	0.0
2275	0.0
2276	0.0
2277	0.0
2278	0.0
2279	0.0
2280	0.0
2281	0.0
2282	0.0
2283	0.0
2284	0.0
2285	0.0
2286	0.0
2287	0.0
2288	0.0
2289	0.0
2290	0.0
2291	0.0
2292	0.0
2293	0.0
2294	0.0
2295	0.0
2296	0.0
2297	0.0
2298	0.0
2299	0.0
2300	0.0
2301	0.0
2302	0.0
2303	0.0
2304	0.0
2305	0.0
2306	0.0
2307	0.0
2308	0.0
2309	0.0
2310	0.0
2311	0.0
2312	0.0
2313	0.0
2314	0.0
2315	0.0
2316	0.0
2317	0.0
2318	0.0
2319	0.0
2320	0.0
2321	0.0
2322	0.0
2323	0.0
2324	0.0
2325	0.0
2326	0.0
2327	0.0
2328	0.0
2329	0.0
2330	0.0
2331	0.0
2332	0.0
2333	0.0
2334	0.0
2335	0.0
2336	0.0
2337	0.0
2338	0.0
2339	0.0
2340	0.0
2341	0.0
2342	0.0
2343	0.0
2344	0.0
2345	0.0
2346	0.0
2347	0.0
2348	0.0
2349	0.0
2350	0.0
2351	0.0
2352	0.0
2353	0.0
2354	0.0
2355	0.0
2356	0.0
2357	0.0
2358	0.0
2359	0.0
2360	0.0
2361	0.0
2362	0.0
2363	0.0
2364	0.0
2365	0.0
2366	0.0
2367	0.0
2368	0.0
2369	0.0
2370	0.0
2371	0.0
2372	0.0
2373	0.0
2374	0.0
2375	0.0
2376	0.0
2377	0.0
2378	0.0
2379	0.0
2380	0.0
2381	0.0
2382	0.0
2383	0.0
2384	0.0
2385	0.0
2386	0.0
2387	0.0
2388	0.0
2389	0.0
2390	0.0
2391	0.0
2392	0.0
2393	0.0
2394	0.0
2395	0.0
2396	0.0
2397	0.0
2398	0.0
2399	0.0
2400	0.0
2401	0.0
2402	0.0
2403	0.0
2404	0.0
2405	0.0
2406	0.0
2407	0.0
2408	0.0
2409	0.0
2410	0.0
2411	0.0
2412	0.0
2413	0.0
2414	0.0
2415	0.0
2416	0.0
2417	0.0
2418	0.0
2419	0.0
2420	0.0
2421	0.0
2422	0.0
2423	0.0
2424	0.0
2425	0.0
2426	0.0
2427	0.0
2428	0.0
2429	0.0
2430	0.0
2431	0.0
2432	0.0
2433	0.0
2434	0.0
2435	0.0
2436	0.0
2437	0.0
2438	0.0
2439	0.0
2440	0.0
2441	0.0
2442	0.0
2443	0.0
2444	0.0
2445	0.0
2446	0.0
2447	0.0
2448	0.0
2449	0.0
2450	0.0
2451	0.0
2452	0.0
2453	0.0
2454	0.0
2455	0.0
2456	0.0
2457	0.0
2458	0.0
2459	0.0
2460	0.0
2461	0.0
2462	0.0
2463	0.0
2464	0.0
2465	0.0
2466	0.0
2467	0.0
2468	0.0
2469	0.0
2470	0.0
2471	0.0
2472	0.0
2473	0.0
2474	0.0
2475	0.0
2476	0.0
2477	0.0
2478	0.0
2479	0.0
2480	0.0
2481	0.0
2482	0.0
2483	0.0
2484	0.0
2485	0.0
2486	0.0
2487	0.0
2488	0.0
2489	0.0
2490	0.0
2491	0.0
2492	0.0
2493	0.0
2494	0.0
2495	0.0
2496	0.0
2497	0.0
2498	0.0
2499	0.0
2500	0.0
