k	pvalue
0	0.9999999995292335
1	0.9839707911929418
2	0.9644478535577229
3	0.9383704506851931
4	0.9064743326740836
5	0.8693356124492269
6	0.8278163193853082
7	0.7829068319438675
8	0.735542863332482
9	0.686640939866329
10	0.6370872198529254
11	0.58766238168256
12	0.5390458599595852
13	0.4918149309044036
14	0.4464369940624136
15	0.4032728434350023
16	0.3625910819145251
17	0.32456550284716573
18	0.2892942788713136
19	0.2568083206522224
20	0.22708428260414681
21	0.20005241079303301
22	0.17560907708014808
23	0.1536238405143668
24	0.133948572194264
25	0.11642364024068588
26	0.10088362997894933
27	0.08716176088696076
28	0.07509376638836768
29	0.06452059484177752
30	0.055290588065613024
31	0.047260886547672624
32	0.04029838286155802
33	0.03428022495115763
34	0.029094002928150037
35	0.02463760882956514
36	0.020818969730395622
37	0.01755553175809459
38	0.014773724193839644
39	0.01240832257576485
40	0.010401785121695307
41	0.008703578539451293
42	0.007269513997003672
43	0.006061104578440396
44	0.005044956888336028
45	0.004192199032023514
46	0.003477953023807611
47	0.002880850690667524
48	0.002382594218718738
49	0.0019675604533694983
50	0.0016224466991025587
51	0.0013359561851074922
52	0.001098519730611516
53	0.0009020513772121008
54	0.0007397343673302536
55	0.0006058348783005744
56	0.0004955403901286369
57	0.0004048200834931423
58	0.0003303046639458139
59	0.0002691832757430058
60	0.00021911535050234306
61	0.00017815547423022856
62	0.0001446895260549826
63	0.0001173805528404564
64	9.512301238185271e-05
65	7.700419258074493e-05
66	6.227175836571848e-05
67	5.030651531262728e-05
68	4.059960301840092e-05
69	3.273343828270822e-05
70	2.6365823709331926e-05
71	2.1216722716273083e-05
72	1.7057274084485467e-05
73	1.3700683767848935e-05
74	1.099468656161399e-05
75	8.815317733007118e-06
76	7.061775625663275e-06
77	5.652190918314272e-06
78	4.520148022047442e-06
79	3.6118292417935457e-06
80	2.883673671806902e-06
81	2.3004608131929912e-06
82	1.833744048930757e-06
83	1.460571851448321e-06
84	1.1624452560435e-06
85	9.244690475468683e-07
86	7.346615370717866e-07
87	5.833939886972154e-07
88	4.629358899197843e-07
89	3.670865136492333e-07
90	2.9087673911806485e-07
91	2.3032800437518063e-07
92	1.822576572843875e-07
93	1.4412194286550944e-07
94	1.1388948263592441e-07
95	8.993942942091229e-08
96	7.097956772229486e-08
97	5.5980518529998946e-08
98	4.4122933091078984e-08
99	3.4755151644815135e-08
100	2.7359284880790577e-08
101	2.1524067466237324e-08
102	1.6923151073721956e-08
103	1.3297762264647657e-08
104	1.0442859537347049e-08
105	8.196092912990614e-09
106	6.4290060403793695e-09
107	5.040031087216353e-09
108	3.948915603125905e-09
109	3.0922921592261957e-09
110	2.4201591929953347e-09
111	1.893087799875669e-09
112	1.4800064004078621e-09
113	1.1564450391642243e-09
114	9.031449745987704e-10
115	7.049583540416369e-10
116	5.499780732003903e-10
117	4.288501495644523e-10
118	3.342307031202827e-10
119	2.603574260975108e-10
120	2.0271163058502523e-10
121	1.5775190542178033e-10
122	1.2270434626466994e-10
123	9.539744886022989e-11
124	7.413223876101233e-11
125	5.758018161124408e-11
126	4.470298119525208e-11
127	3.468961111438122e-11
128	2.6906906821070237e-11
129	2.0860820874774505e-11
130	1.6166057973352147e-11
131	1.2522291206673088e-11
132	9.695543836032962e-12
133	7.503622983115897e-12
134	5.804729794861729e-12
135	4.48855832394503e-12
136	3.4693431411099273e-12
137	2.6804319800325487e-12
138	2.070051159624424e-12
139	1.598003392848715e-12
140	1.2330940320799916e-12
141	9.511261012340666e-13
142	7.333392145184765e-13
143	5.65194723150254e-13
144	4.354307742175253e-13
145	3.3532767739312324e-13
146	2.5813705278616e-13
147	1.9863846115594144e-13
148	1.5279521240784202e-13
149	1.1748729385533036e-13
150	9.03042361452764e-14
151	6.938454006343096e-14
152	5.329125531781335e-14
153	4.091561589674426e-14
154	3.14024390446024e-14
155	2.4092398449145298e-14
156	1.847737460339686e-14
157	1.4165935049924251e-14
158	1.0856657890791956e-14
159	8.31752536381884e-15
160	6.370013070164788e-15
161	4.876810032783171e-15
162	3.7323450013057235e-15
163	2.855480745600765e-15
164	2.183882526430536e-15
165	1.6696788582708236e-15
166	1.2761193673984273e-15
167	9.750016580682167e-16
168	7.446910290885159e-16
169	5.685970480397883e-16
170	4.3400204215926995e-16
171	3.3116056065022973e-16
172	2.526073981395904e-16
173	1.9262607972368983e-16
174	1.468407525058737e-16
175	1.1190294860339207e-16
176	8.525125450808187e-17
177	6.492698568807567e-17
178	4.943286697526703e-17
179	3.76247241587051e-17
180	2.862850548051382e-17
181	2.1776731869779087e-17
182	1.6559844076490394e-17
183	1.2588967771163266e-17
184	9.567426957896695e-18
185	7.268957837009557e-18
186	5.521052802475013e-18
187	4.192230888992841e-18
188	3.1823123502015985e-18
189	2.4149909008077377e-18
190	1.8321626847032163e-18
191	1.3895979232651439e-18
192	1.053638435879202e-18
193	7.986787113302412e-19
194	6.052452467164659e-19
195	4.585325317028419e-19
196	3.472874655847269e-19
197	2.629595508042786e-19
198	1.9905374850932513e-19
199	1.5063781963506414e-19
200	1.1396738960407894e-19
201	8.620069410675562e-20
202	6.518162169407354e-20
203	4.9274751582500296e-20
204	3.7239963688729485e-20
205	2.8137156730380584e-20
206	2.1253866631764386e-20
207	1.6050297650720104e-20
208	1.2117589600175183e-20
209	9.146143305361053e-21
210	6.901587115952773e-21
211	5.2065464541029284e-21
212	3.9268191997018565e-21
213	2.9608951330008284e-21
214	2.2320127944489325e-21
215	1.6821411362399819e-21
216	1.267420828405321e-21
217	9.547121675344012e-22
218	7.189816907234428e-22
219	5.413242723308866e-22
220	4.0746658717842886e-22
221	3.066350977450471e-22
222	2.307000072816254e-22
223	1.7352807738295298e-22
224	1.3049348085756855e-22
225	9.810819778494562e-23
226	7.374281344711207e-23
227	5.541566218134738e-23
228	4.163362845022285e-23
229	3.127198103724855e-23
230	2.3483693539029502e-23
231	1.7631033429102894e-23
232	1.3233964321744985e-23
233	9.931239208714083e-24
234	7.451070632626668e-24
235	5.589025997425434e-24
236	4.191372345134019e-24
237	3.1425302718716013e-24
238	2.355625529667623e-24
239	1.7653752368845108e-24
240	1.3227331524866127e-24
241	9.908600254578255e-25
242	7.420918542275266e-25
243	5.556594831040253e-25
244	4.15973749064431e-25
245	3.11336228363639e-25
246	2.329701864371523e-25
247	1.7429237683670148e-25
248	1.3036595720451316e-25
249	9.748957151551095e-26
250	7.288877955379624e-26
251	5.448439581352917e-26
252	4.071860878058913e-26
253	3.042449915576967e-26
254	2.2728147471590422e-26
255	1.6975208236094818e-26
256	1.267584809719015e-26
257	9.463464447518627e-27
258	7.063742559591405e-27
259	5.271467248687357e-27
260	3.933149582770279e-27
261	2.934013255188507e-27
262	2.188248752510486e-27
263	1.6317163570058446e-27
264	1.2164838584583065e-27
265	9.067385569653603e-28
266	6.757284524996346e-28
267	5.034740081835879e-28
268	3.750567319964866e-28
269	2.7933944595148735e-28
270	2.080095575302143e-28
271	1.5486395947169815e-28
272	1.1527464567466451e-28
273	8.578945745467064e-29
274	6.383385190896916e-29
275	4.748817738460837e-29
276	3.5321373414274746e-29
277	2.626682630407504e-29
278	1.9529713311815913e-29
279	1.451786264354004e-29
280	1.0790171521821842e-29
281	8.018131268518449e-30
282	5.957134695939213e-30
283	4.425082944259674e-30
284	3.286437970391789e-30
285	2.440336864589154e-30
286	1.8117352087950503e-30
287	1.3448088381724921e-30
288	9.98039092535089e-31
289	7.405527470672449e-31
290	5.49396850172857e-31
291	4.075100564633231e-31
292	3.022127382008767e-31
293	2.240834284365942e-31
294	1.6612290704389611e-31
295	1.2313240920330968e-31
296	9.125119646144799e-32
297	6.761271186549726e-32
298	5.008895826418456e-32
299	3.7100499516233013e-32
300	2.7475264547709193e-32
301	2.034363849421068e-32
302	1.5060529777625892e-32
303	1.114748738463793e-32
304	8.249717900398886e-33
305	6.1041728058338934e-33
306	4.515859253148917e-33
307	3.3402584637647564e-33
308	2.4702794487018675e-33
309	1.826579889392613e-33
310	1.3503864393684252e-33
311	9.981699887859252e-34
312	7.376973508130606e-34
313	5.451040960899854e-34
314	4.027248250041553e-34
315	2.9748516867880618e-34
316	2.19710302352116e-34
317	1.622422401803013e-34
318	1.1978600412481502e-34
319	8.842540795780586e-35
320	6.52645181089392e-35
321	4.816221864948601e-35
322	3.553573766460645e-35
323	2.6215243708937214e-35
324	1.9336256117237042e-35
325	1.4260048958141787e-35
326	1.0514775105863191e-35
327	7.751924105568162e-36
328	5.714125753281741e-36
329	4.2113471002052444e-36
330	3.1032977451107574e-36
331	2.2864263681584914e-36
332	1.6843120650547604e-36
333	1.240565396319722e-36
334	9.135845092638837e-37
335	6.726822175212998e-37
336	4.952260909337361e-37
337	3.6452694028874525e-37
338	2.682801108882702e-37
339	1.9741504535063643e-37
340	1.4524631777757775e-37
341	1.0684724141475338e-37
342	7.858777307474763e-38
343	5.779367628066411e-38
344	4.249516433116128e-38
345	3.124156208013558e-38
346	2.2964668686585563e-38
347	1.6878040457891202e-38
348	1.2402762769428947e-38
349	9.11275304803959e-39
350	6.694462178430286e-39
351	4.9171888103834703e-39
352	3.611215050663081e-39
353	2.65170535584573e-39
354	1.946851372977564e-39
355	1.4291444185797789e-39
356	1.0489514649597591e-39
357	7.697873928804388e-40
358	5.6483615121696075e-40
359	4.143913027117873e-40
360	3.0397327219608458e-40
361	2.2294459530247806e-40
362	1.6349159982849084e-40
363	1.1987566924930695e-40
364	8.788280538652687e-41
365	6.44190333947511e-41
366	4.721305232689096e-41
367	3.4597736947648404e-41
368	2.534960527167581e-41
369	1.8570891798827325e-41
370	1.36029318240305e-41
371	9.962552871848831e-42
372	7.295369021465627e-42
373	5.3414915844372715e-42
374	3.910359087133194e-42
375	2.8622640049834603e-42
376	2.0947965130673566e-42
377	1.5328979627679952e-42
378	1.1215639696803037e-42
379	8.204920804093677e-43
380	6.001563758418938e-43
381	4.389290090016441e-43
382	3.209697592419935e-43
383	2.3467890951640832e-43
384	1.7156324816563215e-43
385	1.2540499973878891e-43
386	9.165285016014136e-44
387	6.697577809530332e-44
388	4.893621404549459e-44
389	3.5750647257077574e-44
390	2.6114308407175624e-44
391	1.9072795875549285e-44
392	1.3928089174974868e-44
393	1.016974808651028e-44
394	7.424555572501893e-45
395	5.4196653527102115e-45
396	3.9556362836253036e-45
397	2.8867038688084877e-45
398	2.1063485932788188e-45
399	1.536740432868405e-45
400	1.1210195192482224e-45
401	8.176516982683446e-46
402	5.96301839694236e-46
403	4.348172027693432e-46
404	3.170225632904884e-46
405	2.31108883009436e-46
406	1.6845590404040229e-46
407	1.227719318538493e-46
408	8.946544337059385e-47
409	6.518610680842975e-47
410	4.748958621726564e-47
411	3.459277981325567e-47
412	2.5195117802781796e-47
413	1.83481083254702e-47
414	1.3360117760381722e-47
415	9.726878288366637e-48
416	7.08077831155283e-48
417	5.153863935450647e-48
418	3.7508478677125043e-48
419	2.7294215370189876e-48
420	1.9858962457493888e-48
421	1.444732305686164e-48
422	1.0509044085367096e-48
423	7.643357181649801e-49
424	5.558406672136219e-49
425	4.0416789525315924e-49
426	2.9384529966680456e-49
427	2.1360982927939545e-49
428	1.552635010759579e-49
429	1.1284005302454398e-49
430	8.199796219202842e-50
431	5.957839710006024e-50
432	4.328332872128874e-50
433	3.144116856877879e-50
434	2.283615579573577e-50
435	1.658416887158329e-50
436	1.2042341105463761e-50
437	8.743287104918615e-51
438	6.347244944373438e-51
439	4.607258524786663e-51
440	3.343850191983903e-51
441	2.426599193414226e-51
442	1.7607447079098076e-51
443	1.2774442039153505e-51
444	9.266906748692026e-52
445	6.72163689313068e-52
446	4.874867355620304e-52
447	3.53507111973011e-52
448	2.5631923703445764e-52
449	1.8582837864961904e-52
450	1.3470718450689095e-52
451	9.76376821337286e-53
452	7.076071909785254e-53
453	5.127612333323009e-53
454	3.7152358746464522e-53
455	2.691571712333895e-53
456	1.9497277233770937e-53
457	1.4121815028635728e-53
458	1.0227175343212744e-53
459	7.405759557953048e-54
460	5.362068117056939e-54
461	3.8818964736390295e-54
462	2.809988639718104e-54
463	2.0338281838485423e-54
464	1.4718824572465334e-54
465	1.0650776121329831e-54
466	7.706172554650157e-55
467	5.575009821693754e-55
468	4.032757105659956e-55
469	2.9168097334588593e-55
470	2.109423739209131e-55
471	1.525349403331667e-55
472	1.1028709757470012e-55
473	7.973151695021807e-56
474	5.763487809176113e-56
475	4.165727402735782e-56
476	3.0105546483052182e-56
477	2.175466828057174e-56
478	1.5718416087454625e-56
479	1.1355742696132176e-56
480	8.203002328434447e-57
481	5.924896062270912e-57
482	4.278970853034107e-57
483	3.089930360127234e-57
484	2.2310479592442013e-57
485	1.6107200008923315e-57
486	1.1627389126586565e-57
487	8.392579257441646e-58
488	6.0570319280958186e-58
489	4.370946792921958e-58
490	3.1538606445832505e-58
491	2.2754163793293464e-58
492	1.641461637202402e-58
493	1.1840012150846622e-58
494	8.539357361887094e-59
495	6.158145340923516e-59
496	4.440444655283444e-59
497	3.2015098631613933e-59
498	2.307996560252457e-59
499	1.6636711099299885e-59
500	1.1990902494578557e-59
501	8.641485788869002e-60
502	6.226976030870586e-60
503	4.486609443757766e-60
504	3.2323003476110546e-60
505	2.32840002077279e-60
506	1.6770885527879312e-60
507	1.2078332493223395e-60
508	8.697824168885323e-61
509	6.262777677619e-61
510	4.508957732692583e-61
511	3.2459229143373165e-61
512	2.336432170308145e-61
513	1.681594043997657e-61
514	1.2101584010086878e-61
515	8.707959989201265e-62
516	6.265328454427139e-62
517	4.507383844563312e-62
518	3.242340294903326e-62
519	2.33209404776421e-62
520	1.6772083331351577e-62
521	1.2060949900954402e-62
522	8.67220694560397e-63
523	6.234927904479452e-63
524	4.482156213893537e-63
525	3.221783525500068e-63
526	2.3155790122239145e-63
527	1.6640899513131441e-63
528	1.1957709586710431e-63
529	8.591584771555768e-64
530	6.172380576397582e-64
531	4.433904293081812e-64
532	3.1847415854872254e-64
533	2.2872646186862493e-64
534	1.6425288898569898e-64
535	1.179408018951439e-64
536	8.467781679472931e-65
537	6.078967297290535e-65
538	4.363596675949478e-65
539	3.1319448022231717e-65
540	2.2477000728526716e-65
541	1.6129371463685834e-65
542	1.1573145491608433e-65
543	8.303101115855115e-66
544	5.95640536133809e-66
545	4.2725113961217767e-66
546	3.0643427371568987e-66
547	2.197589797796629e-66
548	1.575836534409064e-66
549	1.1298765657234221e-66
550	8.100395008286455e-67
551	5.806799244293472e-67
552	4.1621995889262515e-67
553	2.983077429195287e-67
554	2.137773757130853e-67
555	1.5318442304590926e-67
556	1.0975471193337246e-67
557	7.862986051396361e-68
558	5.632583708158923e-68
559	4.03444387964443e-68
560	2.889452990475841e-68
561	2.069205260495946e-68
562	1.481656586984528e-68
563	1.0608344997994685e-68
564	7.594581830299277e-69
565	5.436461328791793e-69
566	3.8912129732306704e-69
567	2.78490262398884e-69
568	1.9929270259953882e-69
569	1.4260317721827538e-69
570	1.020289654974357e-69
571	7.299183709569103e-70
572	5.221336559907463e-70
573	3.734613969713918e-70
574	2.670954161390827e-70
575	1.9100462903903416e-70
576	1.3657718053413692e-70
577	9.764932327557992e-71
578	6.980993425325551e-71
579	4.990248441800391e-71
580	3.5668439172529514e-71
581	2.5491952044614764e-71
582	1.8217097428295594e-71
583	1.3017045428456161e-71
584	9.300426429440941e-72
585	6.644320214903861e-72
586	4.74630397796768e-72
587	3.390142045804631e-72
588	2.4212388985205693e-72
589	1.729079014350112e-72
590	1.2346661358175494e-72
591	8.815395093368182e-73
592	6.293491114968074e-73
593	4.4926140468309916e-73
594	3.206744005478955e-73
595	2.288691275923042e-73
596	1.6333073872269475e-73
597	1.1654844290531572e-73
598	8.315778439217908e-74
599	5.9327667707814374e-74
600	4.2322335007431606e-74
601	3.0188392736189163e-74
602	2.1531209889104387e-74
603	1.5355183001909917e-74
604	1.0949637058049986e-74
605	7.807332269680742e-75
606	5.56626474522594e-75
607	3.96810684399561e-75
608	2.82853270336081e-75
609	2.0160321108340292e-75
610	1.43678612283271e-75
611	1.0238711078603878e-75
612	7.295532219745059e-76
613	5.1978919161868947e-76
614	3.703020590174853e-76
615	2.6378109744275162e-76
616	1.878840530685589e-76
617	1.3381195606462505e-76
618	9.52924979239746e-77
619	6.785491956607542e-77
620	4.831287125543026e-77
621	3.439563091649533e-77
622	2.448514484736803e-77
623	1.742854305532968e-77
624	1.2404479365629501e-77
625	8.827852985606654e-78
626	6.281896532479692e-78
627	4.469774811984764e-78
628	3.1800923242969003e-78
629	2.262314999102299e-78
630	1.6092581760125967e-78
631	1.1446104805567068e-78
632	8.14046283293142e-79
633	5.788951407376125e-79
634	4.116329941414127e-79
635	2.926711811671357e-79
636	2.0806991579814437e-79
637	1.4791022979062434e-79
638	1.0513486505127074e-79
639	7.472311719648761e-80
640	5.310347110056285e-80
641	3.7735541585489835e-80
642	2.68125459577554e-80
643	1.9049577526547103e-80
644	1.3532951034828487e-80
645	9.613014088528682e-81
646	6.827891205311247e-81
647	4.849239011480855e-81
648	3.443662734538392e-81
649	2.4452749154311167e-81
650	1.7361804996659857e-81
651	1.2326000840394226e-81
652	8.750032933944815e-82
653	6.210940886608166e-82
654	4.408241260590663e-82
655	3.12848158761375e-82
656	2.220047044616154e-82
657	1.5752559013595246e-82
658	1.1176361830379727e-82
659	7.928850496907252e-83
660	5.6244554203554224e-83
661	3.989433586530231e-83
662	2.829453413496e-83
663	2.006570576342628e-83
664	1.4228756637601282e-83
665	1.008881409266876e-83
666	7.152765368781106e-84
667	5.070707586962363e-84
668	3.5943794096488026e-84
669	2.547651782608136e-84
670	1.8055813146293924e-84
671	1.2795430590353422e-84
672	9.066792222493695e-85
673	6.424115802205606e-85
674	4.5512850119628916e-85
675	3.22415352649111e-85
676	2.283801942261565e-85
677	1.617566857715158e-85
678	1.1455845670171002e-85
679	8.11247207282723e-86
680	5.744344207018539e-86
681	4.0671380147850084e-86
682	2.8793775385416577e-86
683	2.038307001371086e-86
684	1.4427859177738604e-86
685	1.0211641070786912e-86
686	7.2268754370708665e-87
687	5.114074041531334e-87
688	3.618636011883477e-87
689	2.5602611745243873e-87
690	1.811278168175307e-87
691	1.2812904224561942e-87
692	9.062991753416799e-88
693	6.409987752135091e-88
694	4.5331955795826124e-88
695	3.205629954064799e-88
696	2.2666477029360727e-88
697	1.6025677514587982e-88
698	1.1329494767864164e-88
699	8.008782291775183e-89
700	5.660884125896992e-89
701	4.000957204307154e-89
702	2.827518411122374e-89
703	1.9980617347948063e-89
704	1.4118037152582067e-89
705	9.974743247302696e-90
706	7.0467870720019444e-90
707	4.977859342997726e-90
708	3.5160591433921725e-90
709	2.4833151150441543e-90
710	1.7537578648964245e-90
711	1.238424687709804e-90
712	8.744435321064151e-91
713	6.173851340772926e-91
714	4.358557955620518e-91
715	3.076746895066477e-91
716	2.1717160197027254e-91
717	1.5327687814089384e-91
718	1.081714458071779e-91
719	7.633277103449842e-92
720	5.386068311322755e-92
721	3.800101089809304e-92
722	2.680901976664193e-92
723	1.891164213947175e-92
724	1.3339516768489594e-92
725	9.408351437862969e-93
726	6.635132080133413e-93
727	4.678948316743553e-93
728	3.2992071631383407e-93
729	2.3261280369889103e-93
730	1.6399113212252913e-93
731	1.1560320075932683e-93
732	8.148583640636963e-94
733	5.743243085838808e-94
734	4.04757680406059e-94
735	2.8523042887061073e-94
736	2.0098307904871745e-94
737	1.4160743185431448e-94
738	9.97643864385651e-95
739	7.027939110400669e-95
740	4.950435837967187e-95
741	3.486758757353682e-95
742	2.4556327096791004e-95
743	1.7292906386650843e-95
744	1.2176869989579932e-95
745	8.573664245478293e-96
746	6.0361555828197555e-96
747	4.249301581076905e-96
748	2.9911478951198536e-96
749	2.105336148048227e-96
750	1.4817272283528556e-96
751	1.042745575210518e-96
752	7.337561510524825e-97
753	5.162837846115486e-97
754	3.6323573786526755e-97
755	2.5553596837176545e-97
756	1.797541445363007e-97
757	1.2643555466327088e-97
758	8.892481701502563e-98
759	6.253745791831449e-98
760	4.3976531540233805e-98
761	3.09218346628931e-98
762	2.1740678286365977e-98
763	1.5284263107319394e-98
764	1.0744334608190016e-98
765	7.552281570802064e-99
766	5.308116846590488e-99
767	3.730494912723772e-99
768	2.6215378382639347e-99
769	1.8420844378251617e-99
770	1.2942753652179755e-99
771	9.093008741276129e-100
772	6.387814969578642e-100
773	4.487049558258305e-100
774	3.1516156416704253e-100
775	2.2134488690830584e-100
776	1.55442449102889e-100
777	1.0915249785666892e-100
778	7.664108815296339e-101
779	5.380883683054843e-101
780	3.7775439609860446e-101
781	2.6517309279715847e-101
782	1.8612872710992733e-101
783	1.306355595346889e-101
784	9.167976339202754e-102
785	6.433534760225271e-102
786	4.514295001121377e-102
787	3.1673376173154123e-102
788	2.22209663699494e-102
789	1.5588190624502298e-102
790	1.0934342631909098e-102
791	7.669267314359597e-103
792	5.378724753116259e-103
793	3.7719769966568957e-103
794	2.6449839553243903e-103
795	1.8545620187190137e-103
796	1.3002414745392192e-103
797	9.115301208089957e-104
798	6.389728573305683e-104
799	4.4787641630995726e-104
800	3.1390511887311054e-104
801	2.1999005139581526e-104
802	1.541601575423037e-104
803	1.0802038765302927e-104
804	7.568395520320062e-105
805	5.302326071300707e-105
806	3.71444204602479e-105
807	2.6018682765955322e-105
808	1.82239120033164e-105
809	1.2763286502486236e-105
810	8.938158495374357e-106
811	6.258903129310312e-106
812	4.382410681296177e-106
813	3.0682631342050035e-106
814	2.1480126536544142e-106
815	1.5036466585848952e-106
816	1.0524936784834813e-106
817	7.366445202282173e-107
818	5.155386294081808e-107
819	3.607690440594209e-107
820	2.5244230736520554e-107
821	1.766281247544188e-107
822	1.235726715760489e-107
823	8.644699352655047e-108
824	6.047031776578571e-108
825	4.229602223315545e-108
826	2.958160525715648e-108
827	2.068754257511085e-108
828	1.4466419235026545e-108
829	1.0115286351322936e-108
830	7.07229435520583e-109
831	4.944330631338152e-109
832	3.456366042654855e-109
833	2.416000509787027e-109
834	1.68864904410583e-109
835	1.180176271879802e-109
836	8.2474459888776e-110
837	5.763114138639555e-110
838	4.0268005467635517e-110
839	2.8133786801506173e-110
840	1.9654475470227292e-110
841	1.3729664808676595e-110
842	9.590111122270699e-111
843	6.698114850563285e-111
844	4.677855516259199e-111
845	3.266677777234912e-111
846	2.281030489643263e-111
847	1.5926531238950857e-111
848	1.1119279256804827e-111
849	7.7624251711843485e-112
850	5.4185562010004435e-112
851	3.7821184060986915e-112
852	2.6396847304136423e-112
853	1.8421899821608894e-112
854	1.2855299703057961e-112
855	8.970062027190978e-113
856	6.258556152953938e-113
857	4.366347972833886e-113
858	3.0459869172687425e-113
859	2.124727504971703e-113
860	1.4819855824227218e-113
861	1.0335946812566081e-113
862	7.20812181957004e-114
863	5.026428977024807e-114
864	3.504794670238359e-114
865	2.4436062186000296e-114
866	1.703591607934879e-114
867	1.187586922432897e-114
868	8.278105956882795e-115
869	5.7698195479679665e-115
870	4.021232385508365e-115
871	2.8023464069758172e-115
872	1.9527659235349862e-115
873	1.3606433208192972e-115
874	9.479908657441076e-116
875	6.604345410247676e-116
876	4.600671110931893e-116
877	3.2046336931000344e-116
878	2.2320371246194138e-116
879	1.5544983329277397e-116
880	1.0825424859512615e-116
881	7.538162516812774e-117
882	5.248701981531422e-117
883	3.6543001782144626e-117
884	2.544031150213156e-117
885	1.7709510031483962e-117
886	1.232697731130493e-117
887	8.579709665067953e-118
888	5.971102759151152e-118
889	4.155300835666168e-118
890	2.8914546437773906e-118
891	2.0118532453293283e-118
892	1.3997234109589128e-118
893	9.737650515179987e-119
894	6.773797094149889e-119
895	4.7116849087423045e-119
896	3.2770748858668445e-119
897	2.2790957730324863e-119
898	1.58491101177079e-119
899	1.1020804560851827e-119
900	7.662806219428834e-120
901	5.3275621268429376e-120
902	3.703696180411373e-120
903	2.5745916037010388e-120
904	1.7895651794133298e-120
905	1.2438066761530281e-120
906	8.644192898375613e-121
907	6.0070636323141946e-121
908	4.174132630956342e-121
909	2.900257100128801e-121
910	2.014990522933026e-121
911	1.3998315731125066e-121
912	9.723997578124143e-122
913	6.75429760076354e-122
914	4.69117730623383e-122
915	3.2579905565050343e-122
916	2.2624767493959509e-122
917	1.5710310590565135e-122
918	1.0908166847009269e-122
919	7.573299640069214e-123
920	5.257567865489676e-123
921	3.649648385572112e-123
922	2.5332821742841074e-123
923	1.758257682793391e-123
924	1.2202474458710134e-123
925	8.46797816647585e-124
926	5.875948792222092e-124
927	4.077019017491995e-124
928	2.828615689237488e-124
929	1.962328176751479e-124
930	1.361243536324018e-124
931	9.442055078624605e-125
932	6.548830469359002e-125
933	4.541794679098445e-125
934	3.149617308876604e-125
935	2.1840100523950286e-125
936	1.5143213373864126e-125
937	1.0499002180154873e-125
938	7.27854541799345e-126
939	5.0455412833448185e-126
940	3.4973374603624396e-126
941	2.4240073604986185e-126
942	1.67995232957901e-126
943	1.1641973936185363e-126
944	8.067202113942223e-127
945	5.589666721760814e-127
946	3.872715222400651e-127
947	2.6829457620287185e-127
948	1.858552854312382e-127
949	1.2873737285847792e-127
950	8.916636889656741e-128
951	6.175387916252201e-128
952	4.276555763633282e-128
953	2.9613570847886107e-128
954	2.0504735470465694e-128
955	1.419659936880938e-128
956	9.828364521192073e-129
957	6.803697049100306e-129
958	4.7095072727326e-129
959	3.259663569677778e-129
960	2.255988583972706e-129
961	1.5612334155011993e-129
962	1.0803528188602195e-129
963	7.475327449854031e-130
964	5.172037712869061e-130
965	3.5781620376047603e-130
966	2.4752849025674355e-130
967	1.7122109089864071e-130
968	1.1842849580772543e-130
969	8.190719673258416e-131
970	5.664411770370297e-131
971	3.9170082329537073e-131
972	2.708451572991735e-131
973	1.8726412978060604e-131
974	1.2946579989621323e-131
975	8.949988351549043e-132
976	6.186668400078768e-132
977	4.276201621185034e-132
978	2.9554695116610574e-132
979	2.0424986424029518e-132
980	1.411445330113649e-132
981	9.752890445590704e-133
982	6.738599396910328e-133
983	4.655570935817823e-133
984	3.216201739831615e-133
985	2.221675622194498e-133
986	1.5345641839254374e-133
987	1.05987955506285e-133
988	7.319729443205649e-134
989	5.054760782868431e-134
990	3.4903843981973453e-134
991	2.409977513953585e-134
992	1.663871605061478e-134
993	1.1486658932237909e-134
994	7.929298093554278e-135
995	5.4732196180701434e-135
996	3.7776187327411096e-135
997	2.607116856415343e-135
998	1.7991609031461168e-135
999	1.2414997974781392e-135
1000	8.566244161786644e-136
1001	5.910189413174042e-136
1002	4.077364267002932e-136
1003	2.8127089473860895e-136
1004	1.9401586890493707e-136
1005	1.3381872717156691e-136
1006	9.22919296799637e-137
1007	6.3646973218035e-137
1008	4.388933371153018e-137
1009	3.0262683158208566e-137
1010	2.0865225911729067e-137
1011	1.438487112770777e-137
1012	9.916446886056709e-138
1013	6.835549642245236e-138
1014	4.711487428489527e-138
1015	3.2472063041007616e-138
1016	2.2378397428168808e-138
1017	1.5421099731213645e-138
1018	1.0625979603700184e-138
1019	7.321328353961574e-139
1020	5.044034785099235e-139
1021	3.474829885024859e-139
1022	2.3936261240055123e-139
1023	1.6487180145652238e-139
1024	1.1355434467772534e-139
1025	7.820390476460049e-140
1026	5.385430648366316e-140
1027	3.708341823775357e-140
1028	2.553326831043713e-140
1029	1.7579252014908635e-140
1030	1.2102127236695514e-140
1031	8.330870463466784e-141
1032	5.734379074889657e-141
1033	3.9468422774433174e-141
1034	2.716317334658226e-141
1035	1.8692982736448348e-141
1036	1.2863053501109086e-141
1037	8.85068580260165e-142
1038	6.089437158446367e-142
1039	4.189331903793894e-142
1040	2.881905772978694e-142
1041	1.982358428114727e-142
1042	1.3634900962695123e-142
1043	9.377545941332042e-143
1044	6.449021494279408e-143
1045	4.434716527065636e-143
1046	3.049336309032343e-143
1047	2.0965837287436566e-143
1048	1.4414066681445503e-143
1049	9.908964604760835e-144
1050	6.811416957754343e-144
1051	4.681813382157754e-144
1052	3.2177935641502047e-144
1053	2.2114122485700975e-144
1054	1.5196679314494789e-144
1055	1.044227551067896e-144
1056	7.174787793989361e-145
1057	4.929358930010684e-145
1058	3.386408119026175e-145
1059	2.326245937358147e-145
1060	1.597862627666465e-145
1061	1.0974651423455802e-145
1062	7.537190971214152e-146
1063	5.17601820689841e-146
1064	3.554263053541875e-146
1065	2.440455192156534e-146
1066	1.6755585656075158e-146
1067	1.1503126422066371e-146
1068	7.896591705288468e-147
1069	5.420395639367417e-147
1070	3.720401475305327e-147
1071	2.553384094365196e-147
1072	1.7523062619559356e-147
1073	1.2024621190345983e-147
1074	8.25088101700234e-148
1075	5.66104722536365e-148
1076	3.883834965619963e-148
1077	2.6643562623576124e-148
1078	1.827642994453063e-148
1079	1.2535971070912332e-148
1080	8.59789513856753e-149
1081	5.896493951430574e-149
1082	4.043552850828323e-149
1083	2.7726812546345598e-149
1084	1.9010972218731231e-149
1085	1.3033956559845248e-149
1086	8.935436542211705e-150
1087	6.125236286486098e-150
1088	4.198532187156072e-150
1089	2.8776614451327415e-150
1090	1.9721933159377406e-150
1091	1.3515335858693716e-150
1092	9.261296323115779e-151
1093	6.34576956538813e-151
1094	4.347748328869019e-151
1095	2.9785992800325432e-151
1096	2.040456542098266e-151
1097	1.3976879045390263e-151
1098	9.573277632203498e-152
1099	6.55660005097279e-152
1100	4.490185933212557e-152
1101	3.0748048145355887e-152
1102	2.105418218892622e-152
1103	1.4415403377739328e-152
1104	9.869219822529997e-153
1105	6.756261442252654e-153
1106	4.624850241735994e-153
1107	3.165603418943889e-153
1108	2.1666209795658104e-153
1109	1.4827809203640293e-153
1110	1.0147022947180222e-153
1111	6.943331579586733e-154
1112	4.750778466622177e-154
1113	3.250343536243539e-154
1114	2.223624055040083e-154
1115	1.5211115922563483e-154
1116	1.0404672227532662e-154
1117	7.116449085471893e-155
1118	4.867051102914229e-155
1119	3.328404368520077e-155
1120	2.2760084942594247e-155
1121	1.5562497423786173e-155
1122	1.06402620991248e-155
1123	7.274329672561425e-156
1124	4.972802983347512e-156
1125	3.399203367101586e-156
1126	2.323382236573393e-156
1127	1.5879316419614252e-156
1128	1.0852019438692111e-156
1129	7.415781848970913e-157
1130	5.067233892069159e-157
1131	3.462203401471851e-157
1132	2.365384951215591e-157
1133	1.615915709652679e-157
1134	1.1038325580610898e-157
1135	7.539721755030562e-158
1136	5.1496185569837746e-158
1137	3.516919484791318e-158
1138	2.4016925611433374e-158
1139	1.6399855524255888e-158
1140	1.1197736743970162e-158
1141	7.645186875469114e-159
1142	5.219315847788507e-159
1143	3.5629249392952736e-159
1144	2.432021372500116e-159
1145	1.659952729211542e-159
1146	1.132900251284e-159
1147	7.731348386463281e-160
1148	5.2757770179205006e-160
1149	3.5998568928615564e-160
1150	2.45613173671612e-160
1151	1.6756591882947183e-160
1152	1.1431082041567097e-160
1153	7.797521917808673e-161
1154	5.318552843410592e-161
1155	3.627421008496585e-161
1156	2.4738311796456555e-161
1157	1.6869793347182742e-161
1158	1.1503157693631873e-161
1159	7.843176536257482e-162
1160	5.347299529735183e-162
1161	3.645395361179112e-162
1162	2.4849769410323614e-162
1163	1.6938216901644527e-162
1164	1.154464586598937e-162
1165	7.867941786337906e-163
1166	5.3617832788568456e-163
1167	3.6536333911802924e-163
1168	2.489477877787922e-163
1169	1.696130114855161e-163
1170	1.1555204799956852e-163
1171	7.871612659035176e-164
1172	5.3618834322184225e-164
1173	3.6520658792892575e-164
1174	2.4872956958540632e-164
1175	1.693884568810603e-164
1176	1.1534739233487583e-164
1177	7.854152395789972e-165
1178	5.347594131026923e-165
1179	3.640701906985885e-165
1180	2.478445487532953e-165
1181	1.687101398136328e-165
1182	1.148340180693397e-165
1183	7.815693074599308e-166
1184	5.319024462126863e-166
1185	3.6196287830874153e-166
1186	2.4629955638380734e-166
1187	1.675833140681604e-166
1188	1.1401591193737949e-166
1189	7.756533965577965e-167
1190	5.276397085505483e-167
1191	3.5890109373432476e-167
1192	2.441066584346886e-167
1193	1.6601678542295355e-167
1194	1.1289946987579316e-167
1195	7.677137684255726e-168
1196	5.220045367316358e-168
1197	3.549087800389257e-168
1198	2.4128299999127837e-168
1199	1.640227979128744e-168
1200	1.114934143693179e-168
1201	7.578124211224358e-169
1202	5.1504090696568113e-169
1203	3.5001707080094235e-169
1204	2.3785058361430377e-169
1205	1.6161687557634392e-169
1206	1.0980868175335941e-169
1207	7.460262885474076e-170
1208	5.0680286744838836e-170
1209	3.442638885287187e-170
1210	2.3383598574359645e-170
1211	1.5881762252714579e-170
1212	1.0785828149653915e-170
1213	7.324462515070548e-171
1214	4.97353844345375e-171
1215	3.376934582618554e-171
1216	2.292700162371413e-171
1217	1.556464849288537e-171
1218	1.0565712997904457e-171
1219	7.171759781823459e-172
1220	4.867658337533074e-172
1221	3.3035574502903445e-172
1222	2.24187327106974e-172
1223	1.5212747910449816e-172
1224	1.0322186171876445e-172
1225	7.0033061455855e-173
1226	4.751184939469026e-173
1227	3.22305825108519e-173
1228	2.1862597735886733e-173
1229	1.4828689057309508e-173
1230	1.0057062136610122e-173
1231	6.820353478136678e-174
1232	4.624981538217891e-174
1233	3.1360320208937598e-174
1234	2.126269615320064e-174
1235	1.4415294925537664e-174
1236	9.772284008271938e-175
1237	6.624238675783608e-175
1238	4.489967546877389e-175
1239	3.043110795371792e-175
1240	2.0623371005507793e-175
1241	1.3975548642592806e-175
1242	9.469900013389634e-176
1243	6.41636751346256e-176
1244	4.347107434330912e-176
1245	2.9449560261427213e-176
1246	1.994915698769043e-176
1247	1.3512557920088969e-176
1248	9.152039165436786e-177
1249	6.198198011053937e-177
1250	4.197399355553586e-177
1251	2.842250812825756e-177
1252	1.9244727398914596e-177
1253	1.3029518843810362e-177
1254	8.820886559330654e-178
1255	5.971223584762047e-178
1256	4.041863666333416e-178
1257	2.735692077278481e-178
1258	1.8514840843503946e-178
1259	1.2529679589039483e-178
1260	8.478658680553694e-179
1261	5.736956252864172e-179
1262	3.8815315051124475e-179
1263	2.6259828039301866e-179
1264	1.7764288519899023e-179
1265	1.2016304629715612e-179
1266	8.12757911368276e-180
1267	5.496910156094886e-180
1268	3.7174336178955393e-180
1269	2.513824465082121e-180
1270	1.6997842900318056e-180
1271	1.1492639983027503e-180
1272	7.769855015576803e-181
1273	5.252585638840792e-181
1274	3.550589592024893e-181
1275	2.3999097427647854e-181
1276	1.6220208551713221e-181
1277	1.0961879993948243e-181
1278	7.407654692082354e-182
1279	5.0054541185711666e-182
1280	3.381997651358521e-182
1281	2.284915649388536e-182
1282	1.543597578269479e-182
1283	1.0427136117888496e-182
1284	7.043086584621734e-183
1285	4.756943948201892e-183
1286	3.2126251494957837e-183
1287	2.16949713831716e-183
1288	1.4649577723651484e-183
1289	9.891408105690767e-184
1290	6.678179935490475e-184
1291	4.508427449979607e-184
1292	3.0433998795675897e-184
1293	2.0542812829350404e-184
1294	1.3865251360312762e-184
1295	9.35755793503481e-185
1296	6.31486735910735e-185
1297	4.261209270776306e-185
1298	2.8752022993144578e-185
1299	1.9398620891259887e-185
1300	1.3087002946973751e-185
1301	8.828286767588626e-186
1302	5.954969501965872e-186
1303	4.016516178108948e-186
1304	2.7088587491844712e-186
1305	1.8267959916927416e-186
1306	1.2318578126987582e-186
1307	8.306115143726234e-187
1308	5.600181927815838e-187
1309	3.775488384590137e-187
1310	2.545135719582076e-187
1311	1.7155980704845273e-187
1312	1.1563436987363884e-187
1313	7.793366557885958e-188
1314	5.252064317749704e-188
1315	3.539172456599677e-188
1316	2.384735201670861e-188
1317	1.6067390072237555e-188
1318	1.0824734173860462e-188
1319	7.292154489403313e-189
1320	4.912032028536451e-189
1321	3.3085158315250302e-189
1322	2.2282911348121494e-189
1323	1.5006427895727106e-189
1324	1.0105304095098215e-189
1325	6.804372897417248e-190
1326	4.581350007739306e-190
1327	3.084362937637618e-190
1328	2.0763669432669457e-190
1329	1.3976851551711236e-190
1330	9.407651151052449e-191
1331	6.331690125630635e-191
1332	4.2611290218359575e-191
1333	2.867452882177607e-191
1334	1.9294541356176566e-191
1335	1.2981927554903167e-191
1336	8.733944834712752e-192
1337	5.875546104595575e-192
1338	3.952324114579188e-192
1339	2.658418647087682e-192
1340	1.787971922861651e-192
1341	1.2024430076289131e-192
1342	8.086019477316979e-193
1343	5.437152686811892e-193
1344	3.655735177853311e-193
1345	2.457787708504705e-193
1346	1.6522677955768062e-193
1347	1.1106645918236286e-193
1348	7.465378338697684e-194
1349	5.017496904157461e-194
1350	3.3720094869029925e-194
1351	2.265983975963783e-194
1352	1.5226189872120196e-194
1353	1.0230385436140572e-194
1354	6.873201685903e-195
1355	4.617346898645416e-195
1356	3.1016460264151794e-195
1357	2.083330930562497e-195
1358	1.399234739571006e-195
1359	9.396998823947728e-196
1360	6.310358456042868e-196
1361	4.237260246623034e-196
1362	2.845001413784035e-196
1363	1.9100558282037775e-196
1364	1.282259278029214e-196
1365	8.60739712558276e-197
1366	5.777421063577002e-197
1367	3.8775943735076944e-197
1368	2.602297211097797e-197
1369	1.7462948245684558e-197
1370	1.1717753979879915e-197
1371	7.862077296038477e-198
1372	5.274682888071358e-198
1373	3.538518740957662e-198
1374	2.37362840791218e-198
1375	1.5920988726103487e-198
1376	1.0678085604794314e-198
1377	7.161150614095736e-199
1378	4.802177965467035e-199
1379	3.220028480781791e-199
1380	2.1589728525416933e-199
1381	1.4474402409810052e-199
1382	9.703313935939938e-200
1383	6.504373742817104e-200
1384	4.359702403665877e-200
1385	2.921959149535847e-200
1386	1.9582014101435343e-200
1387	1.312219502688928e-200
1388	8.792684973698326e-201
1389	5.8911817428836395e-201
1390	3.9468370509145806e-201
1391	2.6440022840484593e-201
1392	1.7710886308724897e-201
1393	1.1862728471869636e-201
1394	7.945014527503164e-202
1395	5.320722366220269e-202
1396	3.5629709621347787e-202
1397	2.3857214504277156e-202
1398	1.5973237204030616e-202
1399	1.0693795756435383e-202
1400	7.158739399671246e-203
1401	4.791890991559888e-203
1402	3.207325232886607e-203
1403	2.146568496625364e-203
1404	1.4365216175935263e-203
1405	9.612696480127577e-204
1406	6.431968779772705e-204
1407	4.303365607886125e-204
1408	2.8789768018382805e-204
1409	1.925899740562495e-204
1410	1.2882339994457624e-204
1411	8.616311612839952e-205
1412	5.762535041048874e-205
1413	3.8536413041622004e-205
1414	2.576881859170957e-205
1415	1.722991851239188e-205
1416	1.1519600511726516e-205
1417	7.701176505418236e-206
1418	5.148043215275484e-206
1419	3.4410637825128305e-206
1420	2.2998985389656476e-206
1421	1.537057208305026e-206
1422	1.02715685853417e-206
1423	6.863551178001007e-207
1424	4.585918514252659e-207
1425	3.0638614751508492e-207
1426	2.0468086169939978e-207
1427	1.367258555345869e-207
1428	9.132493000357397e-208
1429	6.0994870758106925e-208
1430	4.073451362039621e-208
1431	2.720175910998258e-208
1432	1.8163379802417443e-208
1433	1.2127227928291142e-208
1434	8.096393375335701e-209
1435	5.404889625060158e-209
1436	3.607839499543874e-209
1437	2.4080900443898973e-209
1438	1.6071756797335722e-209
1439	1.0725537874417237e-209
1440	7.157146247382455e-210
1441	4.775576064027948e-210
1442	3.18622681978869e-210
1443	2.125654323900823e-210
1444	1.4179914227757486e-210
1445	9.458441047566633e-211
1446	6.3085637356979525e-211
1447	4.207328162906291e-211
1448	2.8057386859577328e-211
1449	1.8709103427718634e-211
1450	1.2474514036088385e-211
1451	8.316856011318784e-212
1452	5.54446437878659e-212
1453	3.6959395780492734e-212
1454	2.4635135733529547e-212
1455	1.641911972415288e-212
1456	1.0942324118866127e-212
1457	7.291788379613615e-213
1458	4.85873592358499e-213
1459	3.2372577093636556e-213
1460	2.156730959143041e-213
1461	1.4367439360606214e-213
1462	9.570341957060292e-214
1463	6.374413064232605e-214
1464	4.245390012530494e-214
1465	2.827220041994579e-214
1466	1.8826354590398477e-214
1467	1.2535378299535902e-214
1468	8.345900895794957e-215
1469	5.556144733696968e-215
1470	3.6986088648569545e-215
1471	2.461885053732947e-215
1472	1.6385572769162332e-215
1473	1.0904856440933421e-215
1474	7.256759474252479e-216
1475	4.8286967875405195e-216
1476	3.212784179724092e-216
1477	2.1374578568169937e-216
1478	1.4219290912931873e-216
1479	9.458508729018024e-217
1480	6.291174461042731e-217
1481	4.1841293184570816e-217
1482	2.7825486002812723e-217
1483	1.8503108164907302e-217
1484	1.230299551278959e-217
1485	8.179773383150673e-218
1486	5.437958461801384e-218
1487	3.614886673993748e-218
1488	2.402800169260973e-218
1489	1.59699944874815e-218
1490	1.0613435939291495e-218
1491	7.05295873573529e-219
1492	4.686523134375935e-219
1493	3.113825339532891e-219
1494	2.068720278424016e-219
1495	1.3742739463613919e-219
1496	9.128698253010006e-220
1497	6.0632903562807276e-220
1498	4.0269091739831395e-220
1499	2.674232946252259e-220
1500	1.7757856669248224e-220
1501	1.1790867161398926e-220
1502	7.82825229132464e-221
1503	5.196940278892218e-221
1504	3.4498043184257982e-221
1505	2.289839263225862e-221
1506	1.51977505857294e-221
1507	1.0085963322136281e-221
1508	6.69297480660711e-222
1509	4.441040234273197e-222
1510	2.946550674711736e-222
1511	1.95482006382689e-222
1512	1.2967710464613922e-222
1513	8.60168320979526e-223
1514	5.705151493088983e-223
1515	3.783680821824812e-223
1516	2.5091426866957425e-223
1517	1.663794765553095e-223
1518	1.1031578372122546e-223
1519	7.313731943733759e-224
1520	4.848460736357851e-224
1521	3.213898548274264e-224
1522	2.1302170525546914e-224
1523	1.4118187319964985e-224
1524	9.356154579852219e-225
1525	6.199821405885259e-225
1526	4.1079418591721995e-225
1527	2.721652612342704e-225
1528	1.8030358650537782e-225
1529	1.1943710986827734e-225
1530	7.911110093080611e-226
1531	5.239607665612719e-226
1532	3.469950529098555e-226
1533	2.2977932364151468e-226
1534	1.5214641908642446e-226
1535	1.0073389437909513e-226
1536	6.6688751768320435e-227
1537	4.41461265815193e-227
1538	2.9221038463686147e-227
1539	1.9340232421076727e-227
1540	1.2799432317969028e-227
1541	8.469985731288121e-228
1542	5.604509056784811e-228
1543	3.708133598760344e-228
1544	2.4532174529971708e-228
1545	1.6228544429329844e-228
1546	1.0734601246781966e-228
1547	7.099946288629282e-229
1548	4.695555556624305e-229
1549	3.105143326739394e-229
1550	2.053236804924353e-229
1551	1.3575602895177678e-229
1552	8.975153415189479e-230
1553	5.93317665945983e-230
1554	3.921888981842732e-230
1555	2.5921844627925375e-230
1556	1.713164535368156e-230
1557	1.1321260561759799e-230
1558	7.480885510070699e-231
1559	4.942807712186987e-231
1560	3.265554087744895e-231
1561	2.1572599400360324e-231
1562	1.4249856166599134e-231
1563	9.41197706712901e-232
1564	6.216036993317005e-232
1565	4.104957298811656e-232
1566	2.710603490295964e-232
1567	1.7897221426038866e-232
1568	1.1815918056358205e-232
1569	7.800304261784328e-233
1570	5.148939655732459e-233
1571	3.3984917420488425e-233
1572	2.242935404331483e-233
1573	1.4801625640447843e-233
1574	9.76706639453591e-234
1575	6.444376573770078e-234
1576	4.251671466958016e-234
1577	2.8047908151100104e-234
1578	1.8501341345329478e-234
1579	1.2203035871793154e-234
1580	8.048120387908092e-235
1581	5.307413391200031e-235
1582	3.499719314063329e-235
1583	2.3075192380323233e-235
1584	1.521315308537592e-235
1585	1.002893693098285e-235
1586	6.610773772516952e-236
1587	4.357239097510889e-236
1588	2.8716543229578026e-236
1589	1.8924071098040464e-236
1590	1.2469774348666065e-236
1591	8.216071335706181e-237
1592	5.412916920921447e-237
1593	3.5658251607853206e-237
1594	2.3488226284030805e-237
1595	1.5470411396908616e-237
1596	1.0188609955621764e-237
1597	6.709488512197609e-238
1598	4.4179954391860196e-238
1599	2.9088575570353387e-238
1600	1.915053707658742e-238
1601	1.2606680388591639e-238
1602	8.298159474856814e-239
1603	5.461652072686864e-239
1604	3.594408829794355e-239
1605	2.3653318053286603e-239
1606	1.5563877240025749e-239
1607	1.0240109871900436e-239
1608	6.736782086994e-240
1609	4.431608783532147e-240
1610	2.9149514757219506e-240
1611	1.9171770131865254e-240
1612	1.260822741101498e-240
1613	8.290997009195657e-241
1614	5.4515544758279925e-241
1615	3.5842211197752265e-241
1616	2.3562970592479473e-241
1617	1.548909572972153e-241
1618	1.0180821666460145e-241
1619	6.691142935906072e-242
1620	4.397222716284849e-242
1621	2.8894638405155643e-242
1622	1.8985265621142007e-242
1623	1.2473165105689224e-242
1624	8.194023610882631e-243
1625	5.382428437257431e-243
1626	3.535247286759142e-243
1627	2.3217838048222922e-243
1628	1.524699193138597e-243
1629	1.0011679604849272e-243
1630	6.573400004439485e-244
1631	4.315523545590345e-244
1632	2.8329388351161607e-244
1633	1.8595212643945554e-244
1634	1.2204649443998459e-244
1635	8.009578189212119e-245
1636	5.255985054942609e-245
1637	3.4487261027642265e-245
1638	2.2626811460345077e-245
1639	1.4843900982157777e-245
1640	9.737169746412476e-246
1641	6.386712992685121e-246
1642	4.1887263710182854e-246
1643	2.746922951841491e-246
1644	1.801236862613153e-246
1645	1.18101387532735e-246
1646	7.742816443514436e-247
1647	5.0757787315144514e-247
1648	3.327102019879834e-247
1649	2.1806664241518463e-247
1650	1.4291308754253707e-247
1651	9.365142228149878e-248
1652	6.13643766155989e-248
1653	4.0204791431491894e-248
1654	2.6338970823959986e-248
1655	1.7253581244130894e-248
1656	1.1301058750711416e-248
1657	7.401477150448893e-249
1658	4.847044716465128e-249
1659	3.1739126210954284e-249
1660	2.0781274806397405e-249
1661	1.3605316405649577e-249
1662	8.906443376681498e-250
1663	5.829873653613197e-250
1664	3.815690168492668e-250
1665	2.4971587610559876e-250
1666	1.63409860135561e-250
1667	1.0692256706601084e-250
1668	6.995511457445025e-251
1669	4.57644771986818e-251
1670	2.9936183909881622e-251
1671	1.958047539362438e-251
1672	1.2805862886961133e-251
1673	8.374391233933069e-252
1674	5.475911106015181e-252
1675	3.5802902620488203e-252
1676	2.3406622498481633e-252
1677	1.5300932200009097e-252
1678	1.0001280717324785e-252
1679	6.536599717082298e-253
1680	4.2717582958226135e-253
1681	2.7913861506407085e-253
1682	1.8238604022393348e-253
1683	1.1915757506723105e-253
1684	7.784129725549398e-254
1685	5.084599842085141e-254
1686	3.320945586223e-254
1687	2.168827266403313e-254
1688	1.4162709695928648e-254
1689	9.24753288979934e-255
1690	6.037588609925018e-255
1691	3.9414789463230394e-255
1692	2.5728408549198566e-255
1693	1.6792857901999584e-255
1694	1.0959588257324083e-255
1695	7.151905336318835e-256
1696	4.6666703990008754e-256
1697	3.0447406734354416e-256
1698	1.9863293361281253e-256
1699	1.2957163222974445e-256
1700	8.451353839092334e-257
1701	5.511886678399615e-257
1702	3.594445243701025e-257
1703	2.3438025266276505e-257
1704	1.5281559434597393e-257
1705	9.962579481303791e-258
1706	6.494314968603239e-258
1707	4.233039068656378e-258
1708	2.7588528870048093e-258
1709	1.7978857981132638e-258
1710	1.1715286395765106e-258
1711	7.63309949009707e-259
1712	4.972858442116259e-259
1713	3.2394284100248034e-259
1714	2.1100257156354404e-259
1715	1.3742449088189977e-259
1716	8.949473928701069e-260
1717	5.827574237492917e-260
1718	3.794329252343164e-260
1719	2.4702394878908008e-260
1720	1.6080513264875224e-260
1721	1.046688635494892e-260
1722	6.812269497032821e-261
1723	4.43325585109692e-261
1724	2.8847646585782004e-261
1725	1.8769579928924207e-261
1726	1.2211112773397431e-261
1727	7.943509320912818e-262
1728	5.16685184187965e-262
1729	3.360438812686584e-262
1730	2.1853565974442566e-262
1731	1.4210354927296174e-262
1732	9.239400231451381e-263
1733	6.0067399552433106e-263
1734	3.904721190459911e-263
1735	2.5380333701574606e-263
1736	1.6495317477874096e-263
1737	1.0719635870496542e-263
1738	6.965548870350053e-264
1739	4.525708326202101e-264
1740	2.9401780901224275e-264
1741	1.909925919543013e-264
1742	1.2405525588264354e-264
1743	8.056928818334251e-265
1744	5.232142297012022e-265
1745	3.3973882445806537e-265
1746	2.2058012359876913e-265
1747	1.4320002211492692e-265
1748	9.295553562010372e-266
1749	6.033410065014203e-266
1750	3.9156673703492846e-266
1751	2.5409964192520754e-266
1752	1.648760505139562e-266
1753	1.0697106241652813e-266
1754	6.9395323146561494e-267
1755	4.501416560504134e-267
1756	2.919599385197564e-267
1757	1.8934434042418163e-267
1758	1.2278246478085373e-267
1759	7.96114013008961e-268
1760	5.161418087255577e-268
1761	3.345935834982943e-268
1762	2.1688070807030877e-268
1763	1.405655607451935e-268
1764	9.109437833191152e-269
1765	5.9028100810741436e-269
1766	3.824552070283207e-269
1767	2.477746243679596e-269
1768	1.6050460668094765e-269
1769	1.0396150317072096e-269
1770	6.733051220528008e-270
1771	4.360191376438229e-270
1772	2.8232763882220843e-270
1773	1.8279124761486265e-270
1774	1.1833453269642314e-270
1775	7.659874431233951e-271
1776	4.95776334958344e-271
1777	3.2085135070655015e-271
1778	2.0762317724874906e-271
1779	1.343388479365791e-271
1780	8.691228669939587e-272
1781	5.622305597319479e-272
1782	3.636648923823581e-272
1783	2.3520248608853166e-272
1784	1.5210237099644707e-272
1785	9.835207984745216e-273
1786	6.358937320011272e-273
1787	4.1109189482990656e-273
1788	2.657336795795618e-273
1789	1.7175427181456251e-273
1790	1.109996719808303e-273
1791	7.172804383326821e-274
1792	4.634569123344149e-274
1793	2.994213526989923e-274
1794	1.9342345685336217e-274
1795	1.2493623757837372e-274
1796	8.069015623605801e-275
1797	5.210812918886255e-275
1798	3.3646751311784265e-275
1799	2.172368355487241e-275
1800	1.4024145545386973e-275
1801	9.052570286933819e-276
1802	5.842784832824718e-276
1803	3.770685518392596e-276
1804	2.433173647708045e-276
1805	1.5699224717766494e-276
1806	1.0128276690375207e-276
1807	6.533487980398593e-277
1808	4.2141186813225397e-277
1809	2.7178187667987086e-277
1810	1.7526137993504187e-277
1811	1.1300662408933313e-277
1812	7.28573639269334e-278
1813	4.696721645617216e-278
1814	3.0273870115659614e-278
1815	1.951159416537474e-278
1816	1.257387653247313e-278
1817	8.102092399817977e-279
1818	5.2200743787322204e-279
1819	3.3628510038240856e-279
1820	2.1661570033776308e-279
1821	1.3951584800039466e-279
1822	8.984799642924033e-280
1823	5.785547022837654e-280
1824	3.725045400472269e-280
1825	2.3981136395390763e-280
1826	1.543685870050033e-280
1827	9.935712438729571e-281
1828	6.394254931675796e-281
1829	4.114638289431718e-281
1830	2.6474276184888545e-281
1831	1.703205992263228e-281
1832	1.0956222406962134e-281
1833	7.047012109668118e-282
1834	4.53210166203381e-282
1835	2.914369734203962e-282
1836	1.8738721837836915e-282
1837	1.2047183460629613e-282
1838	7.744283771110741e-283
1839	4.977681429772426e-283
1840	3.19906434506583e-283
1841	2.0557429996633233e-283
1842	1.3208836446052826e-283
1843	8.486138854551969e-284
1844	5.451367526741829e-284
1845	3.501470565473546e-284
1846	2.2487703906583048e-284
1847	1.4440734898220852e-284
1848	9.272203438595065e-285
1849	5.952864708141299e-285
1850	3.821363978541429e-285
1851	2.4527882624381175e-285
1852	1.5741673540705116e-285
1853	1.010161610626701e-285
1854	6.481564717252431e-286
1855	4.1583193012751824e-286
1856	2.6675016927418452e-286
1857	1.7109621301223898e-286
1858	1.0972986391254642e-286
1859	7.036520545457283e-287
1860	4.511694465078075e-287
1861	2.89247710189042e-287
1862	1.854166072660028e-287
1863	1.1884357506216608e-287
1864	7.616423549325353e-288
1865	4.880616597512208e-288
1866	3.1271336854297633e-288
1867	2.0033935757403515e-288
1868	1.2833174596500258e-288
1869	8.21958421262251e-289
1870	5.263970404087451e-289
1871	3.370736424363163e-289
1872	2.158160985554552e-289
1873	1.381625977750908e-289
1874	8.843917346695737e-290
1875	5.660389449898779e-290
1876	3.62239098748589e-290
1877	2.3178836461642585e-290
1878	1.4829795196789758e-290
1879	9.486932507479897e-291
1880	6.068250828545181e-291
1881	3.881040830727711e-291
1882	2.481874368699953e-291
1883	1.586931530921308e-291
1884	1.0145730369445417e-291
1885	6.485673678827313e-292
1886	4.145466779490945e-292
1887	2.6493435013318246e-292
1888	1.6929709462674046e-292
1889	1.081700573444419e-292
1890	6.910521967225659e-293
1891	4.414289351165256e-293
1892	2.8194007578894045e-293
1893	1.8005235761054166e-293
1894	1.1497057765892549e-293
1895	7.340411895716157e-294
1896	4.68597403608147e-294
1897	2.991058937161757e-294
1898	1.9089547000105493e-294
1899	1.2181807925678275e-294
1900	7.772724219974114e-295
1901	4.958839706179758e-295
1902	3.1632396327659216e-295
1903	2.0175729261277195e-295
1904	1.2866825953457194e-295
1905	8.204621673111653e-296
1906	5.231070262050561e-296
1907	3.3347809953075313e-296
1908	2.12563535005561e-296
1909	1.3547364067108355e-296
1910	8.63307158580314e-297
1911	5.5007295615241245e-297
1912	3.5044475649602474e-297
1913	2.2323540187870813e-297
1914	1.421839938157424e-297
1915	9.054873676782293e-298
1916	5.765779597810612e-298
1917	3.670942144280343e-298
1918	2.336903674274871e-298
1919	1.4874684344774036e-298
1920	9.466692860577607e-299
1921	6.024101813916729e-299
1922	3.8329196291731524e-299
1923	2.4384307180696265e-299
1924	1.5510804778146832e-299
1925	9.865096784938059e-300
1926	6.27352135456769e-300
1927	3.98900266161221e-300
1928	2.536063304012622e-300
1929	1.6121244890955204e-300
1930	1.024659767213162e-300
1931	6.511833969463341e-301
1932	4.1377989125054606e-301
1933	2.6289224311456216e-301
1934	1.6700458418091222e-301
1935	1.0607697900245064e-301
1936	6.736835194885492e-302
1937	4.2779197486269355e-302
1938	2.716133874846526e-302
1939	1.724294481732898e-302
1940	1.094493862692994e-302
1941	6.946351357278418e-303
1942	4.407999985541837e-303
1943	2.7968407618491164e-303
1944	1.7743329260984624e-303
1945	1.125495063346329e-303
1946	7.138271865264899e-304
1947	4.526718380784644e-304
1948	2.8702165654160075e-304
1949	1.8196444976153048e-304
1950	1.153450645595029e-304
1951	7.310582188608796e-305
1952	4.632818480073335e-305
1953	2.9354782716780745e-305
1954	1.8597416334381064e-305
1955	1.1780572777818153e-305
1956	7.461396866752243e-306
1957	4.725129395770839e-306
1958	2.991899448101531e-306
1959	1.894174097250815e-306
1960	1.1990361987367673e-306
1961	7.588991848322303e-307
1962	4.802586072874092e-307
1963	3.038822931269282e-307
1964	1.9225369148057884e-307
1965	1.2161381760267067e-307
1966	7.691835438847437e-308
1967	4.864248584831773e-308
1968	3.075672844455059e-308
1969	1.944477849978467e-308
1970	1.2291481512326057e-308
1971	7.768617128717196e-309
1972	4.909320000752827e-309
1973	3.10196565660592e-309
1974	1.959704240136374e-309
1975	1.23788945853299e-309
1976	7.8182735885243e-310
1977	4.93716237771013e-310
1978	3.11732000368817e-310
1979	1.9679890165794e-310
1980	1.24222750793995e-310
1981	7.840011155194e-311
1982	4.947310457418e-311
1983	3.121465011173e-311
1984	1.9691757481116e-311
1985	1.242072832962e-311
1986	7.83332418966e-312
1987	4.93948268539e-312
1988	3.11424688259e-312
1989	1.96318256334e-312
1990	1.237383414174e-312
1991	7.7980087647e-313
1992	4.9135892223e-313
1993	3.0956335532e-313
1994	1.9500048298e-313
1995	1.22816620496e-313
1996	7.734171239e-314
1997	4.869736681e-314
1998	3.065717249e-314
1999	1.929716495e-314
2000	1.214477803e-314
2001	7.64223138e-315
2002	4.808229395e-315
2003	3.02471484e-315
2004	1.902470025e-315
2005	1.196424235e-315
2006	7.52291985e-316
2007	4.7295671e-316
2008	2.9729659e-316
2009	1.8684949e-316
2010	1.1741598e-316
2011	7.37727e-317
2012	4.634439e-317
2013	2.9109286e-317
2014	1.828095e-317
2015	1.147885e-317
2016	7.206605e-318
2017	4.523714e-318
2018	2.839173e-318
2019	1.781645e-318
2020	1.117843e-318
2021	7.0125e-319
2022	4.3984e-319
2023	2.75837e-319
2024	1.7296e-319
2025	1.08433e-319
2026	6.797e-320
2027	4.26e-320
2028	2.6694e-320
2029	1.6724e-320
2030	1.0474e-320
2031	6.56e-321
2032	4.11e-321
2033	2.574e-321
2034	1.61e-321
2035	1.01e-321
2036	6.3e-322
2037	3.95e-322
2038	2.47e-322
2039	1.53e-322
2040	1e-322
2041	6e-323
2042	4e-323
2043	2.5e-323
2044	1.5e-323
2045	1e-323
2046	5e-324
2047	5e-324
2048	0.0
2049	0.0
2050	0.0
2051	0.0
2052	0.0
2053	0.0
2054	0.0
2055	0.0
2056	0.0
2057	0.0
2058	0.0
2059	0.0
2060	0.0
2061	0.0
2062	0.0
2063	0.0
2064	0.0
2065	0.0
2066	0.0
2067	0.0
2068	0.0
2069	0.0
2070	0.0
2071	0.0
2072	0.0
2073	0.0
2074	0.0
2075	0.0
2076	0.0
2077	0.0
2078	0.0
2079	0.0
2080	0.0
2081	0.0
2082	0.0
2083	0.0
2084	0.0
2085	0.0
2086	0.0
2087	0.0
2088	0.0
2089	0.0
2090	0.0
2091	0.0
2092	0.0
2093	0.0
2094	0.0
2095	0.0
2096	0.0
2097	0.0
2098	0.0
2099	0.0
2100	0.0
2101	0.0
2102	0.0
2103	0.0
2104	0.0
2105	0.0
2106	0.0
2107	0.0
2108	0.0
2109	0.0
2110	0.0
2111	0.0
2112	0.0
2113	0.0
2114	0.0
2115	0.0
2116	0.0
2117	0.0
2118	0.0
2119	0.0
2120	0.0
2121	0.0
2122	0.0
2123	0.0
2124	0.0
2125	0.0
2126	0.0
2127	0.0
2128	0.0
2129	0.0
2130	0.0
2131	0.0
2132	0.0
2133	0.0
2134	0.0
2135	0.0
2136	0.0
2137	0.0
2138	0.0
2139	0.0
2140	0.0
2141	0.0
2142	0.0
2143	0.0
2144	0.0
2145	0.0
2146	0.0
2147	0.0
2148	0.0
2149	0.0
2150	0.0
2151	0.0
2152	0.0
2153	0.0
2154	0.0
2155	0.0
2156	0.0
2157	0.0
2158	0.0
2159	0.0
2160	0.0
2161	0.0
2162	0.0
2163	0.0
2164	0.0
2165	0.0
2166	0.0
2167	0.0
2168	0.0
2169	0.0
2170	0.0
2171	0.0
2172	0.0
2173	0.0
2174	0.0
2175	0.0
2176	0.0
2177	0.0
2178	0.0
2179	0.0
2180	0.0
2181	0.0
2182	0.0
2183	0.0
2184	0.0
2185	0.0
2186	0.0
2187	0.0
2188	0.0
2189	0.0
2190	0.0
2191	0.0
2192	0.0
2193	0.0
2194	0.0
2195	0.0
2196	0.0
2197	0.0
2198	0.0
2199	0.0
2200	0.0
2201	0.0
2202	0.0
2203	0.0
2204	0.0
2205	0.0
2206	0.0
2207	0.0
2208	0.0
2209	0.0
2210	0.0
2211	0.0
2212	0.0
2213	0.0
2214	0.0
2215	0.0
2216	0.0
2217	0.0
2218	0.0
2219	0.0
2220	0.0
2221	0.0
2222	0.0
2223	0.0
2224	0.0
2225	0.0
2226	0.0
2227	0.0
2228	0.0
2229	0.0
2230	0.0
2231	0.0
2232	0.0
2233	0.0
2234	0.0
2235	0.0
2236	0.0
2237	0.0
2238	0.0
2239	0.0
2240	0.0
2241	0.0
2242	0.0
2243	0.0
2244	0.0
2245	0.0
2246	0.0
2247	0.0
2248	0.0
2249	0.0
2250	0.0
2251	0.0
2252	0.0
2253	0.0
2254	0.0
2255	0.0
2256	0.0
2257	0.0
2258	0.0
2259	0.0
2260	0.0
2261	0.0
2262	0.0
2263	0.0
2264	0.0
2265	0.0
2266	0.0
2267	0.0
2268	0.0
2269	0.0
2270	0.0
2271	0.0
2272	0.0
2273	0.0
2274	0.0
2275	0.0
2276	0.0
2277	0.0
2278	0.0
2279	0.0
2280	0.0
2281	0.0
2282	0.0
2283	0.0
2284	0.0
2285	0.0
2286	0.0
2287	0.0
2288	0.0
2289	0.0
2290	0.0
2291	0.0
2292	0.0
2293	0.0
2294	0.0
2295	0.0
2296	0.0
2297	0.0
2298	0.0
2299	0.0
2300	0.0
2301	0.0
2302	0.0
2303	0.0
2304	0.0
2305	0.0
2306	0.0
2307	0.0
2308	0.0
2309	0.0
2310	0.0
2311	0.0
2312	0.0
2313	0.0
2314	0.0
2315	0.0
2316	0.0
2317	0.0
2318	0.0
2319	0.0
2320	0.0
2321	0.0
2322	0.0
2323	0.0
2324	0.0
2325	0.0
2326	0.0
2327	0.0
2328	0.0
2329	0.0
2330	0.0
2331	0.0
2332	0.0
2333	0.0
2334	0.0
2335	0.0
2336	0.0
2337	0.0
2338	0.0
2339	0.0
2340	0.0
2341	0.0
2342	0.0
2343	0.0
2344	0.0
2345	0.0
2346	0.0
2347	0.0
2348	0.0
2349	0.0
2350	0.0
2351	0.0
2352	0.0
2353	0.0
2354	0.0
2355	0.0
2356	0.0
2357	0.0
2358	0.0
2359	0.0
2360	0.0
2361	0.0
2362	0.0
2363	0.0
2364	0.0
2365	0.0
2366	0.0
2367	0.0
2368	0.0
2369	0.0
2370	0.0
2371	0.0
2372	0.0
2373	0.0
2374	0.0
2375	0.0
2376	0.0
2377	0.0
2378	0.0
2379	0.0
2380	0.0
2381	0.0
2382	0.0
2383	0.0
2384	0.0
2385	0.0
2386	0.0
2387	0.0
2388	0.0
2389	0.0
2390	0.0
2391	0.0
2392	0.0
2393	0.0
2394	0.0
2395	0.0
2396	0.0
2397	0.0
2398	0.0
2399	0.0
2400	0.0
2401	0.0
2402	0.0
2403	0.0
2404	0.0
2405	0.0
2406	0.0
2407	0.0
2408	0.0
2409	0.0
2410	0.0
2411	0.0
2412	0.0
2413	0.0
2414	0.0
2415	0.0
2416	0.0
2417	0.0
2418	0.0
2419	0.0
2420	0.0
2421	0.0
2422	0.0
2423	0.0
2424	0.0
2425	0.0
2426	0.0
2427	0.0
2428	0.0
2429	0.0
2430	0.0
2431	0.0
2432	0.0
2433	0.0
2434	0.0
2435	0.0
2436	0.0
2437	0.0
2438	0.0
2439	0.0
2440	0.0
2441	0.0
2442	0.0
2443	0.0
2444	0.0
2445	0.0
2446	0.0
2447	0.0
2448	0.0
2449	0.0
2450	0.0
2451	0.0
2452	0.0
2453	0.0
2454	0.0
2455	0.0
2456	0.0
2457	0.0
2458	0.0
2459	0.0
2460	0.0
2461	0.0
2462	0.0
2463	0.0
2464	0.0
2465	0.0
2466	0.0
2467	0.0
2468	0.0
2469	0.0
2470	0.0
2471	0.0
2472	0.0
2473	0.0
2474	0.0
2475	0.0
2476	0.0
2477	0.0
2478	0.0
2479	0.0
2480	0.0
2481	0.0
2482	0.0
2483	0.0
2484	0.0
2485	0.0
2486	0.0
2487	0.0
2488	0.0
2489	0.0
2490	0.0
2491	0.0
2492	0.0
2493	0.0
2494	0.0
2495	0.0
2496	0.0
2497	0.0
2498	0.0
2499	0.0
2500	0.0
