k	pvalue
0	0.9999999995238197
1	0.9843770925433738
2	0.9652233615614314
3	0.9394399425878065
4	0.9077632878367058
5	0.8708512498075293
6	0.829516383232724
7	0.7847309938279958
8	0.7373898054974917
9	0.6884603537128899
10	0.63880591917098
11	0.5892196352189709
12	0.5404049921212637
13	0.49294506888789796
14	0.44732295870810734
15	0.40391189736164396
16	0.362985978688367
17	0.3247265557099053
18	0.28923807235993126
19	0.25655671232258287
20	0.2266606816636297
21	0.1994825337939142
22	0.17491889446090425
23	0.1528392386494395
24	0.13309376018429783
25	0.11552132552386206
26	0.09995406289289695
27	0.08622286677398269
28	0.07416096816340488
29	0.06360681421179654
30	0.05440632604679388
31	0.046414363049119584
32	0.03949575806626138
33	0.03352580994245687
34	0.028390492270958082
35	0.02398632089712578
36	0.020220042242504434
37	0.017008159899834632
38	0.014276352378281006
39	0.011958818621669337
40	0.009997596650725514
41	0.008341868477725473
42	0.006947274340248846
43	0.005775251377430762
44	0.004792406527236393
45	0.003969929804339795
46	0.0032830512856438015
47	0.0027105448353200376
48	0.0022342784074824433
49	0.0018388093096574857
50	0.0015110230603983255
51	0.0012398127890955555
52	0.0010157966590473649
53	0.0008310698848094441
54	0.0006789883241178188
55	0.0005539804619541505
56	0.00045138472331539617
57	0.0003673093264862479
58	0.000298511950243778
59	0.00024229681593574754
60	0.0001964269452359346
61	0.00015904959026148482
62	0.00012863305474885043
63	0.00010391331496312774
64	8.384904514842608e-05
65	6.75838219851875e-05
66	5.441444157605536e-05
67	4.3764423479803094e-05
68	3.516190384897931e-05
69	2.8221230641122865e-05
70	2.2627674257720646e-05
71	1.8124751260616604e-05
72	1.4503736100564605e-05
73	1.1594999272587836e-05
74	9.260867183376802e-06
75	7.389746895300527e-06
76	5.891299962754212e-06
77	4.692484736482127e-06
78	3.734316083530087e-06
79	2.9692166882930326e-06
80	2.3588552431777883e-06
81	1.872384653553816e-06
82	1.4850083308058836e-06
83	1.1768151203836065e-06
84	9.318338339774477e-07
85	7.372670234098419e-07
86	5.828708274106112e-07
87	4.6045368605115195e-07
88	3.634716434023238e-07
89	2.867020261959131e-07
90	2.2598063287538855e-07
91	1.7799031856990982e-07
92	1.400911185972966e-07
93	1.1018390107031702e-07
94	8.660105020206695e-08
95	6.801891510295174e-08
96	5.338776377950472e-08
97	4.1875799775253955e-08
98	3.282446314410189e-08
99	2.571277639294471e-08
100	2.0128932614369278e-08
101	1.5747676215456723e-08
102	1.2312312023645383e-08
103	9.620408780229737e-09
104	7.512448590104298e-09
105	5.862823225198379e-09
106	4.572698232265856e-09
107	3.5643621886443655e-09
108	2.776755757691994e-09
109	2.161937130326165e-09
110	1.6822900005367139e-09
111	1.3083198417322866e-09
112	1.0169158881431017e-09
113	7.899814630991914e-10
114	6.133554086374082e-10
115	4.759633828123477e-10
116	3.691505266917152e-10
117	2.8615712265569863e-10
118	2.217068993902792e-10
119	1.7168401089083024e-10
120	1.3287976616835723e-10
121	1.0279418413262741e-10
122	7.948061062673055e-11
123	6.142413418150398e-11
124	4.744651107059525e-11
125	3.663186791130597e-11
126	2.8268678199530128e-11
127	2.1804476731954796e-11
128	1.681053755109651e-11
129	1.2954340198881208e-11
130	9.97812000924889e-12
131	7.682168068722697e-12
132	5.9118367952884505e-12
133	4.547434785607196e-12
134	3.4963730401667197e-12
135	2.687064445890146e-12
136	2.06418778890605e-12
137	1.5850131304847244e-12
138	1.2165522543654735e-12
139	9.333501300360722e-13
140	7.157741119397405e-13
141	5.486894033582387e-13
142	4.20434111985641e-13
143	3.2202654505186487e-13
144	2.4655243587318917e-13
145	1.8869150053308063e-13
146	1.4435182786763289e-13
147	1.1038768235740032e-13
148	8.438179646301617e-14
149	6.447749647939541e-14
150	4.924931719937711e-14
151	3.760332843547823e-14
152	2.8700386571706235e-14
153	2.18970659049297e-14
154	1.6700218032757174e-14
155	1.2732031057163662e-14
156	9.703174597092835e-15
157	7.39216867997664e-15
158	5.629541102906626e-15
159	4.285667205486944e-15
160	3.2614401868990485e-15
161	2.4811161838951367e-15
162	1.8868295123648046e-15
163	1.4343899864623022e-15
164	1.0900639753018995e-15
165	8.281099535116429e-16
166	6.288924746496696e-16
167	4.774393961475442e-16
168	3.623386292952412e-16
169	2.7489485241761076e-16
170	2.0848518692964813e-16
171	1.580670871956788e-16
172	1.1980263211433965e-16
173	9.077179616651943e-17
174	6.875371071928687e-17
175	5.2059856921926016e-17
176	3.9406908873563306e-17
177	2.9819838380623537e-17
178	2.255810683712592e-17
179	1.7059463961049765e-17
180	1.2897168898879884e-17
181	9.747439859510005e-18
182	7.36469550371169e-18
183	5.562729641104711e-18
184	4.200402397060664e-18
185	3.1707680937899752e-18
186	2.3928172844612116e-18
187	1.8052065436961046e-18
188	1.3614991767553907e-18
189	1.0265539925677744e-18
190	7.737861223488566e-19
191	5.830899963647627e-19
192	4.392649349553718e-19
193	3.3082212101671363e-19
194	2.490808649752855e-19
195	1.8748423543848393e-19
196	1.4108097566162332e-19
197	1.061334279332792e-19
198	7.98209127284168e-20
199	6.001539409880425e-20
200	4.511186843524123e-20
201	3.3900167530386307e-20
202	2.5468093710164072e-20
203	1.9128251783978465e-20
204	1.436279753903749e-20
205	1.0781728228600183e-20
206	8.091405427237576e-21
207	6.0708071059328495e-21
208	4.553616337523097e-21
209	3.414716124998578e-21
210	2.560009445318373e-21
211	1.918748015926761e-21
212	1.4377532134309855e-21
213	1.077063686343748e-21
214	8.066583873015176e-22
215	6.039900026553815e-22
216	4.521288910501486e-22
217	3.383668133853305e-22
218	2.531668452870419e-22
219	1.893738603803982e-22
220	1.416210891302292e-22
221	1.0588418008766189e-22
222	7.914619225133906e-23
223	5.914599146247184e-23
224	4.418933717766855e-23
225	3.300707734372871e-23
226	2.4648732569931276e-23
227	1.8402658809104535e-23
228	1.3736165984838272e-23
229	1.0250616134645103e-23
230	7.647762623649429e-24
231	5.70452275800689e-24
232	4.2540757327897746e-24
233	3.1717035541239443e-24
234	2.3641874979980767e-24
235	1.7618692630015735e-24
236	1.3127086626294754e-24
237	9.778368559772564e-25
238	7.282295497379064e-25
239	5.422187068848266e-25
240	4.036318758047561e-25
241	3.0040117466912217e-25
242	2.235236366679316e-25
243	1.6628435219419825e-25
244	1.2367611917888627e-25
245	9.196599779262144e-26
246	6.83716603355296e-26
247	5.081978137057256e-26
248	3.776571454702991e-26
249	2.8058941598206133e-26
250	2.08426983136294e-26
251	1.5479113593333668e-26
252	1.1493389513636586e-26
253	8.5321888192346e-27
254	6.332620799111825e-27
255	4.6991314590300265e-27
256	3.486287375743357e-27
257	2.585953049964063e-27
258	1.917742685592474e-27
259	1.421911808687856e-27
260	1.0540664485358843e-27
261	7.812260098114983e-28
262	5.788941266282021e-28
263	4.288799103268272e-28
264	3.176777053535114e-28
265	2.352624436574975e-28
266	1.741941875224081e-28
267	1.2895264582925998e-28
268	9.544270670658941e-29
269	7.062711652308956e-29
270	5.22536686149825e-29
271	3.8652627433531544e-29
272	2.858633739708735e-29
273	2.1137596593187558e-29
274	1.5626820453174688e-29
275	1.1550582737928645e-29
276	8.5360264169946e-30
277	6.307053440267829e-30
278	4.659255182032968e-30
279	3.441327669648833e-30
280	2.541296944460199e-30
281	1.8763116403746812e-30
282	1.3850804897373826e-30
283	1.0222705230834663e-30
284	7.543584446996903e-31
285	5.5655881854061105e-31
286	4.105500161786012e-31
287	3.027910742362899e-31
288	2.232761569261712e-31
289	1.6461302828292143e-31
290	1.2134137907005307e-31
291	8.94286761427169e-32
292	6.589737500357886e-32
293	4.854931970822039e-32
294	3.5762031660350667e-32
295	2.63381639387989e-32
296	1.9394266728550838e-32
297	1.4278614207025423e-32
298	1.0510511557706471e-32
299	7.73547553370559e-33
300	5.692143166223826e-33
301	4.1878441642435075e-33
302	3.0805720668257074e-33
303	2.2656804486845044e-33
304	1.6660676155791027e-33
305	1.2249363628889905e-33
306	9.004541923664396e-34
307	6.618158551135565e-34
308	4.863404658405416e-34
309	3.5733173691091712e-34
310	2.6250100222883686e-34
311	1.9280521554901007e-34
312	1.415908761005878e-34
313	1.0396344942141714e-34
314	7.632296822107524e-35
315	5.602207881241499e-35
316	4.1114292486729944e-35
317	3.01686786172073e-35
318	2.2133487749693804e-35
319	1.623580211408268e-35
320	1.1907708693436788e-35
321	8.731994193068917e-36
322	6.402206592590336e-36
323	4.693287547361838e-36
324	3.439981422096901e-36
325	2.5209643605489376e-36
326	1.8471799607388907e-36
327	1.3532680282800233e-36
328	9.912672556688048e-37
329	7.259893322074222e-37
330	5.316214184174087e-37
331	3.8923121617012874e-37
332	2.8493515046531655e-37
333	2.08553639480952e-37
334	1.5262409561478316e-37
335	1.1167661050660853e-37
336	8.170249865053241e-38
337	5.97644115858352e-38
338	4.3710356955136593e-38
339	3.196396546203255e-38
340	2.3370701275817284e-38
341	1.7085111755334106e-38
342	1.2488178170637094e-38
343	9.126740966228437e-39
344	6.669110772604433e-39
345	4.8725454191013e-39
346	3.55942469329872e-39
347	2.599799511714721e-39
348	1.8986120340225104e-39
349	1.3863379393561794e-39
350	1.0121355516641636e-39
351	7.388310284015371e-40
352	5.392481062341523e-40
353	3.9352231810959955e-40
354	2.8713591855084e-40
355	2.0948034069463976e-40
356	1.528047274301073e-40
357	1.114469673783184e-40
358	8.12714185033102e-41
359	5.925782645427916e-41
360	4.3200826987370207e-41
361	3.14903174752614e-41
362	2.2950958252213498e-41
363	1.6724901963659258e-41
364	1.21861208214564e-41
365	8.877827169852021e-42
366	6.466769257641547e-42
367	4.709856558505076e-42
368	3.429792100724956e-42
369	2.497283641701177e-42
370	1.818059411431683e-42
371	1.3233921435046899e-42
372	9.631844746129878e-43
373	7.0092410159890345e-43
374	5.1000363171637394e-43
375	3.710363460723777e-43
376	2.698986457571962e-43
377	1.9630265585425473e-43
378	1.4275555501193065e-43
379	1.0380096272218606e-43
380	7.546601541311279e-44
381	5.485841833433723e-44
382	3.987283506466104e-44
383	2.8976976634964346e-44
384	2.105577794438637e-44
385	1.5297903813410173e-44
386	1.1113097326231613e-44
387	8.071997367429405e-45
388	5.862323094973128e-45
389	4.256978693166369e-45
390	3.0908386277812773e-45
391	2.2438532747667233e-45
392	1.628755846439931e-45
393	1.1821186458743958e-45
394	8.578469922906379e-46
395	6.224470607318361e-46
396	4.5158443711990695e-46
397	3.2758168027585805e-46
398	2.375989265137319e-46
399	1.7231127814749262e-46
400	1.2494745893743643e-46
401	9.059115135697433e-47
402	6.56733073429533e-47
403	4.760328080133587e-47
404	3.450085834439055e-47
405	2.5001614895747935e-47
406	1.811554888695521e-47
407	1.312442650248009e-47
408	9.50724533865654e-48
409	6.886122135058781e-48
410	4.987013228412382e-48
411	3.611205658733364e-48
412	2.6146282597059192e-48
413	1.8928396673052307e-48
414	1.3701369471520408e-48
415	9.916548016785732e-49
416	7.17634936898526e-49
417	5.19270033379274e-49
418	3.756900554919904e-49
419	2.7177719281916403e-49
420	1.9658179911715298e-49
421	1.4217417182615974e-49
422	1.0281236040619832e-49
423	7.433909838632027e-50
424	5.374483088437998e-50
425	3.885113203449366e-50
426	2.808137273845887e-50
427	2.0294613414635699e-50
428	1.4665306244516783e-50
429	1.0596184366549739e-50
430	7.655190506058029e-51
431	5.529816719626868e-51
432	3.994052955768389e-51
433	2.8844655496403734e-51
434	2.0828857970475422e-51
435	1.5038836340315607e-51
436	1.0857048734342221e-51
437	7.837151233504531e-52
438	5.6565764304726165e-52
439	4.082236759410074e-52
440	2.9457231013359848e-52
441	2.1253720174235545e-52
442	1.5333009537772362e-52
443	1.1060362624017734e-52
444	7.977392142754583e-53
445	5.753104107563575e-53
446	4.1485214792485746e-53
447	2.9911236841913197e-53
448	2.156380614898346e-53
449	1.5544135901314386e-53
450	1.1203609609379176e-53
451	8.074203029447158e-54
452	5.818241952697876e-54
453	4.192126699839275e-54
454	3.0201438565496796e-54
455	2.1755624960969745e-54
456	1.566990258113103e-54
457	1.128526921856195e-54
458	8.126593576180797e-55
459	5.851352209799006e-55
460	4.212647466624688e-55
461	3.032531099335943e-55
462	2.182763948565498e-55
463	1.5709404969828646e-55
464	1.1304835434398308e-55
465	8.1343038462372305e-56
466	5.8523226902691375e-56
467	4.210056807166253e-56
468	3.02830458641972e-56
469	2.178026446611564e-56
470	1.5663139942251813e-56
471	1.1262807990136517e-56
472	8.097795273039045e-57
473	5.821558325286738e-57
474	4.18469824943457e-57
475	3.007748799521467e-57
476	2.1615813424627005e-57
477	1.553296256363266e-57
478	1.1160657592374204e-57
479	8.018223055752945e-58
480	5.75995946822436e-58
481	4.137268905773342e-58
482	2.971400430967139e-58
483	2.1338397858754196e-58
484	1.5322008905679467e-58
485	1.1000767090881875e-58
486	7.897391499100926e-59
487	5.6688881135809605e-59
488	4.068794003761058e-59
489	2.920029237817627e-59
490	2.0953783702732296e-59
491	1.5034588698953959e-59
492	1.0786351378996643e-59
493	7.737694370801581e-60
494	5.550123573414721e-60
495	3.980594006899548e-60
496	2.854613693442499e-60
497	2.0469211305992657e-60
498	1.4676052433413536e-60
499	1.052135942121525e-60
500	7.542042774455598e-61
501	5.405809445470132e-61
502	3.8742456701557596e-61
503	2.7763124215585275e-61
504	1.9893186133496816e-61
505	1.42526381703649e-61
506	1.0210362248497886e-61
507	7.313783337083996e-62
508	5.238393911022701e-62
509	3.751538512626707e-62
510	2.6864324896973757e-62
511	1.9235248004927374e-62
512	1.377130373430649e-62
513	9.858431027849693e-63
514	7.056609683611612e-63
515	5.050565511812247e-63
516	3.6144282602360513e-63
517	2.586395683095415e-63
518	1.8505726957902056e-63
519	1.323955011114351e-63
520	9.471009401489023e-64
521	6.774470216600506e-64
522	4.8451865758174935e-64
523	3.4649888169611896e-64
524	2.4777038775543706e-64
525	1.7715493756739725e-64
526	1.2665241800785673e-64
527	9.053784211205401e-65
528	6.471475145709671e-65
529	4.625226396806273e-65
530	3.3053642681766806e-65
531	2.361904584456386e-65
532	1.6875712700555365e-65
533	1.2056429578304808e-65
534	8.61255849151611e-66
535	6.151805529939803e-66
536	4.3936961318865655e-66
537	3.1377223112978765e-66
538	2.2405576581028566e-66
539	1.599760375199536e-66
540	1.1421180638207941e-66
541	8.153130252964935e-67
542	5.8196268230884543e-67
543	4.1535871767729844e-67
544	2.964210355970885e-67
545	2.1152040414836253e-67
546	1.5092220159396848e-67
547	1.0767420466588283e-67
548	7.68118011048806e-68
549	5.479009068125215e-68
550	3.9078145241943584e-68
551	2.786915348797828e-68
552	1.987337288922229e-68
553	1.4170246734748923e-68
554	1.010279004544035e-68
555	7.202170269889031e-69
556	5.133855490176936e-69
557	3.6591663218328694e-69
558	2.607828166901614e-69
559	1.8583784506561417e-69
560	1.3241822834407118e-69
561	9.434521183182814e-70
562	6.721256797546246e-70
563	4.787840811671746e-70
564	3.4102605376212884e-70
565	2.4288132014306867e-70
566	1.729654743108815e-70
567	1.2316392924971788e-70
568	8.769331925475302e-71
569	6.243216493193843e-71
570	4.44436017740979e-71
571	3.1635093267527205e-71
572	2.2515835268087947e-71
573	1.6023822668298608e-71
574	1.140258645599397e-71
575	8.113343168299155e-72
576	5.772389089583659e-72
577	4.106489150748606e-72
578	2.921091389713558e-72
579	2.0776818335818756e-72
580	1.4776528784794618e-72
581	1.0508127651231018e-72
582	7.472016804168653e-73
583	5.3126349394459366e-73
584	3.7769548412055155e-73
585	2.6849323256270278e-73
586	1.9084671002331832e-73
587	1.3564251795125085e-73
588	9.639774810924072e-74
589	6.850115010111286e-74
590	4.867307838854158e-74
591	3.458117862103207e-74
592	2.456692729594259e-74
593	1.7451067988702876e-74
594	1.2395194569144e-74
595	8.803287820399399e-75
596	6.251679654403072e-75
597	4.439242191818632e-75
598	3.1519645047131316e-75
599	2.237763563607448e-75
600	1.5885742760564907e-75
601	1.1276163037457646e-75
602	8.003421807633864e-76
603	5.68003027315479e-76
604	4.030753353960321e-76
605	2.860108259609547e-76
606	2.029268152623041e-76
607	1.439650826367403e-76
608	1.0212585614192308e-76
609	7.243944297749301e-77
610	5.1377786565407604e-77
611	3.643649709134315e-77
612	2.5837996202454045e-77
613	1.8320700227944033e-77
614	1.2989318838925343e-77
615	9.208561624011025e-78
616	6.527672780608883e-78
617	4.62685779040402e-78
618	3.279254833232187e-78
619	2.3239429686687353e-78
620	1.6467857077867368e-78
621	1.1668366957555212e-78
622	8.266934111662573e-79
623	5.856529336041471e-79
624	4.1485627194954157e-79
625	2.9384379816377725e-79
626	2.0811192666882e-79
627	1.4738015997499267e-79
628	1.0436208103245302e-79
629	7.389382215601098e-80
630	5.23160884037757e-80
631	3.703600826350733e-80
632	2.621651095246174e-80
633	1.8556132532655594e-80
634	1.3132939105347124e-80
635	9.293907085714652e-81
636	6.576528282969828e-81
637	4.653257293332106e-81
638	3.2921490438317107e-81
639	2.3289705463781294e-81
640	1.6474438743567406e-81
641	1.1652508315659431e-81
642	8.241199266363036e-82
643	5.828055066526583e-82
644	4.121156937357286e-82
645	2.9139156260420505e-82
646	2.0601419303207774e-82
647	1.4563967374844194e-82
648	1.0294960320405896e-82
649	7.276660571247407e-83
650	5.142828646130399e-83
651	3.634415071452218e-83
652	2.5682042764150676e-83
653	1.8146263395117855e-83
654	1.28205748195463e-83
655	9.057127089610252e-84
656	6.397880717819506e-84
657	4.5190231276224815e-84
658	3.191653765938956e-84
659	2.2539786572996827e-84
660	1.591646724041143e-84
661	1.1238450785344355e-84
662	7.934674929801975e-85
663	5.60163474656144e-85
664	3.9542436595091516e-85
665	2.7910980418013023e-85
666	1.9699255665030482e-85
667	1.3902331328386145e-85
668	9.810442114755891e-86
669	6.922336153245587e-86
670	4.884048685477397e-86
671	3.445644843239165e-86
672	2.4306604667632204e-86
673	1.714515347974455e-86
674	1.2092658339585779e-86
675	8.528360434025297e-87
676	6.0141284777571455e-87
677	4.240755946077017e-87
678	2.9900421689147704e-87
679	2.1080205211202144e-87
680	1.4860583925170157e-87
681	1.0475155201366107e-87
682	7.383268129766589e-88
683	5.203558350282391e-88
684	3.6670418200532824e-88
685	2.58401466105801e-88
686	1.8206974825867885e-88
687	1.2827568682467343e-88
688	9.036800089531129e-89
689	6.365738605607965e-89
690	4.483805426031641e-89
691	3.157974187706194e-89
692	2.223997448543474e-89
693	1.5661159570831565e-89
694	1.1027510897001407e-89
695	7.764170386709741e-90
696	5.466088135823924e-90
697	3.8478864057279617e-90
698	2.708519239208596e-90
699	1.9063634629954542e-90
700	1.3416635303646426e-90
701	9.441601813565354e-91
702	6.643729358280355e-91
703	4.674577872848692e-91
704	3.2887973113749915e-91
705	2.3136416309033325e-91
706	1.6274939090760647e-91
707	1.1447403256578774e-91
708	8.051169103974642e-92
709	5.662070852197287e-92
710	3.98158565525483e-92
711	2.7996340486720777e-92
712	1.9683890393124963e-92
713	1.3838375303240667e-92
714	9.72800519760354e-93
715	6.837967512820184e-93
716	4.806122646900519e-93
717	3.377748186991638e-93
718	2.373691751846626e-93
719	1.6679615289921422e-93
720	1.1719590114247267e-93
721	8.233860917770114e-94
722	5.784413995402629e-94
723	4.063310151603835e-94
724	2.854074911486456e-94
725	2.0045439308228798e-94
726	1.407766514929823e-94
727	9.885771110768575e-95
728	6.941532544465897e-95
729	4.8737707403317714e-95
730	3.421683006814035e-95
731	2.4020354874513872e-95
732	1.686102843356317e-95
733	1.1834603778406797e-95
734	8.305933107742653e-96
735	5.8289214938965895e-96
736	4.090280370694919e-96
737	2.8700077502860938e-96
738	2.0136231952168647e-96
739	1.412662802581944e-96
740	9.909779865809099e-97
741	6.951118977710955e-97
742	4.875404776159026e-97
743	3.4192582252031077e-97
744	2.397830122310248e-97
745	1.681396876342957e-97
746	1.178928313279637e-97
747	8.265515033927925e-98
748	5.794524808018127e-98
749	4.061917893800332e-98
750	2.8471469648088592e-98
751	1.995510806789458e-98
752	1.398504151777042e-98
753	9.800290202960183e-99
754	6.8671990382133585e-99
755	4.811559713735951e-99
756	3.3709917780532027e-99
757	2.3615388663008267e-99
758	1.6542384668083438e-99
759	1.1586886937278428e-99
760	8.115234636536451e-100
761	5.683306438275491e-100
762	3.979850588401732e-100
763	2.7867511381489115e-100
764	1.9511710900174659e-100
765	1.3660238625482458e-100
766	9.562842633718347e-101
767	6.693935811033837e-101
768	4.685348620881895e-101
769	3.2792017136482915e-101
770	2.2948813111946795e-101
771	1.6058989821478596e-101
772	1.1236786628018013e-101
773	7.861980901039502e-102
774	5.500317942853801e-102
775	3.847774257726448e-102
776	2.69151854474979e-102
777	1.8825702444493837e-102
778	1.3166521298094179e-102
779	9.207823051785674e-103
780	6.43885976970684e-103
781	4.502223725689319e-103
782	3.1478302270569955e-103
783	2.2007042095235324e-103
784	1.5384316664320304e-103
785	1.0753774632990652e-103
786	7.5163994857511e-104
787	5.253212883539831e-104
788	3.671186012188855e-104
789	2.5653938038680756e-104
790	1.7925363639581153e-104
791	1.2524148513577277e-104
792	8.749732251623635e-105
793	6.112342161969949e-105
794	4.2695972514914164e-105
795	2.9821709853723768e-105
796	2.0827856042111073e-105
797	1.4545310927967962e-105
798	1.0157056905007473e-105
799	7.092171264479446e-106
800	4.951730669468245e-106
801	3.4570153265059054e-106
802	2.413304392149867e-106
803	1.684571419516138e-106
804	1.1757995721109866e-106
805	8.206230857665171e-107
806	5.726915087771355e-107
807	3.9963577275614435e-107
808	2.788525278997887e-107
809	1.945590558173036e-107
810	1.35735974904422e-107
811	9.469022601606147e-108
812	6.605140004198011e-108
813	4.6070784432153606e-108
814	3.213186317070588e-108
815	2.240850848697593e-108
816	1.5626321301536631e-108
817	1.089600573556549e-108
818	7.597044807951524e-109
819	5.296498590621526e-109
820	3.692324478919409e-109
821	2.5738172082080526e-109
822	1.793999839293368e-109
823	1.2503568424157746e-109
824	8.713897409613877e-110
825	6.072364308161943e-110
826	4.231263975991946e-110
827	2.948148556637794e-110
828	2.0539769469612616e-110
829	1.4308982096770748e-110
830	9.967561087712074e-111
831	6.942822753144405e-111
832	4.835598927289737e-111
833	3.367685332339046e-111
834	2.3451994971152206e-111
835	1.633033708317652e-111
836	1.1370448406674686e-111
837	7.9163891663322e-112
838	5.511169857932112e-112
839	3.8364327476709457e-112
840	2.6704135938758004e-112
841	1.8586457965276223e-112
842	1.2935461146274273e-112
843	9.001904293153435e-113
844	6.264033552402459e-113
845	4.3585394669754724e-113
846	3.0324603361559954e-113
847	2.1096797232475488e-113
848	1.4675915302748645e-113
849	1.0208481537341128e-113
850	7.100425848579202e-114
851	4.938271433048563e-114
852	3.434257419356152e-114
853	2.3881306049106462e-114
854	1.66054503784982e-114
855	1.1545443333765392e-114
856	8.026717037195801e-115
857	5.579980623711048e-115
858	3.8787772624253543e-115
859	2.696028121841562e-115
860	1.87379223716953e-115
861	1.3022246363997316e-115
862	9.049359627488809e-116
863	6.288068587569478e-116
864	4.369021565934289e-116
865	3.0354187759412345e-116
866	2.108728010947143e-116
867	1.4648395400701154e-116
868	1.0174828353454271e-116
869	7.066944687450987e-117
870	4.90799226222196e-117
871	3.408345689946261e-117
872	2.366742483780655e-117
873	1.643334575465614e-117
874	1.140955242577628e-117
875	7.920979070889318e-118
876	5.498658881870353e-118
877	3.8168259724524603e-118
878	2.6492053286064958e-118
879	1.8386394509689186e-118
880	1.2759840181152808e-118
881	8.854450488662711e-119
882	6.143922431137603e-119
883	4.262825721602993e-119
884	2.9574484761083487e-119
885	2.051656096381016e-119
886	1.4231796441745238e-119
887	9.871489193580518e-120
888	6.846575951737326e-120
889	4.748232793295288e-120
890	3.292747319082202e-120
891	2.283245694636216e-120
892	1.583123307070336e-120
893	1.0976015270950954e-120
894	7.6092620163802025e-121
895	5.274827516157843e-121
896	3.6563005425115826e-121
897	2.534214794724653e-121
898	1.7563573392467102e-121
899	1.2171672877536612e-121
900	8.434427499443486e-122
901	5.844251594450061e-122
902	4.049208750451255e-122
903	2.80530062703443e-122
904	1.943375133542945e-122
905	1.346176099493383e-122
906	9.324276050396596e-123
907	6.457975500311093e-123
908	4.4724521019543624e-123
909	3.097155770392076e-123
910	2.14461063458286e-123
911	1.4849161433653895e-123
912	1.0280718786320955e-123
913	7.117264717143223e-124
914	4.926867209314673e-124
915	3.410332347961028e-124
916	2.3604275311095887e-124
917	1.6336264952636e-124
918	1.1305323806986706e-124
919	7.823145254945806e-125
920	5.413123591865902e-125
921	3.745265956195958e-125
922	2.591108291361169e-125
923	1.7924896482360407e-125
924	1.2399265219221876e-125
925	8.576368914551784e-126
926	5.93170001638706e-126
927	4.10225955649356e-126
928	2.836843200689594e-126
929	1.9616240554594342e-126
930	1.3563272434380362e-126
931	9.377378829378067e-127
932	6.48286108974685e-127
933	4.481467582303186e-127
934	3.09771957606023e-127
935	2.141076814473086e-127
936	1.4797580571231398e-127
937	1.0226275858826108e-127
938	7.066634499614381e-128
939	4.882880534450614e-128
940	3.3737113452865353e-128
941	2.330816621984696e-128
942	1.610188285396423e-128
943	1.1122786445147145e-128
944	7.682789323755206e-129
945	5.3063103535630566e-129
946	3.664669189353056e-129
947	2.5307271353728618e-129
948	1.7475285939026702e-129
949	1.2066232573906535e-129
950	8.33081584654518e-130
951	5.751376870001058e-130
952	3.970311453464467e-130
953	2.7406008815766392e-130
954	1.89162691328411e-130
955	1.3055504495563942e-130
956	9.009907331845269e-131
957	6.21749563793985e-131
958	4.2902160360608886e-131
959	2.9601338560744733e-131
960	2.0422648473098632e-131
961	1.4089036870805623e-131
962	9.718944203403846e-132
963	6.703867460610456e-132
964	4.6238134645893695e-132
965	3.188920953857867e-132
966	2.1991546637548516e-132
967	1.516478899399478e-132
968	1.0456481076725348e-132
969	7.209469907682991e-133
970	4.970381361964286e-133
971	3.4264523704888844e-133
972	2.3619369614638284e-133
973	1.6280229726512755e-133
974	1.1220737069279465e-133
975	7.73305111301485e-134
976	5.329040498171396e-134
977	3.6721111043254964e-134
978	2.530179101899282e-134
979	1.7432327734274255e-134
980	1.2009589788676257e-134
981	8.273126121245267e-135
982	5.698752607222942e-135
983	3.9251716807574713e-135
984	2.7033744861202102e-135
985	1.861754757107173e-135
986	1.2820573360856483e-135
987	8.827976024950725e-136
988	6.078320130637422e-136
989	4.1848002057809176e-136
990	2.880942748569386e-136
991	1.983185208173314e-136
992	1.365088081254733e-136
993	9.39565010036469e-137
994	6.466388024884852e-137
995	4.450055839555613e-137
996	3.06223092732272e-137
997	2.107071151683346e-137
998	1.449737106462824e-137
999	9.973971109360577e-138
1000	6.861447742053899e-138
1001	4.719893760896241e-138
1002	3.246515656719529e-138
1003	2.2329119654936384e-138
1004	1.5356580726322292e-138
1005	1.056054388893479e-138
1006	7.261843460682916e-139
1007	4.9931696712034696e-139
1008	3.433006412701865e-139
1009	2.3601617120183172e-139
1010	1.6224740805169402e-139
1011	1.1152767297518406e-139
1012	7.665780607785182e-140
1013	5.268645861493213e-140
1014	3.620849824019533e-140
1015	2.488232196445522e-140
1016	1.7097798365865288e-140
1017	1.1747849530961307e-140
1018	8.071336674129949e-141
1019	5.544998839339947e-141
1020	3.80913504398152e-141
1021	2.6164967456178325e-141
1022	1.7971443083614044e-141
1023	1.2342826760954738e-141
1024	8.47647428361385e-142
1025	5.82082848425472e-142
1026	3.9969001580133246e-142
1027	2.7442946884740523e-142
1028	1.8841138546479976e-142
1029	1.2934584986224737e-142
1030	8.879056434810813e-143
1031	6.0946686707845555e-143
1032	4.183139582316393e-143
1033	2.8709365053118586e-143
1034	1.9702158068090614e-143
1035	1.3519884923326593e-143
1036	9.276863789506446e-144
1037	6.364999269130309e-144
1038	4.366812388831182e-144
1039	2.9957095994556706e-144
1040	2.0549624679096438e-144
1041	1.4095389700653618e-144
1042	9.667613840093123e-145
1043	6.630259403938408e-145
1044	4.546851471950413e-145
1045	3.117884631527643e-145
1046	2.1378554875071553e-145
1047	1.4657695057921432e-145
1048	1.004898174618207e-145
1049	6.888861823872052e-146
1050	4.722173453475975e-146
1051	3.23672234372471e-146
1052	2.218390561228528e-146
1053	1.5203361695233356e-146
1054	1.0418622591670962e-146
1055	7.139208208236971e-147
1056	4.891689204626243e-147
1057	3.351480789634438e-147
1058	2.2960623963175537e-147
1059	1.5728949362509935e-147
1060	1.0774194777780038e-147
1061	7.379705213068433e-148
1062	5.054314847954818e-148
1063	3.4614228744800534e-148
1064	2.3703698772397255e-148
1065	1.623105223285298e-148
1066	1.111338423622391e-148
1067	7.608781038270526e-149
1068	5.208983088248155e-149
1069	3.5658241015642235e-149
1070	2.4408213594117717e-149
1071	1.670633506372385e-149
1072	1.1433929120547515e-149
1073	7.824902280246746e-150
1074	5.354654710239833e-150
1075	3.663980413341892e-150
1076	2.50694001434196e-150
1077	1.7151569618754631e-150
1078	1.1733644613571164e-150
1079	8.0265908215028e-151
1080	5.4903300726523534e-151
1081	3.755216010231675e-151
1082	2.5682691460818473e-151
1083	1.756367080163235e-151
1084	1.2010447475457315e-151
1085	8.212440500360725e-152
1086	5.615060422943773e-152
1087	3.838891027153443e-152
1088	2.6243773970242283e-152
1089	1.7939731942559789e-152
1090	1.2262379950703563e-152
1091	8.381133300508734e-153
1092	5.727958855394466e-153
1093	3.914408946988752e-153
1094	2.674863760815314e-153
1095	1.8277058677840138e-153
1096	1.2487632653663084e-153
1097	8.53145480189773e-154
1098	5.828210736963952e-154
1099	3.9812236317946306e-154
1100	2.719362321538147e-154
1101	1.8573200874484968e-154
1102	1.268456606120622e-154
1103	8.662308641490544e-155
1104	5.915083430734585e-155
1105	4.038845856669762e-155
1106	2.7575466413731795e-155
1107	1.8825982074406684e-155
1108	1.2851730257866183e-155
1109	8.772729744631443e-156
1110	5.987935155676137e-156
1111	4.086849237646326e-156
1112	2.789133723619184e-156
1113	1.903352596638874e-156
1114	1.2987882602933792e-156
1115	8.86189610507844e-157
1116	6.046222833795487e-157
1117	4.124875453760278e-157
1118	2.8138874841915345e-157
1119	1.919427943825044e-157
1120	1.30920030202308e-157
1121	8.929138913777432e-158
1122	6.089508791277082e-158
1123	4.152638674373893e-158
1124	2.831621672387721e-158
1125	1.9307031815390942e-158
1126	1.3163306648977543e-158
1127	8.973950862856364e-159
1128	6.117466198636716e-159
1129	4.1699291156917756e-159
1130	2.8422021906763066e-159
1131	1.9370929954364952e-159
1132	1.3201253637584678e-159
1133	8.995992481453067e-160
1134	6.129883155862767e-160
1135	4.1766156649298744e-160
1136	2.845548773327886e-160
1137	1.9385488929791018e-160
1138	1.3205555910426974e-160
1139	8.995096393351955e-161
1140	6.1266653515360585e-161
1141	4.172647526491337e-161
1142	2.841635994669508e-161
1143	1.935059812845138e-161
1144	1.3176180789640205e-161
1145	8.971269422158849e-162
1146	6.107837249520318e-162
1147	4.158054861402971e-162
1148	2.830493589344306e-162
1149	1.926652264403795e-162
1150	1.3113351408605914e-162
1151	8.924692507181593e-163
1152	6.073541782446451e-163
1153	4.1329484088063814e-163
1154	2.812206078960313e-163
1155	1.9133899948037708e-163
1156	1.3017543909790635e-163
1157	8.855718431418986e-164
1158	6.024038557307178e-164
1159	4.0975180960980664e-164
1160	2.7869117116359726e-164
1161	1.8953731894815552e-164
1162	1.288948147583985e-164
1163	8.764867401306713e-165
1164	5.959700604466823e-165
1165	4.0520306619536417e-165
1166	2.754800732931605e-165
1167	1.872737220024427e-165
1168	1.2730125297904408e-165
1169	8.652820555177081e-166
1170	5.881009726658433e-166
1171	3.9968263335809544e-166
1172	2.7161130182219673e-166
1173	1.845650961137953e-166
1174	1.254066263797125e-166
1175	8.520411513035903e-167
1176	5.788550528583861e-167
1177	3.932314615741954e-167
1178	2.6711351074727743e-167
1179	1.8143147058076035e-167
1180	1.232249219132509e-167
1181	8.368616113401673e-168
1182	5.6830032299635e-168
1183	3.8589692639961705e-168
1184	2.6201966933736295e-168
1185	1.7789577144338194e-168
1186	1.2077206999990973e-168
1187	8.198540512843565e-169
1188	5.565135384861241e-169
1189	3.777322527943656e-169
1190	2.563666622666293e-169
1191	1.739835439631994e-169
1192	1.1806575207346267e-169
1193	8.011407849982743e-170
1194	5.4357926474156966e-170
1195	3.687958761708563e-170
1196	2.501948478077829e-170
1197	1.697226473390705e-170
1198	1.1512518977042378e-170
1199	7.808543697405736e-171
1200	5.295888738378363e-171
1201	3.5915075082600923e-171
1202	2.4354758144028514e-171
1203	1.6514292672866828e-171
1204	1.1197091925482676e-171
1205	7.591360541908419e-172
1206	5.146394777834558e-172
1207	3.488636171258056e-172
1208	2.3647071268328883e-172
1209	1.6027586793745102e-172
1210	1.086245543575033e-172
1211	7.361341545327675e-173
1212	4.988328156981841e-173
1213	3.380042392819496e-173
1214	2.2901206325724814e-173
1215	1.5515424031868206e-173
1216	1.0510854231953619e-173
1217	7.120023844892312e-174
1218	4.822741125770763e-174
1219	3.2664462578678812e-174
1220	2.21220894804075e-174
1221	1.498117334947262e-174
1222	1.014459159623692e-174
1223	6.868981653384084e-175
1224	4.650709273558971e-175
1225	3.1485824455646574e-175
1226	2.1314737435789293e-175
1227	1.4428259346570916e-175
1228	9.766004606441952e-176
1229	6.609809415647997e-176
1230	4.4733200767973496e-176
1231	3.0271924457970183e-176
1232	2.0484204555997094e-176
1233	1.3860126351893163e-176
1234	9.377439760789282e-177
1235	6.3441052692787905e-177
1236	4.291661681287162e-177
1237	2.9030169539244865e-177
1238	1.9635531326195864e-177
1239	1.328020350976385e-177
1240	8.98122933753382e-178
1241	6.073455044019327e-178
1242	4.1068120770062674e-178
1243	2.7767885501499285e-178
1244	1.8773694867380555e-178
1245	1.269187134408731e-178
1246	8.579668812885983e-179
1247	5.799417016961678e-179
1248	3.919828811171888e-179
1249	2.649224761192871e-179
1250	1.790356216012476e-179
1251	1.2098430237678336e-179
1252	8.174995630412854e-180
1253	5.523507619563289e-180
1254	3.7317393704791487e-180
1255	2.5210215916577758e-180
1256	1.70298465600881e-180
1257	1.15030712152293e-180
1258	7.769369580394361e-181
1259	5.247188268386876e-181
1260	3.543532346723189e-181
1261	2.3928476008988192e-181
1262	1.6157068107836302e-181
1263	1.0908849362736447e-181
1264	7.364855009274646e-182
1265	4.971853464979353e-182
1266	3.356149481746844e-182
1267	2.265338588588677e-182
1268	1.5289518048780715e-182
1269	1.0318660156481914e-182
1270	6.963405038287158e-183
1271	4.6988202821186696e-183
1272	3.1704786682975384e-183
1273	2.1390929389195013e-183
1274	1.4431227888013358e-183
1275	9.735218912335617e-184
1276	6.566847927656199e-184
1277	4.4293193244387066e-184
1278	2.9873479634014373e-184
1279	2.0146676597196443e-184
1280	1.3585943211663657e-184
1281	9.161043502559246e-185
1282	6.176875679420831e-185
1283	4.164487221913728e-185
1284	2.8075206507582764e-185
1285	1.8925751390803822e-185
1286	1.2757102413270623e-185
1287	8.598440423993005e-186
1288	5.79503492893038e-186
1289	3.905360685482231e-186
1290	2.6316913688377953e-186
1291	1.7732806286501e-186
1292	1.194782037260745e-186
1293	8.049494239837205e-187
1294	5.42272013329971e-187
1295	3.652872125836205e-187
1296	2.460483302263112e-187
1297	1.6572004498461277e-187
1298	1.116087704723584e-187
1299	7.516060358406932e-188
1300	5.061169025449821e-188
1301	3.407846809680122e-188
1302	2.2944464160616787e-188
1303	1.5447009071191537e-188
1304	1.0398710855576463e-188
1305	6.999761057469894e-189
1306	4.711460265559187e-189
1307	3.171001503047399e-189
1308	2.1340566957911054e-189
1309	1.4360978812916551e-189
1310	9.663416655821941e-190
1311	6.501984612936377e-190
1312	4.374513188420439e-190
1313	2.942944528994124e-190
1314	1.9797163416694272e-190
1315	1.3316570660689252e-190
1316	8.956748058894706e-191
1317	6.023887346620872e-191
1318	4.0510895158760436e-191
1319	2.7241771474982365e-191
1320	1.8317548518999122e-191
1321	1.231594802231729e-191
1322	8.280123756691475e-192
1323	5.566398370092923e-192
1324	3.741796878587285e-192
1325	2.5150961489254442e-192
1326	1.6904309195149825e-192
1327	1.1360794568661433e-192
1328	7.634637499818232e-193
1329	5.130226770724687e-193
1330	3.447093971109267e-193
1331	2.315997539152979e-193
1332	1.5559350583915781e-193
1333	1.045233289325484e-193
1334	7.021071322175052e-194
1335	4.71587096213752e-194
1336	3.167297148762369e-194
1337	2.127081184435752e-194
1338	1.4283928676465925e-194
1339	9.591347414867208e-195
1340	6.439911583300986e-195
1341	4.323629904373462e-195
1342	2.9025882640893828e-195
1343	1.948456277349073e-195
1344	1.3078688393860998e-195
1345	8.778210872219408e-196
1346	5.8913673830887825e-196
1347	3.953615889171985e-196
1348	2.6530235346788656e-196
1349	1.7801474815675072e-196
1350	1.1943706126975243e-196
1351	8.012913748255089e-197
1352	5.375390897023934e-197
1353	3.605768582392757e-197
1354	2.418543232585121e-197
1355	1.6221016126737586e-197
1356	1.0878535767196309e-197
1357	7.295095963203102e-198
1358	4.891699182839329e-198
1359	3.2798700185044643e-198
1360	2.1989819882059255e-198
1361	1.4741947144304505e-198
1362	9.882257274481589e-199
1363	6.624080190097311e-199
1364	4.439797020660814e-199
1365	2.9755602505649347e-199
1366	1.9940795078805065e-199
1367	1.33623939471187e-199
1368	8.953526864515413e-200
1369	5.998906172169811e-200
1370	4.019000367444358e-200
1371	2.6923533726794935e-200
1372	1.8034915142259075e-200
1373	1.207992292288643e-200
1374	8.090627946664936e-201
1375	5.4183654570892515e-201
1376	3.628460031740067e-201
1377	2.4296536497705954e-201
1378	1.6268007308377734e-201
1379	1.0891615545342929e-201
1380	7.291522006817983e-202
1381	4.881036006780632e-202
1382	3.267185205464418e-202
1383	2.186771510923666e-202
1384	1.4635277479305803e-202
1385	9.794142165436959e-203
1386	6.553898701705995e-203
1387	4.385316191947094e-203
1388	2.934066524323401e-203
1389	1.9629391867983367e-203
1390	1.313141622266503e-203
1391	8.783833837500711e-204
1392	5.875224511402874e-204
1393	3.929457735686465e-204
1394	2.627898366633433e-204
1395	1.7573257978408427e-204
1396	1.1750700827816492e-204
1397	7.856751325440715e-205
1398	5.252789382004315e-205
1399	3.511597229147606e-205
1400	2.3474001404459613e-205
1401	1.5690517275577483e-205
1402	1.0487092321671587e-205
1403	7.008750562975971e-206
1404	4.683750878694802e-206
1405	3.1297859024542857e-206
1406	2.0912363500503704e-206
1407	1.3972021432011294e-206
1408	9.334326538212354e-207
1409	6.235543972526622e-207
1410	4.165175458346475e-207
1411	2.7820173946520244e-207
1412	1.8580352740982483e-207
1413	1.2408395542086627e-207
1414	8.285998526062434e-208
1415	5.5327571764835145e-208
1416	3.694076558428357e-208
1417	2.4662533258836922e-208
1418	1.6464061279029612e-208
1419	1.0990153260505127e-208
1420	7.335639763383345e-209
1421	4.89598075976636e-209
1422	3.267449283671414e-209
1423	2.1804465322257388e-209
1424	1.4549546211209876e-209
1425	9.707800932359987e-210
1426	6.476787825505636e-210
1427	4.3208168613625385e-210
1428	2.8823015520112182e-210
1429	1.9225618775767573e-210
1430	1.2822968583672257e-210
1431	8.551930396946425e-211
1432	5.703048315258775e-211
1433	3.80292048317629e-211
1434	2.5356816356721333e-211
1435	1.6905946069068076e-211
1436	1.1270715638098188e-211
1437	7.513300372102947e-212
1438	5.008149016539258e-212
1439	3.338035505389684e-212
1440	2.2247021007832508e-212
1441	1.4825862503628525e-212
1442	9.879506410132426e-213
1443	6.582906527875774e-213
1444	4.3859863665806106e-213
1445	2.922025487594459e-213
1446	1.9465602089993982e-213
1447	1.296638127774978e-213
1448	8.636481059704642e-214
1449	5.752040535813333e-214
1450	3.8306644604562205e-214
1451	2.550899413425024e-214
1452	1.698554896705519e-214
1453	1.1309225376821386e-214
1454	7.529274541933001e-215
1455	5.012338532110567e-215
1456	3.3365269019050373e-215
1457	2.2208326029309094e-215
1458	1.4781004913322587e-215
1459	9.836917440112106e-216
1460	6.546075418621174e-216
1461	4.355819558853911e-216
1462	2.8981818974990594e-216
1463	1.928183071423701e-216
1464	1.282737360082308e-216
1465	8.532848969921034e-217
1466	5.67567076388232e-217
1467	3.77491464798525e-217
1468	2.5105210566923526e-217
1469	1.669503656248173e-217
1470	1.11013971415994e-217
1471	7.381330429430223e-218
1472	4.907478234434965e-218
1473	3.2624872882784855e-218
1474	2.168732409119403e-218
1475	1.4415502643426354e-218
1476	9.581208117585788e-219
1477	6.367623904609306e-219
1478	4.2315664573744765e-219
1479	2.8118460678913005e-219
1480	1.868308183578338e-219
1481	1.2412866142800765e-219
1482	8.2463581610221e-220
1483	5.477960086652513e-220
1484	3.638664938327788e-220
1485	2.4167503157097326e-220
1486	1.6050479116953857e-220
1487	1.0658858575682523e-220
1488	7.077825713471546e-221
1489	4.699541368826787e-221
1490	3.1201647137229463e-221
1491	2.0714095757854303e-221
1492	1.375057424738809e-221
1493	9.127294663265281e-222
1494	6.0580055982154e-222
1495	4.020532850018432e-222
1496	2.6681109657215178e-222
1497	1.7704777429094456e-222
1498	1.174744305977845e-222
1499	7.794037691221267e-223
1500	5.1706829964652034e-223
1501	3.430043001774468e-223
1502	2.275188790674894e-223
1503	1.5090426661779985e-223
1504	1.0008103450102764e-223
1505	6.636945048456416e-224
1506	4.400994330030838e-224
1507	2.9180956913821487e-224
1508	1.934703265272114e-224
1509	1.2826119936735475e-224
1510	8.502415162376138e-225
1511	5.635797471635446e-225
1512	3.735377429491394e-225
1513	2.4755951657715727e-225
1514	1.6405548924278628e-225
1515	1.0870959875414346e-225
1516	7.202959728027497e-226
1517	4.7722153040561934e-226
1518	3.1615132149993705e-226
1519	2.0942854947868976e-226
1520	1.3872114348033026e-226
1521	9.187879870721614e-227
1522	6.084905113613325e-227
1523	4.029564827847461e-227
1524	2.6682609437352783e-227
1525	1.7667058524708294e-227
1526	1.1696770609195803e-227
1527	7.743431401038874e-228
1528	5.1258592352420985e-228
1529	3.392857455930365e-228
1530	2.245588890379451e-228
1531	1.4861428859335056e-228
1532	9.83459640118694e-229
1533	6.5075596215765706e-229
1534	4.305716080246308e-229
1535	2.8486442838066316e-229
1536	1.8845021308229828e-229
1537	1.246581287145041e-229
1538	8.24536930839165e-230
1539	5.453372199975844e-230
1540	3.606497748441894e-230
1541	2.384908209061957e-230
1542	1.5769689001379674e-230
1543	1.0426535472526416e-230
1544	6.893223142428161e-231
1545	4.5569057340506743e-231
1546	3.0121952974370304e-231
1547	1.9909555356319248e-231
1548	1.315846798224851e-231
1549	8.695897388634106e-232
1550	5.7463063418326005e-232
1551	3.796893472083639e-232
1552	2.5086108579192886e-232
1553	1.6573086963141938e-232
1554	1.0948099245572163e-232
1555	7.231680417821695e-233
1556	4.776446166063786e-233
1557	3.1545374617435147e-233
1558	2.083203083184649e-233
1559	1.375601455706325e-233
1560	9.082778402613632e-234
1561	5.996666040835013e-234
1562	3.9588225809086296e-234
1563	2.613287691562998e-234
1564	1.7249376183621892e-234
1565	1.1384777005884642e-234
1566	7.513470839844727e-235
1567	4.958172147876095e-235
1568	3.271654954740243e-235
1569	2.1586302660386105e-235
1570	1.4241439233738417e-235
1571	9.394946886920781e-236
1572	6.197258094757772e-236
1573	4.087611580094844e-236
1574	2.695903971227393e-236
1575	1.7778861767135968e-236
1576	1.172379462799706e-236
1577	7.730314118196196e-237
1578	5.096719688413177e-237
1579	3.3600752207757747e-237
1580	2.2149905192484343e-237
1581	1.4600218003283397e-237
1582	9.623019874983895e-238
1583	6.342025366166994e-238
1584	4.17935336743026e-238
1585	2.7539415120600823e-238
1586	1.814532747487202e-238
1587	1.195471872743693e-238
1588	7.875503779181596e-239
1589	5.187782164329673e-239
1590	3.417035576826303e-239
1591	2.2505135199040657e-239
1592	1.4821019700437886e-239
1593	9.759753540629587e-240
1594	6.426342974863678e-240
1595	4.231099205200202e-240
1596	2.785523007686308e-240
1597	1.833684021290463e-240
1598	1.206997679111968e-240
1599	7.944243151147355e-241
1600	5.228327154622519e-241
1601	3.440623016513005e-241
1602	2.2639952353355078e-241
1603	1.4896285398457818e-241
1604	9.800415586411554e-242
1605	6.447257362457913e-242
1606	4.2410120072006285e-242
1607	2.7895101907698876e-242
1608	1.8346377769146637e-242
1609	1.2065258035965001e-242
1610	7.933900950709627e-243
1611	5.216759134583652e-243
1612	3.4298775915834403e-243
1613	2.254863491518523e-243
1614	1.482264342309371e-243
1615	9.743047347732323e-244
1616	6.403651429280926e-244
1617	4.208470110003349e-244
1618	2.765568855063532e-244
1619	1.8172234942193144e-244
1620	1.1939766182816e-244
1621	7.844167987488727e-245
1622	5.153016190470768e-245
1623	3.3848517992242968e-245
1624	2.2232142268846953e-245
1625	1.460112916647431e-245
1626	9.588596002978839e-246
1627	6.296323290748776e-246
1628	4.1341136371309794e-246
1629	2.7141957496416944e-246
1630	1.7818176595263507e-246
1631	1.1696304353609812e-246
1632	7.677102575433451e-247
1633	5.0385929966073167e-247
1634	3.306621143371983e-247
1635	2.1698154345007232e-247
1636	1.4237191196352613e-247
1637	9.340905524032106e-248
1638	6.1279717141505655e-248
1639	4.0198292492590664e-248
1640	2.6367048158351097e-248
1641	1.7293322576470906e-248
1642	1.134118323532295e-248
1643	7.437059520983434e-249
1644	4.876487142013042e-249
1645	3.1972442595992754e-249
1646	2.0960779356354635e-249
1647	1.3740479362003136e-249
1648	9.006564424152958e-250
1649	5.90308754209354e-250
1650	3.868673209745435e-250
1651	2.5351729747293802e-250
1652	1.661176754916135e-250
1653	1.088395561693262e-250
1654	7.130505457981663e-251
1655	4.6710711064566124e-251
1656	3.0596744304569346e-251
1657	2.0039943926341273e-251
1658	1.3124425511119526e-251
1659	8.594618172586961e-252
1660	5.627756860395431e-252
1661	3.684736933573884e-252
1662	2.4123484559886177e-252
1663	1.5791957033335784e-252
1664	1.03369923744571e-252
1665	6.765731139678565e-253
1666	4.427897317991356e-253
1667	2.8976276750006645e-253
1668	1.8960501629757567e-253
1669	1.2405641759946445e-253
1670	8.116163494735134e-254
1671	5.30938776414038e-254
1672	3.472963159099729e-254
1673	2.2715272437753998e-254
1674	1.4855857770898892e-254
1675	9.714925903133853e-255
1676	6.352478389965417e-255
1677	4.153448323702478e-255
1678	2.71541557665746e-255
1679	1.7751115256889086e-255
1680	1.1603173734984035e-255
1681	7.583849836067143e-256
1682	4.956377776141972e-256
1683	3.238924233936551e-256
1684	2.1164053734406374e-256
1685	1.38279744025301e-256
1686	9.033995905635902e-257
1687	5.901505129718953e-257
1688	3.854847764307011e-257
1689	2.5177533531296964e-257
1690	1.6442983048555243e-257
1691	1.0737655723332809e-257
1692	7.011319323596505e-258
1693	4.577742817125951e-258
1694	2.988576442803215e-258
1695	1.9509163531574178e-258
1696	1.2734274160629994e-258
1697	8.311338558251333e-259
1698	5.424115729071318e-259
1699	3.5395502415821135e-259
1700	2.3095551668025865e-259
1701	1.5068488429977094e-259
1702	9.830420406224236e-260
1703	6.412620088605823e-260
1704	4.182730786706302e-260
1705	2.7280056181854555e-260
1706	1.7790637770137944e-260
1707	1.1601086022121304e-260
1708	7.5642628814745915e-261
1709	4.9316855742950645e-261
1710	3.2150291082551996e-261
1711	2.095729202597332e-261
1712	1.3659855652130293e-261
1713	8.90261735271023e-262
1714	5.80162854414021e-262
1715	3.780443124191435e-262
1716	2.4631793667135138e-262
1717	1.6047591831479097e-262
1718	1.0454040197385496e-262
1719	6.809557451821322e-263
1720	4.435208077022695e-263
1721	2.8884806394409888e-263
1722	1.880984576088763e-263
1723	1.2247890115695706e-263
1724	7.974391681086942e-264
1725	5.191514141537847e-264
1726	3.379486195746094e-264
1727	2.1997201375365423e-264
1728	1.43167441415466e-264
1729	9.317108148362633e-265
1730	6.062866564209609e-265
1731	3.944889516662856e-265
1732	2.566561056996344e-265
1733	1.669660748400356e-265
1734	1.0860872523709897e-265
1735	7.064167632121237e-266
1736	4.594275534301061e-266
1737	2.987671193967627e-266
1738	1.9427111916092254e-266
1739	1.2631162544248652e-266
1740	8.211793210982135e-267
1741	5.338168064168648e-267
1742	3.4698124242570918e-267
1743	2.255169701740812e-267
1744	1.4655879734781523e-267
1745	9.523661468284898e-268
1746	6.188071983578622e-268
1747	4.0203704627874495e-268
1748	2.611776784000922e-268
1749	1.696544538551999e-268
1750	1.1019291104768811e-268
1751	7.156508430561116e-269
1752	4.647376051167101e-269
1753	3.0176821839095602e-269
1754	1.9592876180137654e-269
1755	1.271984613125325e-269
1756	8.25704111866968e-270
1757	5.359520286411793e-270
1758	3.4784537211950724e-270
1759	2.257383443256282e-270
1760	1.464816395742625e-270
1761	9.50429169517055e-271
1762	6.16616276316712e-271
1763	4.000081414517699e-271
1764	2.5946647493752313e-271
1765	1.6828763314685442e-271
1766	1.0913941919893931e-271
1767	7.077331109779812e-272
1768	4.588975990840202e-272
1769	2.9752290547825344e-272
1770	1.9287828327803856e-272
1771	1.2502720316919613e-272
1772	8.103710423379331e-273
1773	5.251960828338933e-273
1774	3.4034326750098575e-273
1775	2.205316489290247e-273
1776	1.428837085926456e-273
1777	9.25662105592117e-274
1778	5.996256351344016e-274
1779	3.883879848859129e-274
1780	2.51541254250585e-274
1781	1.6289601196393168e-274
1782	1.0547983177274523e-274
1783	6.829455883364016e-275
1784	4.421406349767412e-275
1785	2.862149802213914e-275
1786	1.852600793466992e-275
1787	1.1990266548739345e-275
1788	7.759491973469174e-276
1789	5.021056964051675e-276
1790	3.248735616648832e-276
1791	2.10179765408696e-276
1792	1.3596423986411083e-276
1793	8.794592245669204e-277
1794	5.68805624284528e-277
1795	3.6784865266997117e-277
1796	2.378655356741339e-277
1797	1.5379807084260418e-277
1798	9.943223884009965e-278
1799	6.427771978210955e-278
1800	4.154804264468761e-278
1801	2.6853289103768476e-278
1802	1.7354062906955458e-278
1803	1.1214025961199537e-278
1804	7.24567091817101e-279
1805	4.681146799767514e-279
1806	3.024004764898295e-279
1807	1.9533010556999968e-279
1808	1.261572894847266e-279
1809	8.147266321963561e-280
1810	5.26099419569312e-280
1811	3.396878598220445e-280
1812	2.1930496773629008e-280
1813	1.4157060911582274e-280
1814	9.138057067116324e-281
1815	5.897809107081763e-281
1816	3.8061297085989146e-281
1817	2.4560230034856023e-281
1818	1.5846640103748364e-281
1819	1.0223458154902112e-281
1820	6.594991843942783e-282
1821	4.25389197542302e-282
1822	2.7435593010714918e-282
1823	1.76928539119438e-282
1824	1.1408722620590182e-282
1825	7.355830025987866e-283
1826	4.742221419259659e-283
1827	3.0569433654729705e-283
1828	1.9703724397649046e-283
1829	1.2698855039493705e-283
1830	8.18344297385754e-284
1831	5.273060469215259e-284
1832	3.397383571989086e-284
1833	2.1886760995582947e-284
1834	1.409851702772689e-284
1835	9.08072111664182e-285
1836	5.8481991319793025e-285
1837	3.765987004086525e-285
1838	2.424880129089463e-285
1839	1.5611925365910018e-285
1840	1.0050260842513634e-285
1841	6.469233351303881e-286
1842	4.163732852872801e-286
1843	2.6795841182481515e-286
1844	1.7242743621710537e-286
1845	1.1094295377509338e-286
1846	7.137520947735586e-287
1847	4.5914443469600907e-287
1848	2.953285615124271e-287
1849	1.8993968408990858e-287
1850	1.2214622444229284e-287
1851	7.854135634414322e-288
1852	5.04975953916766e-288
1853	3.2463615779353697e-288
1854	2.0867811692335496e-288
1855	1.3412529623859016e-288
1856	8.619819713399055e-289
1857	5.539101345245026e-289
1858	3.559049410084859e-289
1859	2.2865580819654473e-289
1860	1.4688718517656516e-289
1861	9.434936165759045e-290
1862	6.059647298193383e-290
1863	3.891427879354886e-290
1864	2.4987558235333767e-290
1865	1.604322897308065e-290
1866	1.0299420954478931e-290
1867	6.611299547924472e-291
1868	4.243398263531935e-291
1869	2.723288308376339e-291
1870	1.7475364799958552e-291
1871	1.1212736458772593e-291
1872	7.193655697743407e-292
1873	4.614666103004169e-292
1874	2.959943714940297e-292
1875	1.8983622547810383e-292
1876	1.2173827048091279e-292
1877	7.805981124184968e-293
1878	5.004723974562885e-293
1879	3.2083737785241623e-293
1880	2.0565625040639377e-293
1881	1.3181077880007582e-293
1882	8.447183472623473e-294
1883	5.412835728265261e-294
1884	3.468084064700796e-294
1885	2.221806146410736e-294
1886	1.4232278064592653e-294
1887	9.115790055398856e-295
1888	5.838022649205968e-295
1889	3.738425516573078e-295
1890	2.393663586566211e-295
1891	1.5324589374677777e-295
1892	9.809928899425487e-296
1893	6.279052016880983e-296
1894	4.018587574706422e-296
1895	2.5716025955213863e-296
1896	1.6454521693157468e-296
1897	1.0527314194224405e-296
1898	6.734428535070428e-297
1899	4.307593167288615e-297
1900	2.7549854076477556e-297
1901	1.7617916371477295e-297
1902	1.1265236876752904e-297
1903	7.202389093559819e-298
1904	4.6042958591636836e-298
1905	2.9430672152854805e-298
1906	1.8809938625134403e-298
1907	1.202056105474552e-298
1908	7.680901298435819e-299
1909	4.90737943116996e-299
1910	3.1349962292194467e-299
1911	2.0025080009732315e-299
1912	1.278972691395468e-299
1913	8.167666169400461e-300
1914	5.215360135282585e-300
1915	3.329815455988647e-300
1916	2.1257171903595102e-300
1917	1.356876067604674e-300
1918	8.660125350041723e-301
1919	5.52659183613355e-301
1920	3.526466319808295e-301
1921	2.2499410769651018e-301
1922	1.4353292072612817e-301
1923	9.15547311028625e-302
1924	5.839274205583894e-302
1925	3.723794228057236e-302
1926	2.374439578040664e-302
1927	1.5138579677251313e-302
1928	9.650673339585229e-303
1929	6.151464084468962e-303
1930	3.920556145086024e-303
1931	2.4984179167542425e-303
1932	1.5919544293391214e-303
1933	1.0142481635852112e-303
1934	6.461090065032992e-304
1935	4.115430199891864e-304
1936	2.6210329404406634e-304
1937	1.6690810432069787e-304
1938	1.0627472489844088e-304
1939	6.765970279803735e-305
1940	4.3070273096583003e-305
1941	2.7414007049995703e-305
1942	1.7446755734536816e-305
1943	1.1102071449746213e-305
1944	7.063833309075318e-306
1945	4.4939047540833574e-306
1946	2.858605278229514e-306
1947	1.8181568002598535e-306
1948	1.1562592028350454e-306
1949	7.352342041232005e-307
1950	4.674581585846758e-307
1951	2.9717086833822936e-307
1952	1.888930929962249e-307
1953	1.2005276988363536e-307
1954	7.629120239781461e-308
1955	4.847555711714364e-308
1956	3.0797618720677066e-308
1957	1.956398638207695e-308
1958	1.2426343513329363e-308
1959	7.891781490292545e-309
1960	5.01132242798861e-309
1961	3.18181658372154e-309
1962	2.0199626521106e-309
1963	1.28220316459865e-309
1964	8.137960121714e-310
1965	5.1643941447987e-310
1966	3.27693791810574e-310
1967	2.07903575818605e-310
1968	1.31886552564525e-310
1969	8.3653436223264e-311
1970	5.305320987639e-311
1971	3.3642174187475e-311
1972	2.1330491051653e-311
1973	1.352265469354e-311
1974	8.57170600331e-312
1975	5.432711923194e-312
1976	3.442786439843e-312
1977	2.18146065526e-312
1978	1.382065017766e-312
1979	8.7549415052e-313
1980	5.54525602146e-313
1981	3.51182954797e-313
1982	2.2237636247e-313
1983	1.40794949173e-313
1984	8.913097997e-314
1985	5.641743439e-314
1986	3.570597694e-314
1987	2.259494745e-314
1988	1.429632687e-314
1989	9.044409383e-315
1990	5.72108569e-315
1991	3.618420877e-315
1992	2.28824217e-315
1993	1.446861807e-315
1994	9.14732633e-316
1995	5.7823348e-316
1996	3.65472003e-316
1997	2.30965284e-316
1998	1.45942204e-316
1999	9.2205446e-317
2000	5.8247005e-317
2001	3.679018e-317
2002	2.323439e-317
2003	1.467141e-317
2004	9.26303e-318
2005	5.84757e-318
2006	3.690947e-318
2007	2.329386e-318
2008	1.46989e-318
2009	9.27406e-319
2010	5.85053e-319
2011	3.69028e-319
2012	2.32735e-319
2013	1.46757e-319
2014	9.2534e-320
2015	5.8334e-320
2016	3.677e-320
2017	2.317e-320
2018	1.4605e-320
2019	9.2e-321
2020	5.795e-321
2021	3.65e-321
2022	2.297e-321
2023	1.45e-321
2024	9.14e-322
2025	5.73e-322
2026	3.6e-322
2027	2.27e-322
2028	1.43e-322
2029	9e-323
2030	5.4e-323
2031	3.5e-323
2032	2.5e-323
2033	1.5e-323
2034	1e-323
2035	5e-324
2036	5e-324
2037	0.0
2038	0.0
2039	0.0
2040	0.0
2041	0.0
2042	0.0
2043	0.0
2044	0.0
2045	0.0
2046	0.0
2047	0.0
2048	0.0
2049	0.0
2050	0.0
2051	0.0
2052	0.0
2053	0.0
2054	0.0
2055	0.0
2056	0.0
2057	0.0
2058	0.0
2059	0.0
2060	0.0
2061	0.0
2062	0.0
2063	0.0
2064	0.0
2065	0.0
2066	0.0
2067	0.0
2068	0.0
2069	0.0
2070	0.0
2071	0.0
2072	0.0
2073	0.0
2074	0.0
2075	0.0
2076	0.0
2077	0.0
2078	0.0
2079	0.0
2080	0.0
2081	0.0
2082	0.0
2083	0.0
2084	0.0
2085	0.0
2086	0.0
2087	0.0
2088	0.0
2089	0.0
2090	0.0
2091	0.0
2092	0.0
2093	0.0
2094	0.0
2095	0.0
2096	0.0
2097	0.0
2098	0.0
2099	0.0
2100	0.0
2101	0.0
2102	0.0
2103	0.0
2104	0.0
2105	0.0
2106	0.0
2107	0.0
2108	0.0
2109	0.0
2110	0.0
2111	0.0
2112	0.0
2113	0.0
2114	0.0
2115	0.0
2116	0.0
2117	0.0
2118	0.0
2119	0.0
2120	0.0
2121	0.0
2122	0.0
2123	0.0
2124	0.0
2125	0.0
2126	0.0
2127	0.0
2128	0.0
2129	0.0
2130	0.0
2131	0.0
2132	0.0
2133	0.0
2134	0.0
2135	0.0
2136	0.0
2137	0.0
2138	0.0
2139	0.0
2140	0.0
2141	0.0
2142	0.0
2143	0.0
2144	0.0
2145	0.0
2146	0.0
2147	0.0
2148	0.0
2149	0.0
2150	0.0
2151	0.0
2152	0.0
2153	0.0
2154	0.0
2155	0.0
2156	0.0
2157	0.0
2158	0.0
2159	0.0
2160	0.0
2161	0.0
2162	0.0
2163	0.0
2164	0.0
2165	0.0
2166	0.0
2167	0.0
2168	0.0
2169	0.0
2170	0.0
2171	0.0
2172	0.0
2173	0.0
2174	0.0
2175	0.0
2176	0.0
2177	0.0
2178	0.0
2179	0.0
2180	0.0
2181	0.0
2182	0.0
2183	0.0
2184	0.0
2185	0.0
2186	0.0
2187	0.0
2188	0.0
2189	0.0
2190	0.0
2191	0.0
2192	0.0
2193	0.0
2194	0.0
2195	0.0
2196	0.0
2197	0.0
2198	0.0
2199	0.0
2200	0.0
2201	0.0
2202	0.0
2203	0.0
2204	0.0
2205	0.0
2206	0.0
2207	0.0
2208	0.0
2209	0.0
2210	0.0
2211	0.0
2212	0.0
2213	0.0
2214	0.0
2215	0.0
2216	0.0
2217	0.0
2218	0.0
2219	0.0
2220	0.0
2221	0.0
2222	0.0
2223	0.0
2224	0.0
2225	0.0
2226	0.0
2227	0.0
2228	0.0
2229	0.0
2230	0.0
2231	0.0
2232	0.0
2233	0.0
2234	0.0
2235	0.0
2236	0.0
2237	0.0
2238	0.0
2239	0.0
2240	0.0
2241	0.0
2242	0.0
2243	0.0
2244	0.0
2245	0.0
2246	0.0
2247	0.0
2248	0.0
2249	0.0
2250	0.0
2251	0.0
2252	0.0
2253	0.0
2254	0.0
2255	0.0
2256	0.0
2257	0.0
2258	0.0
2259	0.0
2260	0.0
2261	0.0
2262	0.0
2263	0.0
2264	0.0
2265	0.0
2266	0.0
2267	0.0
2268	0.0
2269	0.0
2270	0.0
2271	0.0
2272	0.0
2273	0.0
2274	0.0
2275	0.0
2276	0.0
2277	0.0
2278	0.0
2279	0.0
2280	0.0
2281	0.0
2282	0.0
2283	0.0
2284	0.0
2285	0.0
2286	0.0
2287	0.0
2288	0.0
2289	0.0
2290	0.0
2291	0.0
2292	0.0
2293	0.0
2294	0.0
2295	0.0
2296	0.0
2297	0.0
2298	0.0
2299	0.0
2300	0.0
2301	0.0
2302	0.0
2303	0.0
2304	0.0
2305	0.0
2306	0.0
2307	0.0
2308	0.0
2309	0.0
2310	0.0
2311	0.0
2312	0.0
2313	0.0
2314	0.0
2315	0.0
2316	0.0
2317	0.0
2318	0.0
2319	0.0
2320	0.0
2321	0.0
2322	0.0
2323	0.0
2324	0.0
2325	0.0
2326	0.0
2327	0.0
2328	0.0
2329	0.0
2330	0.0
2331	0.0
2332	0.0
2333	0.0
2334	0.0
2335	0.0
2336	0.0
2337	0.0
2338	0.0
2339	0.0
2340	0.0
2341	0.0
2342	0.0
2343	0.0
2344	0.0
2345	0.0
2346	0.0
2347	0.0
2348	0.0
2349	0.0
2350	0.0
2351	0.0
2352	0.0
2353	0.0
2354	0.0
2355	0.0
2356	0.0
2357	0.0
2358	0.0
2359	0.0
2360	0.0
2361	0.0
2362	0.0
2363	0.0
2364	0.0
2365	0.0
2366	0.0
2367	0.0
2368	0.0
2369	0.0
2370	0.0
2371	0.0
2372	0.0
2373	0.0
2374	0.0
2375	0.0
2376	0.0
2377	0.0
2378	0.0
2379	0.0
2380	0.0
2381	0.0
2382	0.0
2383	0.0
2384	0.0
2385	0.0
2386	0.0
2387	0.0
2388	0.0
2389	0.0
2390	0.0
2391	0.0
2392	0.0
2393	0.0
2394	0.0
2395	0.0
2396	0.0
2397	0.0
2398	0.0
2399	0.0
2400	0.0
2401	0.0
2402	0.0
2403	0.0
2404	0.0
2405	0.0
2406	0.0
2407	0.0
2408	0.0
2409	0.0
2410	0.0
2411	0.0
2412	0.0
2413	0.0
2414	0.0
2415	0.0
2416	0.0
2417	0.0
2418	0.0
2419	0.0
2420	0.0
2421	0.0
2422	0.0
2423	0.0
2424	0.0
2425	0.0
2426	0.0
2427	0.0
2428	0.0
2429	0.0
2430	0.0
2431	0.0
2432	0.0
2433	0.0
2434	0.0
2435	0.0
2436	0.0
2437	0.0
2438	0.0
2439	0.0
2440	0.0
2441	0.0
2442	0.0
2443	0.0
2444	0.0
2445	0.0
2446	0.0
2447	0.0
2448	0.0
2449	0.0
2450	0.0
2451	0.0
2452	0.0
2453	0.0
2454	0.0
2455	0.0
2456	0.0
2457	0.0
2458	0.0
2459	0.0
2460	0.0
2461	0.0
2462	0.0
2463	0.0
2464	0.0
2465	0.0
2466	0.0
2467	0.0
2468	0.0
2469	0.0
2470	0.0
2471	0.0
2472	0.0
2473	0.0
2474	0.0
2475	0.0
2476	0.0
2477	0.0
2478	0.0
2479	0.0
2480	0.0
2481	0.0
2482	0.0
2483	0.0
2484	0.0
2485	0.0
2486	0.0
2487	0.0
2488	0.0
2489	0.0
2490	0.0
2491	0.0
2492	0.0
2493	0.0
2494	0.0
2495	0.0
2496	0.0
2497	0.0
2498	0.0
2499	0.0
2500	0.0
