k	pvalue
0	0.9999999995238198
1	0.9844029338863178
2	0.9653547967910466
3	0.9396621983331387
4	0.9078841031103276
5	0.8708474003134425
6	0.8293554009650351
7	0.7843662820957017
8	0.7368957329848811
9	0.687850097424992
10	0.6381086172698198
11	0.5884726162936924
12	0.5396366545934559
13	0.4921923600442633
14	0.4466110927011921
15	0.40325988340688207
16	0.36240872398971896
17	0.32423443259770196
18	0.28883766378237286
19	0.2562491182806075
20	0.22644458052290112
21	0.19935257147540855
22	0.17486819512136526
23	0.15285940690269828
24	0.13317569930717627
25	0.11565539813247128
26	0.10013074698717801
27	0.08643307963676847
28	0.07439612580069514
29	0.06385915863850086
30	0.05466890769701124
31	0.04668118961864433
32	0.03976171877979068
33	0.03378670129474146
34	0.02864294642875558
35	0.024227733171594962
36	0.020448507558201198
37	0.017222373483645876
38	0.014475530397086375
39	0.012142615235388418
40	0.01016602485933901
41	0.008495228478255804
42	0.007086088673274576
43	0.005900208855620198
44	0.004904312427558502
45	0.004069664412166956
46	0.0033715351934094553
47	0.00278871110596179
48	0.0023030504023118336
49	0.00189908351263662
50	0.0015636564517343427
51	0.0012856139731547073
52	0.0010555200515798536
53	0.000865412540081077
54	0.0007085887515543948
55	0.0005794190408829485
56	0.0004731853508759738
57	0.00038594191631116805
58	0.00031439556364678373
59	0.00025580317221639254
60	0.00020788413691269714
61	0.00016874587219174695
62	0.00013682059051569397
63	0.00011081180411770879
64	8.964917380058851e-05
65	7.245049955824842e-05
66	5.848979907692008e-05
67	4.717056381948297e-05
68	3.800340105509068e-05
69	3.0587383426148433e-05
70	2.4594523354475607e-05
71	1.975687399712843e-05
72	1.5855833396480393e-05
73	1.2713291627559974e-05
74	1.0184316632675975e-05
75	8.151121763340855e-06
76	6.518098718483124e-06
77	5.207734410286042e-06
78	4.157259734936333e-06
79	3.315903274329004e-06
80	2.6426440612718315e-06
81	2.1043753957913887e-06
82	1.6744066249953703e-06
83	1.3312423618566316e-06
84	1.057589090754676e-06
85	8.395478592384451e-07
86	6.659590286792579e-07
87	5.278711019250136e-07
88	4.181106522354536e-07
89	3.3093452165050214e-07
90	2.617488753448884e-07
91	2.0688251628261766e-07
92	1.63404182394149e-07
93	1.289754512322091e-07
94	1.0173243752797725e-07
95	8.019074599068855e-08
96	6.316918523332983e-08
97	4.972860036316517e-08
98	3.9122875676302e-08
99	3.07597234456625e-08
100	2.4169333607643698e-08
101	1.8979331439643167e-08
102	1.489479200109053e-08
103	1.1682304351354753e-08
104	9.157275936976647e-09
105	7.173826975716013e-09
106	5.616753193720137e-09
107	4.395138847869736e-09
108	3.4372852914367273e-09
109	2.686687323190101e-09
110	2.098843344078029e-09
111	1.6387284822462566e-09
112	1.2787944151625888e-09
113	9.973872864754024e-10
114	7.774972431462457e-10
115	6.057707969923959e-10
116	4.717313255095654e-10
117	3.671642794746981e-10
118	2.85632630406194e-10
119	2.2209522755898033e-10
120	1.7260641032999352e-10
121	1.340797325416665e-10
122	1.0410223645368308e-10
123	8.078855567269913e-11
124	6.266637839885299e-11
125	4.858658646497187e-11
126	3.765279756676191e-11
127	2.916615473249885e-11
128	2.2582089517722108e-11
129	1.7476482241174388e-11
130	1.3519192443696248e-11
131	1.045336633559888e-11
132	8.07926964683345e-12
133	6.24166331652463e-12
134	4.819951146281808e-12
135	3.720495002051524e-12
136	2.870623958237371e-12
137	2.2139665032674516e-12
138	1.7068155450988428e-12
139	1.3152991850435747e-12
140	1.0131797885104706e-12
141	7.801427030397191e-13
142	6.004663654270256e-13
143	4.619893172203072e-13
144	3.5530823970155076e-13
145	2.731556480385431e-13
146	2.0991723108148805e-13
147	1.6125768001964852e-13
148	1.2383075835279893e-13
149	9.505475259622915e-14
150	7.293864091082854e-14
151	5.594758617332881e-14
152	4.289890485681274e-14
153	3.288164296911777e-14
154	2.5194429817640273e-14
155	1.929747685548936e-14
156	1.4775518274935296e-14
157	1.1309211599623691e-14
158	8.653076478694642e-15
159	6.618484194604232e-15
160	5.0605470892788426e-15
161	3.868018004303305e-15
162	2.955511889169885e-15
163	2.257518150331657e-15
164	1.7237933450172742e-15
165	1.3158174300161372e-15
166	1.0040691380997705e-15
167	7.659319692855216e-16
168	5.840854699817189e-16
169	4.452698130001076e-16
170	3.3933741891671484e-16
171	2.5852520380519715e-16
172	1.9689633857915785e-16
173	1.4991219666623913e-16
174	1.141042502967934e-16
175	8.68226702742617e-17
176	6.604376787978652e-17
177	5.0222559803893703e-17
178	3.817992270819362e-17
179	2.9016253096095475e-17
180	2.2045430194726936e-17
181	1.6744325242820424e-17
182	1.2714210665678154e-17
183	9.651274675927828e-18
184	7.324100592296507e-18
185	5.5564715792076235e-18
186	4.214245932487766e-18
187	3.195342655863165e-18
188	2.422102783843555e-18
189	1.8354647623518256e-18
190	1.3905245279319665e-18
191	1.0531521943303892e-18
192	7.974147249076414e-19
193	6.036132122796528e-19
194	4.567886751204938e-19
195	3.4558489095838454e-19
196	2.6138322227734427e-19
197	1.9764458320171198e-19
198	1.4940910700596236e-19
199	1.1291583691997058e-19
200	8.531373588993999e-20
201	6.444215415485665e-20
202	4.866411058096091e-20
203	3.673971976203001e-20
204	2.7730126161106873e-20
205	2.092461374824667e-20
206	1.5785316239497236e-20
207	1.1905290102824281e-20
208	8.976729867555486e-21
209	6.766879149461886e-21
210	5.099779277932948e-21
211	3.842444763832454e-21
212	2.894394814608861e-21
213	2.179728385169986e-21
214	1.6411264166540766e-21
215	1.2353138555479538e-21
216	9.296270971107172e-22
217	6.994182821139951e-22
218	5.260929516250139e-22
219	3.9562691593099565e-22
220	2.9744560935583193e-22
221	2.2357756114340193e-22
222	1.680151001046738e-22
223	1.262316874483022e-22
224	9.481759828716968e-23
225	7.120500400682254e-23
226	5.346057045018439e-23
227	4.0129030904644227e-23
228	3.011523531605933e-23
229	2.2595234178596794e-23
230	1.6949266742511363e-23
231	1.2711270034282372e-23
232	9.530845139606008e-24
233	7.144614318378015e-24
234	5.354655562418752e-24
235	4.0122697671060824e-24
236	3.005764849291053e-24
237	2.2512649993066463e-24
238	1.6857975807745998e-24
239	1.2620944710030413e-24
240	9.44683588919371e-25
241	7.069511080963287e-25
242	5.2893379874217935e-25
243	3.956604262284743e-25
244	2.9590594173759624e-25
245	2.212559453005539e-25
246	1.6540430817752182e-25
247	1.236259657587212e-25
248	9.238128391657829e-26
249	6.901922948806947e-26
250	5.1554719940487676e-26
251	3.850165180791287e-26
252	2.874771200928817e-26
253	2.1460537092399972e-26
254	1.6017386201829754e-26
255	1.195244747303045e-26
256	8.91736514827559e-27
257	6.651676775931637e-27
258	4.960677241721942e-27
259	3.698847407406577e-27
260	2.7574511608505046e-27
261	2.0552543173014354e-27
262	1.531581065106241e-27
263	1.1411203147697009e-27
264	8.500417582154e-28
265	6.330919679896917e-28
266	4.714236926642627e-28
267	3.5097356169744437e-28
268	2.6124989845476287e-28
269	1.94427153636946e-28
270	1.4466953801732628e-28
271	1.0762594658687296e-28
272	8.00528704175312e-29
273	5.953292040938996e-29
274	4.426476230252887e-29
275	3.2906376981991413e-29
276	2.4458132586914804e-29
277	1.817557348152973e-29
278	1.3504386436031464e-29
279	1.0031913992808276e-29
280	7.451011806975676e-30
281	5.53311260061513e-30
282	4.10815541271167e-30
283	3.0496332389751038e-30
284	2.2634559185156783e-30
285	1.6796563517299053e-30
286	1.246215314229738e-30
287	9.244645546418798e-31
288	6.8566543587948746e-31
289	5.084629818505777e-31
290	3.7699169827573816e-31
291	2.7946657322454108e-31
292	2.071351765676296e-31
293	1.534984596870883e-31
294	1.1373146249687664e-31
295	8.425271954730027e-32
296	6.240425394254682e-32
297	4.621380043324237e-32
298	3.4218159946605147e-32
299	2.533199257832697e-32
300	1.8750378424841048e-32
301	1.3876468604081234e-32
302	1.0267775415242292e-32
303	7.59630674640808e-33
304	5.618981468713179e-33
305	4.155678307900899e-33
306	3.072951446526237e-33
307	2.271952089939237e-33
308	1.6794712322537444e-33
309	1.2412982224153806e-33
310	9.172972554124203e-34
311	6.777580452620604e-34
312	5.006913913938287e-34
313	3.6982532674378885e-34
314	2.73120615225697e-34
315	2.016711825631599e-34
316	1.4888980449745897e-34
317	1.0990515065508521e-34
318	8.111540139689254e-35
319	5.985783475136912e-35
320	4.416429523927129e-35
321	3.2580251987532823e-35
322	2.4030932170378725e-35
323	1.772229860967942e-35
324	1.3067813979649075e-35
325	9.634285351324812e-36
326	7.101824556222994e-36
327	5.2342498447296275e-36
328	3.857209568716991e-36
329	2.8420158725763772e-36
330	2.0936999286985362e-36
331	1.542187752496208e-36
332	1.1357823857363765e-36
333	8.363504025430512e-37
334	6.157676451373764e-37
335	4.532951853085404e-37
336	3.3364235778278267e-37
337	2.455371892144165e-37
338	1.8067147409752218e-37
339	1.3292243577047257e-37
340	9.777854558225449e-38
341	7.191601536732357e-38
342	5.288647275078539e-38
343	3.888666616231064e-38
344	2.858868120474109e-38
345	2.1014787862760238e-38
346	1.5445200595773626e-38
347	1.1350106192990613e-38
348	8.33958229994942e-39
349	6.126703275220694e-39
350	4.5003650264643655e-39
351	3.30527158046558e-39
352	2.427198198371611e-39
353	1.782141497687993e-39
354	1.3083325343165449e-39
355	9.603582691944193e-40
356	7.04835490368278e-40
357	5.1722767499222e-40
358	3.795031744295983e-40
359	2.784126088004949e-40
360	2.04221928834186e-40
361	1.4978074710333055e-40
362	1.0983731625879e-40
363	8.053493091106223e-41
364	5.904175790023503e-41
365	4.327878239342995e-41
366	3.1719892392372485e-41
367	2.3244994374541727e-41
368	1.703210807716194e-41
369	1.2478107735086937e-41
370	9.140513063830967e-42
371	6.694745614992239e-42
372	4.9027460036118733e-42
373	3.5899356460117155e-42
374	2.6283066302540493e-42
375	1.9240113917683212e-42
376	1.4082560668855577e-42
377	1.0306190057908122e-42
378	7.541492922628562e-43
379	5.517715605180106e-43
380	4.0364933248894955e-43
381	2.952515894258115e-43
382	2.1593521100734207e-43
383	1.579057837513618e-43
384	1.1545589049706378e-43
385	8.440686537535508e-44
386	6.169972109191186e-44
387	4.509542800781447e-44
388	3.2955343311627145e-44
389	2.4080378666237863e-44
390	1.7593208821715565e-44
391	1.285201445668991e-44
392	9.387325628141524e-45
393	6.855785432605549e-45
394	5.0063053265677937e-45
395	3.655294359512144e-45
396	2.6685319741915147e-45
397	1.947904317047924e-45
398	1.4217004684656756e-45
399	1.037514062494914e-45
400	7.570514525260929e-46
401	5.523348449192733e-46
402	4.0292595765633675e-46
403	2.9389617192247173e-46
404	2.1434265584096616e-46
405	1.5630375039324951e-46
406	1.139662921749999e-46
407	8.308636974863399e-47
408	6.056609988734661e-47
409	4.414443945813535e-47
410	3.2171335636581886e-47
411	2.344277267483135e-47
412	1.7080310928979885e-47
413	1.2443128641933755e-47
414	9.063804780614332e-48
415	6.601440873525704e-48
416	4.807444561450009e-48
417	3.5005581152953255e-48
418	2.5486363185733278e-48
419	1.8553511523684972e-48
420	1.350492419021814e-48
421	9.828926109648077e-49
422	7.152666598985929e-49
423	5.2044877512164895e-49
424	3.786484643602027e-49
425	2.75449959263915e-49
426	2.0035382179532925e-49
427	1.4571392530525938e-49
428	1.0596271882108052e-49
429	7.704666379546811e-50
430	5.601487776104514e-50
431	4.07194455563936e-50
432	2.959711138136205e-50
433	2.151027206554144e-50
434	1.563117708536833e-50
435	1.1357605067736804e-50
436	8.251468373177491e-51
437	5.994116891539624e-51
438	4.353802893838069e-51
439	3.162000988783228e-51
440	2.296175163152305e-51
441	1.6672391431567394e-51
442	1.2104329663630101e-51
443	8.786858708477235e-52
444	6.3778850732466316e-52
445	4.628816589824403e-52
446	3.359027695775975e-52
447	2.4372922911925884e-52
448	1.76828455242435e-52
449	1.2827655502385965e-52
450	9.304501465795764e-53
451	6.748227303643271e-53
452	4.893697922124763e-53
453	3.5484244309460605e-53
454	2.5726754251853247e-53
455	1.8650288561463736e-53
456	1.3518774351713684e-53
457	9.798066284267431e-54
458	7.100595981106441e-54
459	5.1451813941755625e-54
460	3.727847357196448e-54
461	2.7006429935800074e-54
462	1.9562661545104394e-54
463	1.41690422443124e-54
464	1.0261359909513564e-54
465	7.430555771170791e-55
466	5.3800920840431534e-55
467	3.895024851149006e-55
468	2.819570445178791e-55
469	2.0408352094564063e-55
470	1.4770162646426994e-55
471	1.0688457779860468e-55
472	7.733878077809256e-56
473	5.595413426890397e-56
474	4.0478061059184568e-56
475	2.9279250771345784e-56
476	2.117644385859244e-56
477	1.531436495185585e-56
478	1.1073831683423547e-56
479	8.006632281722336e-57
480	5.788352380239434e-57
481	4.1842076422990764e-57
482	3.024299208807489e-57
483	2.1856952958215972e-57
484	1.579457288213705e-57
485	1.1412469608155386e-57
486	8.245270973034106e-58
487	5.956399991373047e-58
488	4.302456314665862e-58
489	3.10744069333204e-58
490	2.2441044277777368e-58
491	1.6204557679724056e-58
492	1.1699984148416794e-58
493	8.446706594641656e-59
494	6.09738553285499e-59
495	4.401027511044045e-59
496	3.176279845591158e-59
497	2.2921221084447285e-59
498	1.6539071485517472e-59
499	1.193270621395418e-59
500	8.608377201192873e-60
501	6.209522589513762e-60
502	4.478677409980402e-60
503	3.2299519874727e-60
504	2.3291482369221535e-60
505	1.6793956972313954e-60
506	1.2107761293061728e-60
507	8.728299414182837e-61
508	6.291445758464891e-61
509	4.534468362642867e-61
510	3.267814963255045e-61
511	2.3547443422864634e-61
512	1.6966230130622043e-61
513	1.2223126128137744e-61
514	8.805107098896584e-62
515	6.3422369502186324e-62
516	4.567786707660997e-62
517	3.2894611528450674e-62
518	2.3686416437962694e-62
519	1.7054134035744102e-62
520	1.2277664341608708e-62
521	8.8380747839517e-63
522	6.361440639031159e-63
523	4.5783525879264734e-63
524	3.294723700599935e-63
525	2.3707449306398e-63
526	1.7057162423699877e-63
527	1.2271140273187748e-63
528	8.827125367122251e-64
529	6.349067788552976e-64
530	4.566221611413134e-64
531	3.283676874277834e-64
532	2.3611322200051797e-64
533	1.6976052924987033e-64
534	1.2204211024323717e-64
535	8.772822179416445e-65
536	6.305588558260734e-65
537	4.53177847036322e-65
538	3.2566306638945157e-65
539	2.3400502921135505e-65
540	1.6812750806271413e-65
541	1.207839742161446e-65
542	8.676345990899255e-66
543	6.231914261325331e-66
544	4.4757228936371003e-66
545	3.214119915856186e-66
546	2.3079063329900713e-66
547	1.657034500992147e-66
548	1.1896035278819063e-66
549	8.53945801589156e-67
550	6.129369380841291e-67
551	4.39904854528178e-67
552	3.156888466379388e-67
553	2.2652560349809158e-67
554	1.6252979123441994e-67
555	1.1660208931205216e-67
556	8.364450393826619e-68
557	5.999654746003031e-68
558	4.303015689504059e-68
559	3.085868883622267e-68
560	2.2127886069764015e-68
561	1.5865740624635396e-68
562	1.1374669514976397e-68
563	8.154085970344619e-69
564	5.844803212527524e-69
565	4.1891186110859617e-69
566	3.002158545201568e-69
567	2.151309227558807e-69
568	1.5414532310296286e-69
569	1.104374085229768e-69
570	7.911529470157388e-70
571	5.6671293749144716e-70
572	4.059048905759921e-70
573	2.906992863407312e-70
574	2.0817195325391835e-70
575	1.490593021089163e-70
576	1.0672216068700278e-70
577	7.640272331966721e-71
578	5.46917495748059e-71
579	3.914655834252612e-71
580	2.8017165225865445e-71
581	2.004996762399883e-71
582	1.434703251366736e-71
583	1.0265248209924389e-71
584	7.344053563736874e-72
585	5.253651585157058e-72
586	3.757904965934342e-72
587	2.68775361157747e-72
588	1.9221722049896506e-72
589	1.374530406288273e-72
590	9.828238141061922e-73
591	7.026778975489689e-73
592	5.0233826253092105e-73
593	3.590836324656347e-73
594	2.5665775199487214e-73
595	1.8343095554342408e-73
596	1.3108420886722448e-73
597	9.366722908895608e-74
598	6.6924410619172764e-74
599	4.781245722611376e-74
600	3.4155231937783877e-74
601	2.4396814227178753e-74
602	1.742483780623386e-74
603	1.2444118931087351e-74
604	8.886267540169248e-75
605	6.345041647220674e-75
606	4.530117526858792e-75
607	3.2340326444972423e-75
608	2.308550107886256e-75
609	1.647761022571096e-75
610	1.1760050781493354e-75
611	8.39236294946072e-76
612	5.988519181028185e-76
613	4.272821946917499e-76
614	3.048388727611465e-76
615	2.1746338091097505e-76
616	1.5511800067920174e-76
617	1.1063653650463435e-76
618	7.890332258518173e-77
619	5.626682300339683e-77
620	4.012083062546831e-77
621	2.8605391208935627e-77
622	2.0393245973155577e-77
623	1.4537353423642961e-77
624	1.0362031326525105e-77
625	7.385247404298226e-78
626	5.263150962619498e-78
627	3.750483600032183e-78
628	2.6723258598629854e-78
629	1.9039357655360273e-78
630	1.3563630135148166e-78
631	9.661852150750222e-79
632	6.881857456066721e-79
633	4.901306124243801e-79
634	3.490429638103743e-79
635	2.4854606066340672e-79
636	1.7696845161852677e-79
637	1.2599282723142517e-79
638	8.96926443602513e-80
639	6.3845295930792044e-80
640	4.544248601004599e-80
641	3.234121967857674e-80
642	2.3015047370360213e-80
643	1.6376781347063709e-80
644	1.1652160521646677e-80
645	8.289830099623433e-81
646	5.897203232538617e-81
647	4.194767416762586e-81
648	2.983534293905374e-81
649	2.1218543571744053e-81
650	1.5089037127958112e-81
651	1.0729239356063119e-81
652	7.628476665274975e-82
653	5.423357359750484e-82
654	3.855317634652635e-82
655	2.740398242229628e-82
656	1.9477302029621396e-82
657	1.3842213724383358e-82
658	9.836576304998672e-83
659	6.989467227346673e-83
660	4.9659907130575235e-83
661	3.5280073825166795e-83
662	2.5061949402305962e-83
663	1.7801722348035227e-83
664	1.2643608421764644e-83
665	8.97928838224997e-84
666	6.376387473442979e-84
667	4.527614126649086e-84
668	3.214593538382459e-84
669	2.2821527616609e-84
670	1.6200386183085136e-84
671	1.1499211519654662e-84
672	8.1615533793924e-85
673	5.792148444700056e-85
674	4.11025404287753e-85
675	2.916485338352517e-85
676	2.0692506873141505e-85
677	1.4680086831707967e-85
678	1.0413731443188627e-85
679	7.386630632897088e-86
680	5.239003382806703e-86
681	3.715465977215191e-86
682	2.634755011450756e-86
683	1.8682266235379238e-86
684	1.324589377497358e-86
685	9.390644480691766e-87
686	6.656899127833544e-87
687	4.718576772414863e-87
688	3.3443565552467145e-87
689	2.3701544347767856e-87
690	1.6795899453811105e-87
691	1.190124684128044e-87
692	8.432265269930036e-88
693	5.973910122469214e-88
694	4.2319035362152726e-88
695	2.997612641083399e-88
696	2.1231367367223054e-88
697	1.5036374885265335e-88
698	1.0648074380267796e-88
699	7.539833980965979e-89
700	5.338451368910584e-89
701	3.779476273071738e-89
702	2.6755360367448384e-89
703	1.8938817532241327e-89
704	1.3404722019449257e-89
705	9.48692977994093e-90
706	6.713616122587141e-90
707	4.750620004645307e-90
708	3.361298439874112e-90
709	2.378082246846786e-90
710	1.6823242578919618e-90
711	1.190023688300296e-90
712	8.417140794049031e-91
713	5.953011014312132e-91
714	4.209901285440699e-91
715	2.976941455569348e-91
716	2.1049018652279153e-91
717	1.4881839361016974e-91
718	1.0520698976769503e-91
719	7.436966445746481e-92
720	5.2566651962661696e-92
721	3.715250506320708e-92
722	2.6256038400147445e-92
723	1.8553832418207467e-92
724	1.3109961498596372e-92
725	9.262592978659574e-93
726	6.543756705599462e-93
727	4.622587371899604e-93
728	3.265175697688396e-93
729	2.3061706788617966e-93
730	1.6286952204288421e-93
731	1.150142638135659e-93
732	8.121329167048265e-94
733	5.734110674346532e-94
734	4.0482618700442794e-94
735	2.857818971128153e-94
736	2.017271916424054e-94
737	1.4238288923371747e-94
738	1.0048814101306941e-94
739	7.091457342897022e-95
740	5.004029601068964e-95
741	3.530758049919827e-95
742	2.491034707388479e-95
743	1.7573382095136893e-95
744	1.2396374783777672e-95
745	8.743752105393347e-96
746	6.166869909595679e-96
747	4.349061704855988e-96
748	3.066833533584414e-96
749	2.1624631119699166e-96
750	1.5246533155211551e-96
751	1.0748736253507802e-96
752	7.577180607215815e-97
753	5.340990668419547e-97
754	3.764436414706221e-97
755	2.6530296151584905e-97
756	1.8695979976343734e-97
757	1.3174022276637108e-97
758	9.282235745889226e-98
759	6.53959502893863e-98
760	4.606946769837186e-98
761	3.245186273919138e-98
762	2.2857576478283823e-98
763	1.6098479759812388e-98
764	1.133714500914284e-98
765	7.983378250407855e-99
766	5.621262918499816e-99
767	3.957722097784561e-99
768	2.786255351388231e-99
769	1.9613756340358305e-99
770	1.380590542167213e-99
771	9.717024267818141e-100
772	6.838580657644619e-100
773	4.812413870156073e-100
774	3.386291132433706e-100
775	2.382593547101512e-100
776	1.6762546303988834e-100
777	1.179218810302413e-100
778	8.29493908644911e-101
779	5.834402895936494e-101
780	4.103401943736605e-101
781	2.8857330201925345e-101
782	2.0292366613506026e-101
783	1.4268349189955273e-101
784	1.0031808967434952e-101
785	7.0526005814384725e-102
786	4.9577411853689394e-102
787	3.484840913410064e-102
788	2.449326166725227e-102
789	1.7213725093474004e-102
790	1.20967218583514e-102
791	8.500121512337683e-103
792	5.972376751366742e-103
793	4.1959847084574234e-103
794	2.9477133716170053e-103
795	2.0706241541877803e-103
796	1.4543937017261233e-103
797	1.0214741835559054e-103
798	7.173606003748127e-104
799	5.037468882104013e-104
800	3.537137792624794e-104
801	2.4834552662789385e-104
802	1.7435141669749533e-104
803	1.2239379767342397e-104
804	8.591285389047601e-105
805	6.030060946723624e-105
806	4.2320432016457205e-105
807	2.969910301642398e-105
808	2.0840178633375054e-105
809	1.4622593943766402e-105
810	1.0259171645435132e-105
811	7.197224986225691e-106
812	5.048737411821298e-106
813	3.5413220467674914e-106
814	2.4837793527283064e-106
815	1.7419094107081624e-106
816	1.2215270702594666e-106
817	8.565359930862714e-107
818	6.005554937959381e-107
819	4.2104226146863514e-107
820	2.9516391867549485e-107
821	2.0690257291178685e-107
822	1.450218945913941e-107
823	1.0164039181921399e-107
824	7.12302014790997e-108
825	4.991454474700576e-108
826	3.4974794282143986e-108
827	2.4504641247410225e-108
828	1.7167484644268497e-108
829	1.2026247524953133e-108
830	8.424008059423139e-109
831	5.900279523318906e-109
832	4.1322975902078514e-109
833	2.8938485358381896e-109
834	2.0264001946322698e-109
835	1.4188610568472332e-109
836	9.933899456424586e-110
837	6.954483875003865e-110
838	4.8682773734947894e-110
839	3.4076187748753983e-110
840	2.3850197539619093e-110
841	1.6691611227185878e-110
842	1.1680726508754131e-110
843	8.173475717234868e-111
844	5.718854355011999e-111
845	4.001074575138554e-111
846	2.799043308556344e-111
847	1.9579787051052095e-111
848	1.369530459163407e-111
849	9.578573243152936e-112
850	6.6987745557278235e-112
851	4.684414536334897e-112
852	3.2755234251807595e-112
853	2.290190150286296e-112
854	1.601134552874654e-112
855	1.119307935595477e-112
856	7.824143600659775e-113
857	5.468768387463847e-113
858	3.822150181568866e-113
859	2.671108162954114e-113
860	1.8665547041110874e-113
861	1.3042339542850826e-113
862	9.112463985322683e-114
863	6.366220852399266e-114
864	4.4472663530716566e-114
865	3.1064913980465373e-114
866	2.1697652789875378e-114
867	1.5153779054539921e-114
868	1.0582657789214344e-114
869	7.389825288693917e-115
870	5.159875417623169e-115
871	3.602549012660723e-115
872	2.5150477073191502e-115
873	1.755691531150862e-115
874	1.225507203695382e-115
875	8.553605179195127e-116
876	5.969641062221799e-116
877	4.1659392755762135e-116
878	2.906988799512921e-116
879	2.0283341304517933e-116
880	1.4151463810602903e-116
881	9.872541495384705e-117
882	6.886876836659042e-117
883	4.8037613091137605e-117
884	3.350474278836445e-117
885	2.3366675677238153e-117
886	1.62949621720226e-117
887	1.1362543927530456e-117
888	7.922524588602747e-118
889	5.523539033349586e-118
890	3.850676896279108e-118
891	2.6842475188185204e-118
892	1.871000397131288e-118
893	1.3040403996068007e-118
894	9.088120332634091e-119
895	6.33319639901757e-119
896	4.413038508916262e-119
897	3.0748105360299857e-119
898	2.1422240705612644e-119
899	1.4923728127399568e-119
900	1.0395746258681827e-119
901	7.241023035585495e-120
902	5.043245532918608e-120
903	3.512256535250407e-120
904	2.4458413760298632e-120
905	1.703084890114102e-120
906	1.1857967676289464e-120
907	8.255629507550963e-121
908	5.747197230850765e-121
909	4.00062634396427e-121
910	2.7846195619446627e-121
911	1.9380712859766286e-121
912	1.348775382352338e-121
913	9.385891467062929e-122
914	6.530966361017473e-122
915	4.5440739974408707e-122
916	3.1613994980233666e-122
917	2.1992743519442903e-122
918	1.5298381645684838e-122
919	1.0640882116253147e-122
920	7.400751805485958e-123
921	5.146833533433334e-123
922	3.57907241511948e-123
923	2.4886678535443554e-123
924	1.730332187096748e-123
925	1.2029792549124996e-123
926	8.362822903568255e-124
927	5.8131801131738234e-124
928	4.0405527658765794e-124
929	2.8082380357744065e-124
930	1.9516106978299845e-124
931	1.3561839730725273e-124
932	9.423455349110566e-125
933	6.547385388492441e-125
934	4.548747162987244e-125
935	3.1599620161825887e-125
936	2.1950180966270891e-125
937	1.5246162090070537e-125
938	1.0588858662363661e-125
939	7.35366714104567e-126
940	5.1065194257111725e-126
941	3.5457835353397364e-126
942	2.4618731189023647e-126
943	1.7091702951233252e-126
944	1.1865095419302921e-126
945	8.236133338991687e-127
946	5.716651848037479e-127
947	3.967586151893188e-127
948	2.753450292184436e-127
949	1.9107082301558967e-127
950	1.3257992611103901e-127
951	9.198720887655746e-128
952	6.381802892488667e-128
953	4.4271640319307545e-128
954	3.070959775056652e-128
955	2.1300457693383349e-128
956	1.4773045711400926e-128
957	1.0245129491822885e-128
958	7.104461610676172e-129
959	4.9261905491765005e-129
960	3.415525733803067e-129
961	2.3679375391065363e-129
962	1.6415316245549065e-129
963	1.1378751195923307e-129
964	7.886899193621838e-130
965	5.466184982387365e-130
966	3.7881634599293094e-130
967	2.625061320262508e-130
968	1.818932388009389e-130
969	1.2602596321519208e-130
970	8.731118159525238e-131
971	6.048477667778617e-131
972	4.189755480486028e-131
973	2.9020016767800336e-131
974	2.009893427732138e-131
975	1.3919216675846611e-131
976	9.638799791663094e-132
977	6.674174035726793e-132
978	4.62102696166317e-132
979	3.1992331403961825e-132
980	2.2147244183393303e-132
981	1.5330627056820606e-132
982	1.0611250541878107e-132
983	7.344118030562071e-133
984	5.082520753166614e-133
985	3.5171031929241127e-133
986	2.4336465433226678e-133
987	1.683822622468626e-133
988	1.16493482126711e-133
989	8.058855477945028e-134
990	5.574572465073699e-134
991	3.8558153179040104e-134
992	2.6667809754468495e-134
993	1.8442718644032518e-134
994	1.275348882029201e-134
995	8.818598024071156e-135
996	6.097286008741808e-135
997	4.2154124197971545e-135
998	2.914137642987625e-135
999	2.0144038417439213e-135
1000	1.3923535119215138e-135
1001	9.623188322597141e-136
1002	6.650510067478836e-136
1003	4.595760931427605e-136
1004	3.1756045025399505e-136
1005	2.194127692914858e-136
1006	1.5158767831911123e-136
1007	1.0472067186587132e-136
1008	7.233815989591934e-137
1009	4.996535947801436e-137
1010	3.450937550359362e-137
1011	2.3832615789187657e-137
1012	1.645784067377637e-137
1013	1.1364243451924178e-137
1014	7.846477614760311e-138
1015	5.417207735854419e-138
1016	3.7397518112396254e-138
1017	2.5815266711193366e-138
1018	1.7818740288685007e-138
1019	1.2298267313566749e-138
1020	8.48745355312877e-139
1021	5.857029974238088e-139
1022	4.0415135462032424e-139
1023	2.788541996690101e-139
1024	1.923875221323818e-139
1025	1.3272207895060637e-139
1026	9.155372433950415e-140
1027	6.315030074193217e-140
1028	4.355533917296074e-140
1029	3.003820303371795e-140
1030	2.0714433965439057e-140
1031	1.4283635793537226e-140
1032	9.848521626192159e-141
1033	6.790001921334124e-141
1034	4.68096433915722e-141
1035	3.226765098641384e-141
1036	2.2241596304395837e-141
1037	1.5329611305845172e-141
1038	1.056483990645924e-141
1039	7.280501358285151e-142
1040	5.016793732503553e-142
1041	3.456669007820337e-142
1042	2.381529363099672e-142
1043	1.6406678986058313e-142
1044	1.1301914509678e-142
1045	7.78484469942951e-143
1046	5.361847874119483e-143
1047	3.6927135809617433e-143
1048	2.54298243947455e-143
1049	1.7510869110094436e-143
1050	1.205698294508546e-143
1051	8.301110531549435e-144
1052	5.714791011414807e-144
1053	3.9339706596173507e-144
1054	2.7078742239799004e-144
1055	1.8637706530061417e-144
1056	1.282693989455188e-144
1057	8.827145008097232e-145
1058	6.0741298773191035e-145
1059	4.179405391948627e-145
1060	2.8754878464728647e-145
1061	1.9782227290122956e-145
1062	1.3608349432850213e-145
1063	9.360570790820578e-146
1064	6.4382202036089865e-146
1065	4.427880958407235e-146
1066	3.0450376187948087e-146
1067	2.0939003248679654e-146
1068	1.4397462721245936e-146
1069	9.898799731190878e-147
1070	6.805275788267432e-147
1071	4.67816504075451e-147
1072	3.2156736406748585e-147
1073	2.210217481054602e-147
1074	1.519024122821226e-147
1075	1.0439049316690197e-147
1076	7.173380125942532e-148
1077	4.9289380350816346e-148
1078	3.3864875916484144e-148
1079	2.326549172018254e-148
1080	1.5982385425978194e-148
1081	1.097836283467351e-148
1082	7.540500560822801e-149
1083	5.1788029753107355e-149
1084	3.5565196821735704e-149
1085	2.442236170602817e-149
1086	1.6769368801182077e-149
1087	1.1513633130844727e-149
1088	7.904504869423433e-150
1089	5.42629709817506e-150
1090	3.7247667128554505e-150
1091	2.556590660002506e-150
1092	1.7546476904568402e-150
1093	1.2041629762013389e-150
1094	8.263180127980827e-151
1095	5.6699049446956173e-151
1096	3.890191166178483e-151
1097	2.6689025389541178e-151
1098	1.830885105106355e-151
1099	1.255902926555784e-151
1100	8.614253666683312e-152
1101	5.908072857532986e-152
1102	4.051731230960886e-152
1103	2.7784463494969202e-152
1104	1.9051536170588253e-152
1105	1.306244819289677e-152
1106	8.955415862147057e-153
1107	6.139224699259515e-153
1108	4.2083116365686994e-153
1109	2.884488740985024e-153
1110	1.9769532204433123e-153
1111	1.3548478483197697e-153
1112	9.284344471725957e-154
1113	6.361778584437989e-154
1114	4.35885515231973e-154
1115	2.986296369542859e-154
1116	2.0457848344936984e-154
1117	1.4013724688537717e-154
1118	9.598730169745578e-155
1119	6.574164389345723e-155
1120	4.5022945881340845e-155
1121	3.0831441192467112e-155
1122	2.1111559330276762e-155
1123	1.4454842504645486e-155
1124	9.896302907915427e-156
1125	6.774841778113652e-156
1126	4.637585115910526e-156
1127	3.1743235203695085e-156
1128	2.1725862934127155e-156
1129	1.4868578013993146e-156
1130	1.017485869107646e-156
1131	6.962318463720774e-157
1132	4.7637167178457853e-157
1133	3.259151231409007e-157
1134	2.229613773403207e-157
1135	1.5251807011908946e-157
1136	1.0432286336258411e-157
1137	7.135168407427504e-158
1138	4.879726558454755e-158
1139	3.3369774456238388e-158
1140	2.2818000204717113e-158
1141	1.5601573762898267e-158
1142	1.0666593768500366e-158
1143	7.292049651393494e-159
1144	4.984711071739966e-159
1145	3.4071940796803793e-159
1146	2.328736016460442e-159
1147	1.5915128524504211e-159
1148	1.0875933401793155e-159
1149	7.431721476837669e-160
1150	5.077837554089708e-160
1151	3.469242601938854e-160
1152	2.370047360690379e-160
1153	1.6189963180514423e-160
1154	1.1058626158187782e-160
1155	7.553060584430921e-161
1156	5.158355057200215e-161
1157	3.522621360962685e-161
1158	2.4053991970993756e-161
1159	1.6423844344410906e-161
1160	1.1213183692798733e-161
1161	7.655076004741955e-162
1162	5.225604383679906e-162
1163	3.566892281056324e-162
1164	2.434500695578456e-162
1165	1.661484332763687e-162
1166	1.1338328416999764e-162
1167	7.736922464404056e-163
1168	5.279027000888443e-163
1169	3.601686800926252e-163
1170	2.457109004340926e-163
1171	1.6761362415007288e-163
1172	1.1433010946183614e-163
1173	7.797911957921294e-164
1174	5.31817270579651e-164
1175	3.62671094377145e-164
1176	2.4730325987990892e-164
1177	1.686215695053624e-164
1178	1.149642464142102e-164
1179	7.837523305263964e-165
1180	5.342705894879219e-165
1181	3.64174942199867e-165
1182	2.4821339628495823e-165
1183	1.691635280992371e-165
1184	1.152801696531149e-165
1185	7.855409510953473e-166
1186	5.3524103178310215e-166
1187	3.646668697004988e-166
1188	2.484331550459677e-166
1189	1.692345891920497e-166
1190	1.1527497430103127e-166
1191	7.851402780395648e-167
1192	5.347192221647932e-167
1193	3.6414189336743436e-167
1194	2.4796009887292497e-167
1195	1.6883374570855133e-167
1196	1.1494841979521465e-167
1197	7.825517092925027e-168
1198	5.327081821721569e-168
1199	3.6260348099669334e-168
1200	2.467975497863621e-168
1201	1.6796391386656102e-168
1202	1.1430293713080644e-168
1203	7.777948277252126e-169
1204	5.2922330683199426e-169
1205	3.600635163727912e-169
1206	2.4495455183934943e-169
1207	1.6663189878670474e-169
1208	1.133435993144779e-169
1209	7.70907158270667e-170
1210	5.242921709408083e-170
1211	3.565421481084024e-170
1212	2.4244575511510208e-170
1213	1.6484830663084594e-170
1214	1.1207805551898966e-170
1215	7.619436787662994e-171
1216	5.179541683418892e-171
1217	3.520675252999962e-171
1218	2.392912230595954e-171
1219	1.626274048410571e-171
1220	1.1051643012387145e-171
1221	7.509760933628705e-172
1222	5.1025999074841313e-172
1223	3.466754248160795e-172
1224	2.355161666695489e-172
1225	1.5998693303882734e-172
1226	1.086711884948221e-172
1227	7.380918818533174e-173
1228	5.0127095570393774e-173
1229	3.4040877708436e-173
1230	2.311506104366131e-173
1231	1.5694786807286839e-173
1232	1.065569719786878e-173
1233	7.233931424695125e-174
1234	4.910581960848871e-174
1235	3.3331709913014404e-174
1236	2.2622899621184555e-174
1237	1.5353414754948317e-174
1238	1.0419040515650357e-174
1239	7.069952494709538e-175
1240	4.7970172607136415e-175
1241	3.254558452989669e-175
1242	2.2078973227368673e-175
1243	1.4977235692371795e-175
1244	1.015898788910432e-175
1245	6.890253501281754e-176
1246	4.672894006818507e-176
1247	3.168856875314752e-176
1248	2.1487469583011998e-176
1249	1.456913858537629e-176
1250	9.877531311626259e-177
1251	6.6962072839979015e-177
1252	4.539157877363383e-177
1253	3.0767173821487472e-177
1254	2.0852869793982496e-177
1255	1.413220600122466e-177
1256	9.57679036348652e-178
1257	6.489270646673e-178
1258	4.396809724431515e-178
1259	2.978827294909234e-178
1260	2.0179892038528237e-178
1261	1.3669675489684742e-178
1262	9.258985741090271e-179
1263	6.270966222800118e-179
1264	4.2468931567290195e-179
1265	2.875901634377088e-179
1266	1.9473433435950006e-179
1267	1.3184899838180341e-179
1268	8.926412096325486e-180
1269	6.042863923561009e-180
1270	4.090481873757477e-180
1271	2.7686744775638012e-180
1272	1.8738511093736739e-180
1273	1.2681306880111193e-180
1274	8.581410648198849e-181
1275	5.806562282803978e-181
1276	3.928666965159298e-181
1277	2.6578903148437455e-181
1278	1.7980203319180914e-181
1279	1.2162359525457113e-181
1280	8.226342020543756e-182
1281	5.5636700065476036e-182
1282	3.762544383560343e-182
1283	2.5442955483759996e-182
1284	1.720359194949602e-182
1285	1.1631516658645277e-182
1286	7.863559741584004e-183
1287	5.3157880212592076e-183
1288	3.593202789465304e-183
1289	2.4286302657019714e-183
1290	1.6413706702704351e-183
1291	1.1092195511307433e-183
1292	7.495384814263888e-184
1293	5.064492295898827e-184
1294	3.421711952999889e-184
1295	2.3116204126220925e-184
1296	1.5615472382045602e-184
1297	1.0547736068310959e-184
1298	7.124081731459524e-185
1299	4.811317688184662e-185
1300	3.249111880038299e-185
1301	2.1939704773181757e-185
1302	1.4813659681584537e-185
1303	1.000136800585988e-185
1304	6.751836268544669e-186
1305	4.557743036475878e-186
1306	3.0764028099903784e-186
1307	2.076356783594668e-186
1308	1.4012840242720837e-186
1309	9.45618059248876e-187
1310	6.380735338626266e-187
1311	4.305177685987682e-187
1312	2.9045362099132374e-187
1313	1.959421475474092e-187
1314	1.3217346503270398e-187
1315	8.915095909175752e-188
1316	6.012749144354825e-188
1317	4.054949602656126e-188
1318	2.734406865248139e-188
1319	1.843767258633979e-188
1320	1.243123676577701e-188
1321	8.380845665883019e-189
1322	5.649715806070118e-189
1323	3.808295190856552e-189
1324	2.5668461420679255e-189
1325	1.729952946776453e-189
1326	1.1658265792689624e-189
1327	7.855951810490625e-190
1328	5.293328590517605e-190
1329	3.566350893286238e-190
1330	2.402616469884179e-190
1331	1.6184898434205258e-190
1332	1.090186111625187e-190
1333	7.342711044573134e-191
1334	4.9451258089141994e-191
1335	3.3301466136464444e-191
1336	2.242407068473007e-191
1337	1.509838972236678e-191
1338	1.0165105133101224e-191
1339	6.843183280612119e-192
1340	4.606483399083385e-192
1341	3.1006009661629543e-192
1342	2.086830917431354e-192
1343	1.4044091523197956e-192
1344	9.450722940643606e-193
1345	6.359183998992175e-193
1346	4.2786101549323165e-193
1347	2.878518321309205e-193
1348	1.936422943816204e-193
1349	1.3025558990733529e-193
1350	8.761075766495601e-194
1351	5.89228039205691e-194
1352	3.962545518819119e-194
1353	2.664587585071282e-194
1354	1.791639381746494e-194
1355	1.2045811169880156e-194
1356	8.09815974597443e-195
1357	5.443791118061023e-195
1358	3.659159809295504e-195
1359	2.4593826203353528e-195
1360	1.65285823866098e-195
1361	1.1107335378117968e-195
1362	7.4636097174498675e-196
1363	5.014789431207324e-196
1364	3.3691567190477606e-196
1365	2.263364193975025e-196
1366	1.5203807863417336e-196
1367	1.0212098466235673e-196
1368	6.858707632704948e-197
1369	4.6061094059341996e-197
1370	3.093077886191203e-197
1371	2.0768833123488815e-197
1372	1.394433981085741e-197
1373	9.361564293019149e-198
1374	6.2843951202883784e-198
1375	4.218354934888665e-198
1376	2.831309316736752e-198
1377	1.900185791394328e-198
1378	1.2751737066516508e-198
1379	8.556716678993538e-199
1380	5.74128969462676e-199
1381	3.851911150813021e-199
1382	2.5840894172660306e-199
1383	1.7334178954494973e-199
1384	1.1626887259013193e-199
1385	7.798087055248583e-200
1386	5.22970407257112e-200
1387	3.5069579029822975e-200
1388	2.3515183845663716e-200
1389	1.5766328712996022e-200
1390	1.057005222352021e-200
1391	7.085785994692267e-201
1392	4.749668041783717e-201
1393	3.1834849085991212e-201
1394	2.133568693054456e-201
1395	1.4297982006069206e-201
1396	9.580918110530865e-202
1397	6.419537803973361e-202
1398	4.300952321313488e-202
1399	2.881308198233757e-202
1400	1.9300964208847687e-202
1401	1.292803394584608e-202
1402	8.65864899115795e-203
1403	5.798717363505629e-203
1404	3.883093862937307e-203
1405	2.6000874813242774e-203
1406	1.7408531612464113e-203
1407	1.165468159185783e-203
1408	7.801942796277196e-204
1409	5.2223884288343256e-204
1410	3.49542206120529e-204
1411	2.339344072114642e-204
1412	1.5654982759164028e-204
1413	1.0475507667958165e-204
1414	7.009088482849134e-205
1415	4.689342647052125e-205
1416	3.1370853691938347e-205
1417	2.0984790372199567e-205
1418	1.4036112629849254e-205
1419	9.387564809716887e-206
1420	6.27802339555557e-206
1421	4.198138594845822e-206
1422	2.8070778542736625e-206
1423	1.8767912522480877e-206
1424	1.2547040290823837e-206
1425	8.387458936743698e-207
1426	5.606389882142631e-207
1427	3.7471402077541844e-207
1428	2.5042652720916098e-207
1429	1.6734950854485833e-207
1430	1.118232877667382e-207
1431	7.471430491686888e-208
1432	4.991590322897092e-208
1433	3.334554040852784e-208
1434	2.227410285805921e-208
1435	1.4877374600920205e-208
1436	9.936100481995288e-209
1437	6.635432448003771e-209
1438	4.4308398451078984e-209
1439	2.9584648770228266e-209
1440	1.9751965097993757e-209
1441	1.318614083107321e-209
1442	8.802146655956897e-210
1443	5.875204157008876e-210
1444	3.9212161086655076e-210
1445	2.6168692778547637e-210
1446	1.7462511110256642e-210
1447	1.1651846643458767e-210
1448	7.774029845187287e-211
1449	5.186340276267585e-211
1450	3.4597056659112293e-211
1451	2.3077067519090414e-211
1452	1.5391657553856656e-211
1453	1.0264869877434084e-211
1454	6.845178381319526e-212
1455	4.564354191814017e-212
1456	3.0432465145332596e-212
1457	2.0288882935421468e-212
1458	1.3525157397396145e-212
1459	9.015497317006693e-213
1460	6.008972253651574e-213
1461	4.004735511882812e-213
1462	2.6687665740464655e-213
1463	1.7783221210306585e-213
1464	1.1848772011802246e-213
1465	7.894039704475553e-214
1466	5.258819939759349e-214
1467	3.5030013665164957e-214
1468	2.3332179219541174e-214
1469	1.5539365138130495e-214
1470	1.0348423430292407e-214
1471	6.890933203272819e-215
1472	4.588225983122256e-215
1473	3.054741392653723e-215
1474	2.033606723197047e-215
1475	1.3536997140788762e-215
1476	9.010326608737326e-216
1477	5.996827243192788e-216
1478	3.9908493035661725e-216
1479	2.655656415943848e-216
1480	1.767018874510229e-216
1481	1.1756369167472996e-216
1482	7.821101912278838e-217
1483	5.202658943215911e-217
1484	3.460552401014194e-217
1485	2.3015909569143207e-217
1486	1.5306414627889019e-217
1487	1.017844423417976e-217
1488	6.767868396632139e-218
1489	4.4997145346437986e-218
1490	2.99144176401175e-218
1491	1.988559789218067e-218
1492	1.3217802028722225e-218
1493	8.78501079757641e-219
1494	5.838318742637048e-219
1495	3.8796783988929186e-219
1496	2.577899920933244e-219
1497	1.7127688610215604e-219
1498	1.1378730750130658e-219
1499	7.558771518609765e-220
1500	5.020776939526053e-220
1501	3.334670489687238e-220
1502	2.2146096735526558e-220
1503	1.470630957160099e-220
1504	9.765004257780279e-221
1505	6.483408254690236e-221
1506	4.3042399968816074e-221
1507	2.857273029242013e-221
1508	1.8965711303732649e-221
1509	1.258776529965013e-221
1510	8.35391828567298e-222
1511	5.543625328171532e-222
1512	3.6784050993439594e-222
1513	2.440547453859121e-222
1514	1.6191122118567363e-222
1515	1.0740601614555799e-222
1516	7.124300219630534e-223
1517	4.725173257523361e-223
1518	3.1336837050055804e-223
1519	2.078042638432249e-223
1520	1.3778933331043207e-223
1521	9.135631400528866e-224
1522	6.056522565142652e-224
1523	4.014855211747626e-224
1524	2.66120413204057e-224
1525	1.7637954544477596e-224
1526	1.1689069835534675e-224
1527	7.745926424608766e-225
1528	5.132493842933118e-225
1529	3.400518464836094e-225
1530	2.2528041830928462e-225
1531	1.492324715407818e-225
1532	9.884729201027839e-226
1533	6.5467800741736146e-226
1534	4.3356302168577576e-226
1535	2.8710330927648987e-226
1536	1.9010153283326174e-226
1537	1.258619540635273e-226
1538	8.332296721358726e-227
1539	5.515645742784038e-227
1540	3.6508110550844073e-227
1541	2.416260078292211e-227
1542	1.599039911125495e-227
1543	1.058123126737779e-227
1544	7.001230266330106e-228
1545	4.632055375292046e-228
1546	3.064321468406313e-228
1547	2.027010876465779e-228
1548	1.3407227602226752e-228
1549	8.86712859214006e-229
1550	5.8639212137893976e-229
1551	3.877522399752029e-229
1552	2.563784670187299e-229
1553	1.695000353870451e-229
1554	1.1205184944504797e-229
1555	7.406776282592e-230
1556	4.895537265672372e-230
1557	3.2354329415837203e-230
1558	2.1380867716637747e-230
1559	1.412794854521314e-230
1560	9.334556949485177e-231
1561	6.166931360875703e-231
1562	4.07385242073515e-231
1563	2.69092884953308e-231
1564	1.777296374142519e-231
1565	1.173756971702373e-231
1566	7.750990006157706e-232
1567	5.117959010662798e-232
1568	3.3790688138478246e-232
1569	2.2307856770441032e-232
1570	1.4725810552648782e-232
1571	9.719884241077559e-233
1572	6.4151005868654e-233
1573	4.233565794139445e-233
1574	2.793634554476302e-233
1575	1.8432883688608456e-233
1576	1.2161225780494963e-233
1577	8.022722517665674e-234
1578	5.292081378742307e-234
1579	3.4905314053098377e-234
1580	2.3020611213108582e-234
1581	1.5181070115981803e-234
1582	1.0010323859233859e-234
1583	6.600153670925082e-235
1584	4.351310893693287e-235
1585	2.868443492543769e-235
1586	1.8907433093907456e-235
1587	1.2461746275533728e-235
1588	8.21268690245527e-236
1589	5.411923228447824e-236
1590	3.5659722370596375e-236
1591	2.349439291289355e-236
1592	1.5477841914920757e-236
1593	1.0195686304051923e-236
1594	6.715562136740792e-237
1595	4.422909949185897e-237
1596	2.9126856113657927e-237
1597	1.9179570648256834e-237
1598	1.2628270555713052e-237
1599	8.313972251921428e-238
1600	5.473094267033453e-238
1601	3.602607260371031e-238
1602	2.3711581118924992e-238
1603	1.560499666572894e-238
1604	1.0268958209783296e-238
1605	6.756917271598202e-239
1606	4.44559908422008e-239
1607	2.9246333824523193e-239
1608	1.9238534457706965e-239
1609	1.2654119184799186e-239
1610	8.322450221480829e-240
1611	5.473054973100454e-240
1612	3.598882776297979e-240
1613	2.366272986209866e-240
1614	1.555683382093478e-240
1615	1.0226729501701952e-240
1616	6.722200818714778e-241
1617	4.4181994816979875e-241
1618	2.9036097772066868e-241
1619	1.908052142885219e-241
1620	1.2537220197482363e-241
1621	8.237041642113168e-242
1622	5.4112827767986875e-242
1623	3.5545786169364084e-242
1624	2.334720582642785e-242
1625	1.533347396165478e-242
1626	1.0069433416799793e-242
1627	6.611930833443006e-243
1628	4.341205336612933e-243
1629	2.850040817076972e-243
1630	1.8708997748792674e-243
1631	1.2280290000423422e-243
1632	8.059820058924233e-244
1633	5.289329933109508e-244
1634	3.470839443047888e-244
1635	2.2773349452054345e-244
1636	1.4940935186559193e-244
1637	9.801377216412687e-245
1638	6.429168993812479e-245
1639	4.21678016255145e-245
1640	2.7654475402830033e-245
1641	1.8134609133445437e-245
1642	1.189075003910359e-245
1643	7.795940933497385e-246
1644	5.110766445422223e-246
1645	3.3501302973458514e-246
1646	2.1958137251795622e-246
1647	1.4390881253603987e-246
1648	9.430557020574343e-247
1649	6.179386025798496e-247
1650	4.0486599047989175e-247
1651	2.6523767967947076e-247
1652	1.7374689809477352e-247
1653	1.1380380420520623e-247
1654	7.453398526099516e-248
1655	4.881010177932224e-248
1656	3.1961183548251496e-248
1657	2.0926361627779356e-248
1658	1.3700054498248526e-248
1659	8.968266848052581e-249
1660	5.87019287163768e-249
1661	3.841968530205745e-249
1662	2.5142750285450547e-249
1663	1.645240036950579e-249
1664	1.0764732144882146e-249
1665	7.042625894750092e-250
1666	4.607055090251591e-250
1667	3.013488570011254e-250
1668	1.9709382146358398e-250
1669	1.2889431174939852e-250
1670	8.428528025929326e-251
1671	5.510955721019107e-251
1672	3.602958602988768e-251
1673	2.355313645807787e-251
1674	1.5395553619179709e-251
1675	1.0062338435834645e-251
1676	6.5759656796489325e-252
1677	4.2971164620631465e-252
1678	2.8077060625319206e-252
1679	1.8343535510478921e-252
1680	1.1983158387182783e-252
1681	7.827379029767521e-253
1682	5.1123219892058385e-253
1683	3.338695130705663e-253
1684	2.180178326296762e-253
1685	1.4235211408155302e-253
1686	9.293780975791864e-254
1687	6.067049153982606e-254
1688	3.960218251860145e-254
1689	2.5847420900629258e-254
1690	1.686831701400104e-254
1691	1.100734802369842e-254
1692	7.182076134314125e-255
1693	4.6856908637808435e-255
1694	3.0567050969436216e-255
1695	1.9938371689268428e-255
1696	1.3004151818775228e-255
1697	8.480677122512884e-256
1698	5.530127438896874e-256
1699	3.605751728666726e-256
1700	2.350782934669807e-256
1701	1.5324461550740504e-256
1702	9.988812505690423e-257
1703	6.5102609849140325e-257
1704	4.242665515496856e-257
1705	2.7646171862372948e-257
1706	1.8013038782950933e-257
1707	1.1735313409102726e-257
1708	7.644658430392735e-258
1709	4.979401197761416e-258
1710	3.243035857092568e-258
1711	2.111941746933145e-258
1712	1.3752055895142578e-258
1713	8.953828835340657e-259
1714	5.829151839807303e-259
1715	3.794524181794566e-259
1716	2.4698160788972415e-259
1717	1.6074119392011362e-259
1718	1.0460320911718108e-259
1719	6.806408720696608e-260
1720	4.428393384617974e-260
1721	2.8809085278680227e-260
1722	1.8739923200827465e-260
1723	1.2188805881680267e-260
1724	7.9270114382181925e-261
1725	5.154810848310981e-261
1726	3.351744160781921e-261
1727	2.1791334217528082e-261
1728	1.4166141255260625e-261
1729	9.208185383828001e-262
1730	5.984821935544872e-262
1731	3.8894040253660694e-262
1732	2.5273738329969588e-262
1733	1.642141068922018e-262
1734	1.0668563485673495e-262
1735	6.930361474452265e-263
1736	4.501530934057672e-263
1737	2.9236067337834545e-263
1738	1.8985934712363366e-263
1739	1.232818888634323e-263
1740	8.004252778901643e-264
1741	5.196327104988679e-264
1742	3.3730772723866497e-264
1743	2.1893246789412065e-264
1744	1.4208495033869177e-264
1745	9.220191961837743e-265
1746	5.982542234112155e-265
1747	3.8813737212892915e-265
1748	2.5179028966811776e-265
1749	1.6332259532592926e-265
1750	1.0592715224953426e-265
1751	6.8694505305543e-266
1752	4.4544114825651454e-266
1753	2.8881001222463966e-266
1754	1.872352803927939e-266
1755	1.2137146779413532e-266
1756	7.866815235885814e-267
1757	5.0984090105685305e-267
1758	3.3038758651412097e-267
1759	2.140750451454254e-267
1760	1.3869525079859915e-267
1761	8.984839173123994e-268
1762	5.819854740679227e-268
1763	3.769355078438478e-268
1764	2.441040426505343e-268
1765	1.580650514695391e-268
1766	1.0234099938984073e-268
1767	6.625464161374937e-269
1768	4.288799767997058e-269
1769	2.7759266453265576e-269
1770	1.796523492158156e-269
1771	1.1625468468893768e-269
1772	7.522126246592067e-270
1773	4.866573797560356e-270
1774	3.1481723121713105e-270
1775	2.0363203844705115e-270
1776	1.3170009873605546e-270
1777	8.51683857926088e-271
1778	5.507100484691062e-271
1779	3.560572229023714e-271
1780	2.30180621980895e-271
1781	1.4878865673442743e-271
1782	9.616630647812365e-272
1783	6.214812682523064e-272
1784	4.015920334637388e-272
1785	2.594741017819218e-272
1786	1.6763116844355218e-272
1787	1.0828474987113293e-272
1788	6.994095166970372e-273
1789	4.5169723767161734e-273
1790	2.9168556211622744e-273
1791	1.8833627440818513e-273
1792	1.2159186064654969e-273
1793	7.849219298769354e-274
1794	5.066403718702352e-274
1795	3.26982446565566e-274
1796	2.1100868974396396e-274
1797	1.3615307081670317e-274
1798	8.78427010425743e-275
1799	5.666762395815066e-275
1800	3.655235376755768e-275
1801	2.3574726201197864e-275
1802	1.5202985165623725e-275
1803	9.803066116926127e-276
1804	6.320417662829151e-276
1805	4.074556562555286e-276
1806	2.6264285502271213e-276
1807	1.6927835772008492e-276
1808	1.0909072541324681e-276
1809	7.029504417099957e-277
1810	4.529101063949878e-277
1811	2.9177607621195577e-277
1812	1.879479748514115e-277
1813	1.2105308538801348e-277
1814	7.795864032428006e-278
1815	5.0199890197914294e-278
1816	3.23214871430806e-278
1817	2.0807978802766864e-278
1818	1.339424968624031e-278
1819	8.620982299556805e-279
1820	5.5481082066848135e-279
1821	3.5701201746106255e-279
1822	2.2970498899957703e-279
1823	1.4777726919310379e-279
1824	9.5059253339299e-280
1825	6.114073417357777e-280
1826	3.932025491567391e-280
1827	2.528432478356603e-280
1828	1.6256823533851004e-280
1829	1.0451274476431047e-280
1830	6.718185345394447e-281
1831	4.3180116463590325e-281
1832	2.775010765791289e-281
1833	1.7831772075591918e-281
1834	1.1457061373344063e-281
1835	7.360389744393708e-282
1836	4.727996582044095e-282
1837	3.036702171202644e-282
1838	1.950185319064601e-282
1839	1.2522704572165977e-282
1840	8.040237722806517e-283
1841	5.16164436453323e-283
1842	3.3132608894258797e-283
1843	2.1265298728111847e-283
1844	1.3646949104287131e-283
1845	8.756848117998807e-284
1846	5.618341779986518e-284
1847	3.604263354600512e-284
1848	2.3119201571602746e-284
1849	1.482781063764344e-284
1850	9.508872960504962e-285
1851	6.0971770136740204e-285
1852	3.909095100654296e-285
1853	2.5059434818768326e-285
1854	1.6062525866000065e-285
1855	1.0294467088126895e-285
1856	6.596921083382789e-286
1857	4.226939446051632e-286
1858	2.708058301698184e-286
1859	1.7347510850238227e-286
1860	1.111126299535043e-286
1861	7.116012713611952e-287
1862	4.556768436200901e-287
1863	2.9175888189642825e-287
1864	1.8678329035121568e-287
1865	1.1956352003193139e-287
1866	7.652547332968066e-288
1867	4.897336472216054e-288
1868	3.1337213342897025e-288
1869	2.00496706272064e-288
1870	1.2826272804547645e-288
1871	8.204270854306324e-289
1872	5.247177037758609e-289
1873	3.3555026019482126e-289
1874	2.1455344931591253e-289
1875	1.3717008378022605e-289
1876	8.768578853752971e-290
1877	5.604602905612833e-290
1878	3.581840425946533e-290
1879	2.288828710381666e-290
1880	1.462399216714989e-290
1881	9.342521699768386e-291
1882	5.9677101618935866e-291
1883	3.8115067034151275e-291
1884	2.4340580576867162e-291
1885	1.554212429096762e-291
1886	9.922816096385325e-292
1887	6.33438632809688e-292
1888	4.043143083793357e-292
1889	2.5803496171731945e-292
1890	1.6465798386424828e-292
1891	1.0505863396047487e-292
1892	6.70232278991997e-293
1893	4.275269365645333e-293
1894	2.7267548595125824e-293
1895	1.7388939484295108e-293
1896	1.1087774908025012e-293
1897	7.069031657655258e-294
1898	4.506294698324571e-294
1899	2.872257067401501e-294
1900	1.8305053091029248e-294
1901	1.1664404280183734e-294
1902	7.431867087210171e-295
1903	4.734531593962746e-295
1904	3.0157805278856676e-295
1905	1.9207285393222538e-295
1906	1.2231386867514597e-295
1907	7.788050985386793e-296
1908	4.95821268767032e-296
1909	3.1562014454684933e-296
1910	2.008849422451549e-296
1911	1.27841858240138e-296
1912	8.134702910140432e-297
1913	5.1755101118705677e-297
1914	3.2923604820989255e-297
1915	2.0941330143321228e-297
1916	1.3318144469294484e-297
1917	8.468873859081805e-298
1918	5.384557276236753e-298
1919	3.4230767829933493e-298
1920	2.175832667171378e-298
1921	1.382854429309053e-298
1922	8.787583520682772e-299
1923	5.583472769832555e-299
1924	3.5471633001202354e-299
1925	2.2531998449547052e-299
1926	1.4310667774826085e-299
1927	9.087860446069935e-300
1928	5.7703860290791485e-300
1929	3.663443179566543e-300
1930	2.3254945773179993e-300
1931	1.4759865017928443e-300
1932	9.36678448883706e-301
1933	5.943464346541969e-301
1934	3.7707669364262414e-301
1935	2.3919963724536877e-301
1936	1.5171623035709828e-301
1937	9.621530759853042e-302
1938	6.100940733729565e-302
1939	3.868030102912123e-302
1940	2.45201538639286e-302
1941	1.554163638369196e-302
1942	9.849414257619284e-303
1943	6.241142098586593e-303
1944	3.95419100361463e-303
1945	2.504903626843285e-303
1946	1.586587771822666e-303
1947	1.0047934265939395e-303
1948	6.3625171575055504e-304
1949	4.028288287690695e-304
1950	2.550065955593255e-304
1951	1.6140666778726594e-304
1952	1.0214817563099829e-304
1953	6.463663474538477e-305
1954	4.0894578324993267e-305
1955	2.586970645070808e-305
1956	1.6362736245534596e-305
1957	1.0348059463204765e-305
1958	6.543353008861787e-306
1959	4.1369486279502994e-306
1960	2.615159242662237e-306
1961	1.6529292921367874e-306
1962	1.044596171311299e-306
1963	6.600555556778245e-307
1964	4.1701372563204916e-307
1965	2.634255501251231e-307
1966	1.6638072723837166e-307
1967	1.0507166299072243e-307
1968	6.634459497447771e-308
1969	4.188540599019298e-308
1970	2.6439731464357725e-308
1971	1.6687388061305466e-308
1972	1.053068427629371e-308
1973	6.644489292459155e-309
1974	4.19182642985433e-309
1975	2.644122269991116e-309
1976	1.667616629371066e-309
1977	1.05159188219149e-309
1978	6.6303192478073e-310
1979	4.1798215933946e-310
1980	2.63461416514734e-310
1981	1.6603978152507e-310
1982	1.04626818258076e-310
1983	6.5918831220502e-311
1984	4.1525175164606e-311
1985	2.6154644516474e-311
1986	1.647105520571e-311
1987	1.0371203471993e-311
1988	6.52937925445e-312
1989	4.11007285932e-312
1990	2.58679437656e-312
1991	1.62782957004e-312
1992	1.024213442275e-312
1993	6.4432709898e-313
1994	4.0528131795e-313
1995	2.5488302195e-313
1996	1.6027258389e-313
1997	1.00765403936e-313
1998	6.3342822896e-314
1999	3.981227553e-314
2000	2.501900777e-314
2001	1.5720144243e-314
2002	9.875889094e-315
2003	6.203388537e-315
2004	3.895962175e-315
2005	2.446432947e-315
2006	1.535976625e-315
2007	9.6420297e-316
2008	6.0518027e-316
2009	3.79781103e-316
2010	2.3829455e-316
2011	1.4949508e-316
2012	9.3771654e-317
2013	5.880957e-317
2014	3.687704e-317
2015	2.312041e-317
2016	1.449327e-317
2017	9.083817e-318
2018	5.69248e-318
2019	3.56669e-318
2020	2.234397e-318
2021	1.39954e-318
2022	8.76477e-319
2023	5.4882e-319
2024	3.43593e-319
2025	2.15077e-319
2026	1.3461e-319
2027	8.4233e-320
2028	5.27e-320
2029	3.297e-320
2030	2.0617e-320
2031	1.2895e-320
2032	8.063e-321
2033	5.04e-321
2034	3.15e-321
2035	1.966e-321
2036	1.23e-321
2037	7.7e-322
2038	4.8e-322
2039	3e-322
2040	1.9e-322
2041	1.2e-322
2042	7.4e-323
2043	4.4e-323
2044	3e-323
2045	2e-323
2046	1e-323
2047	5e-324
2048	5e-324
2049	5e-324
2050	0.0
2051	0.0
2052	0.0
2053	0.0
2054	0.0
2055	0.0
2056	0.0
2057	0.0
2058	0.0
2059	0.0
2060	0.0
2061	0.0
2062	0.0
2063	0.0
2064	0.0
2065	0.0
2066	0.0
2067	0.0
2068	0.0
2069	0.0
2070	0.0
2071	0.0
2072	0.0
2073	0.0
2074	0.0
2075	0.0
2076	0.0
2077	0.0
2078	0.0
2079	0.0
2080	0.0
2081	0.0
2082	0.0
2083	0.0
2084	0.0
2085	0.0
2086	0.0
2087	0.0
2088	0.0
2089	0.0
2090	0.0
2091	0.0
2092	0.0
2093	0.0
2094	0.0
2095	0.0
2096	0.0
2097	0.0
2098	0.0
2099	0.0
2100	0.0
2101	0.0
2102	0.0
2103	0.0
2104	0.0
2105	0.0
2106	0.0
2107	0.0
2108	0.0
2109	0.0
2110	0.0
2111	0.0
2112	0.0
2113	0.0
2114	0.0
2115	0.0
2116	0.0
2117	0.0
2118	0.0
2119	0.0
2120	0.0
2121	0.0
2122	0.0
2123	0.0
2124	0.0
2125	0.0
2126	0.0
2127	0.0
2128	0.0
2129	0.0
2130	0.0
2131	0.0
2132	0.0
2133	0.0
2134	0.0
2135	0.0
2136	0.0
2137	0.0
2138	0.0
2139	0.0
2140	0.0
2141	0.0
2142	0.0
2143	0.0
2144	0.0
2145	0.0
2146	0.0
2147	0.0
2148	0.0
2149	0.0
2150	0.0
2151	0.0
2152	0.0
2153	0.0
2154	0.0
2155	0.0
2156	0.0
2157	0.0
2158	0.0
2159	0.0
2160	0.0
2161	0.0
2162	0.0
2163	0.0
2164	0.0
2165	0.0
2166	0.0
2167	0.0
2168	0.0
2169	0.0
2170	0.0
2171	0.0
2172	0.0
2173	0.0
2174	0.0
2175	0.0
2176	0.0
2177	0.0
2178	0.0
2179	0.0
2180	0.0
2181	0.0
2182	0.0
2183	0.0
2184	0.0
2185	0.0
2186	0.0
2187	0.0
2188	0.0
2189	0.0
2190	0.0
2191	0.0
2192	0.0
2193	0.0
2194	0.0
2195	0.0
2196	0.0
2197	0.0
2198	0.0
2199	0.0
2200	0.0
2201	0.0
2202	0.0
2203	0.0
2204	0.0
2205	0.0
2206	0.0
2207	0.0
2208	0.0
2209	0.0
2210	0.0
2211	0.0
2212	0.0
2213	0.0
2214	0.0
2215	0.0
2216	0.0
2217	0.0
2218	0.0
2219	0.0
2220	0.0
2221	0.0
2222	0.0
2223	0.0
2224	0.0
2225	0.0
2226	0.0
2227	0.0
2228	0.0
2229	0.0
2230	0.0
2231	0.0
2232	0.0
2233	0.0
2234	0.0
2235	0.0
2236	0.0
2237	0.0
2238	0.0
2239	0.0
2240	0.0
2241	0.0
2242	0.0
2243	0.0
2244	0.0
2245	0.0
2246	0.0
2247	0.0
2248	0.0
2249	0.0
2250	0.0
2251	0.0
2252	0.0
2253	0.0
2254	0.0
2255	0.0
2256	0.0
2257	0.0
2258	0.0
2259	0.0
2260	0.0
2261	0.0
2262	0.0
2263	0.0
2264	0.0
2265	0.0
2266	0.0
2267	0.0
2268	0.0
2269	0.0
2270	0.0
2271	0.0
2272	0.0
2273	0.0
2274	0.0
2275	0.0
2276	0.0
2277	0.0
2278	0.0
2279	0.0
2280	0.0
2281	0.0
2282	0.0
2283	0.0
2284	0.0
2285	0.0
2286	0.0
2287	0.0
2288	0.0
2289	0.0
2290	0.0
2291	0.0
2292	0.0
2293	0.0
2294	0.0
2295	0.0
2296	0.0
2297	0.0
2298	0.0
2299	0.0
2300	0.0
2301	0.0
2302	0.0
2303	0.0
2304	0.0
2305	0.0
2306	0.0
2307	0.0
2308	0.0
2309	0.0
2310	0.0
2311	0.0
2312	0.0
2313	0.0
2314	0.0
2315	0.0
2316	0.0
2317	0.0
2318	0.0
2319	0.0
2320	0.0
2321	0.0
2322	0.0
2323	0.0
2324	0.0
2325	0.0
2326	0.0
2327	0.0
2328	0.0
2329	0.0
2330	0.0
2331	0.0
2332	0.0
2333	0.0
2334	0.0
2335	0.0
2336	0.0
2337	0.0
2338	0.0
2339	0.0
2340	0.0
2341	0.0
2342	0.0
2343	0.0
2344	0.0
2345	0.0
2346	0.0
2347	0.0
2348	0.0
2349	0.0
2350	0.0
2351	0.0
2352	0.0
2353	0.0
2354	0.0
2355	0.0
2356	0.0
2357	0.0
2358	0.0
2359	0.0
2360	0.0
2361	0.0
2362	0.0
2363	0.0
2364	0.0
2365	0.0
2366	0.0
2367	0.0
2368	0.0
2369	0.0
2370	0.0
2371	0.0
2372	0.0
2373	0.0
2374	0.0
2375	0.0
2376	0.0
2377	0.0
2378	0.0
2379	0.0
2380	0.0
2381	0.0
2382	0.0
2383	0.0
2384	0.0
2385	0.0
2386	0.0
2387	0.0
2388	0.0
2389	0.0
2390	0.0
2391	0.0
2392	0.0
2393	0.0
2394	0.0
2395	0.0
2396	0.0
2397	0.0
2398	0.0
2399	0.0
2400	0.0
2401	0.0
2402	0.0
2403	0.0
2404	0.0
2405	0.0
2406	0.0
2407	0.0
2408	0.0
2409	0.0
2410	0.0
2411	0.0
2412	0.0
2413	0.0
2414	0.0
2415	0.0
2416	0.0
2417	0.0
2418	0.0
2419	0.0
2420	0.0
2421	0.0
2422	0.0
2423	0.0
2424	0.0
2425	0.0
2426	0.0
2427	0.0
2428	0.0
2429	0.0
2430	0.0
2431	0.0
2432	0.0
2433	0.0
2434	0.0
2435	0.0
2436	0.0
2437	0.0
2438	0.0
2439	0.0
2440	0.0
2441	0.0
2442	0.0
2443	0.0
2444	0.0
2445	0.0
2446	0.0
2447	0.0
2448	0.0
2449	0.0
2450	0.0
2451	0.0
2452	0.0
2453	0.0
2454	0.0
2455	0.0
2456	0.0
2457	0.0
2458	0.0
2459	0.0
2460	0.0
2461	0.0
2462	0.0
2463	0.0
2464	0.0
2465	0.0
2466	0.0
2467	0.0
2468	0.0
2469	0.0
2470	0.0
2471	0.0
2472	0.0
2473	0.0
2474	0.0
2475	0.0
2476	0.0
2477	0.0
2478	0.0
2479	0.0
2480	0.0
2481	0.0
2482	0.0
2483	0.0
2484	0.0
2485	0.0
2486	0.0
2487	0.0
2488	0.0
2489	0.0
2490	0.0
2491	0.0
2492	0.0
2493	0.0
2494	0.0
2495	0.0
2496	0.0
2497	0.0
2498	0.0
2499	0.0
2500	0.0
