k	pvalue
0	0.9999999995277972
1	0.9840696851188321
2	0.9646230981432425
3	0.93870834110441
4	0.9069019400328481
5	0.8698635502428231
6	0.8284156087852234
7	0.7835639470143517
8	0.7362481967699527
9	0.687388008271938
10	0.6378367311554223
11	0.5883907156884696
12	0.53973482377333
13	0.49244253025692886
14	0.4469923624156733
15	0.40374402360162087
16	0.36296914696877836
17	0.32484573995417626
18	0.28947758422170544
19	0.2568980027470629
20	0.22708464990330088
21	0.19997102077497197
22	0.17545444339077432
23	0.15340600578788235
24	0.1336778664561339
25	0.11611042338549622
26	0.10053787836289649
27	0.08679291457836913
28	0.07471046761645629
29	0.06413056282874757
30	0.05490057371756335
31	0.04687661514258614
32	0.03992460319818297
33	0.033920740137896865
34	0.028751729209784613
35	0.024314675327730514
36	0.0205167809041962
37	0.017274877300898366
38	0.014514873626753721
39	0.012171110821847724
40	0.010185698155679395
41	0.008507830366549406
42	0.007093114580450816
43	0.005902921621797698
44	0.004903765219180678
45	0.004066725185121771
46	0.003366909907466794
47	0.0027829660902782497
48	0.0022966326588439966
49	0.0018923398079007164
50	0.0015568499922048922
51	0.0012789392508280367
52	0.0010491157682131626
53	0.0008593726719762079
54	0.0007029719942372725
55	0.0005742567268760597
56	0.0004684880012894636
57	0.00038170463940865473
58	0.00031060240792157964
59	0.0002524306130291319
60	0.00020490382223153317
61	0.00016612674755373541
62	0.0001345305131124421
63	0.00010881873950535321
64	8.792205561072428e-05
65	7.095981984500343e-05
66	5.720798898095409e-05
67	4.60722111354925e-05
68	3.706534467998297e-05
69	2.9788716843333228e-05
70	2.3916532626505908e-05
71	1.9182930996341187e-05
72	1.5371260024172755e-05
73	1.2305207412920706e-05
74	9.841478945535168e-06
75	7.863765399982263e-06
76	6.277779789335648e-06
77	5.007181828281922e-06
78	3.990236445153453e-06
79	3.177078439565789e-06
80	2.527476747041382e-06
81	2.00900978463482e-06
82	1.5955784389576675e-06
83	1.2661959309869714e-06
84	1.0040043525035473e-06
85	7.954764869711365e-07
86	6.297688524969357e-07
87	4.981979848425773e-07
88	3.938170112265524e-07
89	3.1107372568044116e-07
90	2.4553480628112353e-07
91	1.936636379916337e-07
92	1.526415249647412e-07
93	1.2022397842227086e-07
94	9.462532463224858e-08
95	7.442615087297787e-08
96	5.849914691963332e-08
97	4.594974664618561e-08
98	3.606866371840498e-08
99	2.8293975400696063e-08
100	2.2180862987797102e-08
101	1.737748559068287e-08
102	1.3605761992840272e-08
103	1.064607608958753e-08
104	8.325115789479678e-09
105	6.5062119334614594e-09
106	5.081669937493643e-09
107	3.966688315380967e-09
108	3.0945397318446216e-09
109	2.4127556250034317e-09
110	1.880107846308001e-09
111	1.4642227267998616e-09
112	1.1396965386729934e-09
113	8.866081348137949e-10
114	6.893459508546696e-10
115	5.356836197598457e-10
116	4.16052043518102e-10
117	3.229665857951172e-10
118	2.5057665198543106e-10
119	1.9431175690347288e-10
120	1.506036041846098e-10
121	1.1666800245836515e-10
122	9.03338510121115e-11
123	6.990912523642768e-11
124	5.40759258300072e-11
125	4.180834202143697e-11
126	3.230821068672371e-11
127	2.495490395941902e-11
128	1.9266106357206554e-11
129	1.486719511091654e-11
130	1.1467351183474971e-11
131	8.840932650531212e-12
132	6.812959835507884e-12
133	5.247811165980265e-12
134	4.040424623166364e-12
135	3.1094533256462257e-12
136	2.39194424495862e-12
137	1.8392034086671306e-12
138	1.4135848110622325e-12
139	1.0859980356351048e-12
140	8.339747682433199e-13
141	6.40169674321332e-13
142	4.911986710912018e-13
143	3.767391290528463e-13
144	2.8883330583648667e-13
145	2.2134938426747357e-13
146	1.695646655231268e-13
147	1.2984339183153932e-13
148	9.938783742723251e-14
149	7.604609929534045e-14
150	5.816374360311487e-14
151	4.446935619117064e-14
152	3.398629064225175e-14
153	2.5964649174261273e-14
154	1.9828882060723775e-14
155	1.5137437800987237e-14
156	1.1551706818684274e-14
157	8.812128934188106e-15
158	6.719820339206961e-15
159	5.122451235169649e-15
160	3.90339548014144e-15
161	2.9733977670869632e-15
162	2.2641769568656274e-15
163	1.7235177844430244e-15
164	1.31150621236837e-15
165	9.97643164651853e-16
166	7.586326104799868e-16
167	5.76687137640505e-16
168	4.382304740638322e-16
169	3.3290436618369846e-16
170	2.5280872319892193e-16
171	1.9192046771132793e-16
172	1.456492383219755e-16
173	1.1049784987668826e-16
174	8.380291151141569e-17
175	6.353675488954596e-17
176	4.81562381548325e-17
177	3.648737544296955e-17
178	2.763733604741033e-17
179	2.092734512877116e-17
180	1.5841540332281302e-17
181	1.198800428046918e-17
182	9.06908492701714e-18
183	6.8587981310854206e-18
184	5.185628602157258e-18
185	3.919444205205271e-18
186	2.9615433561814853e-18
187	2.2370879889632596e-18
188	1.6893522743205748e-18
189	1.2753528883974157e-18
190	9.625300892291408e-19
191	7.262277596528239e-19
192	5.477807218564603e-19
193	4.130634629821715e-19
194	3.1138932571061413e-19
195	2.346758044475259e-19
196	1.7681182564436797e-19
197	1.3317829045083926e-19
198	1.0028487182137206e-19
199	7.549496537788343e-20
200	5.681746391279326e-20
201	4.27491701254129e-20
202	3.2155570107115584e-20
203	2.4180657533949175e-20
204	1.8178751059877903e-20
205	1.3662956687459795e-20
206	1.0266223509278835e-20
207	7.711924465309506e-21
208	5.791639136508976e-21
209	4.348380457670221e-21
210	3.2639351598056855e-21
211	2.4493118358187737e-21
212	1.8375358838435602e-21
213	1.3782162838688395e-21
214	1.0334496669334757e-21
215	7.747334095502903e-22
216	5.806398434563161e-22
217	4.350644134077387e-22
218	3.259065173217597e-22
219	2.44076439103178e-22
220	1.827479723365369e-22
221	1.367961045159312e-22
222	1.0237405425316242e-22
223	7.659521370096339e-23
224	5.729404186826883e-23
225	4.284635936363713e-23
226	3.2034323569025194e-23
227	2.3945002256313498e-23
228	1.78942054392133e-23
229	1.3369300434053744e-23
230	9.986290210443293e-24
231	7.457605798677054e-24
232	5.567944567116229e-24
233	4.156149064883606e-24
234	3.1016197269350554e-24
235	2.314129670028868e-24
236	1.7261916667774465e-24
237	1.2873392176624792e-24
238	9.598428021708497e-25
239	7.155019445510104e-25
240	5.332435092561235e-25
241	3.9732404341496885e-25
242	2.9598457279798253e-25
243	2.204442177321825e-25
244	1.641474716048766e-25
245	1.2220134085418153e-25
246	9.095455775434818e-26
247	6.768307995245349e-26
248	5.035508541856066e-26
249	3.7455410338895606e-26
250	2.785442499626072e-26
251	2.071012240161403e-26
252	1.5395024095973668e-26
253	1.1441625415130563e-26
254	8.501687255223302e-27
255	6.3158669079396434e-27
256	4.691067200693178e-27
257	3.4835461606142346e-27
258	2.5863250316853823e-27
259	1.91980287712209e-27
260	1.4247627598326349e-27
261	1.0571612372497988e-27
262	7.842473101605179e-28
263	5.816722519896577e-28
264	4.313378050009212e-28
265	3.1979445755750873e-28
266	2.3704943945083907e-28
267	1.7567982127522209e-28
268	1.3017276535157932e-28
269	9.643485530378362e-29
270	7.142725083906711e-29
271	5.289445910237576e-29
272	3.9162743746838585e-29
273	2.899032370569344e-29
274	2.1456079864670714e-29
275	1.58768879703142e-29
276	1.1746227394623181e-29
277	8.688599419088079e-30
278	6.425690694444262e-30
279	4.751260587056632e-30
280	3.512506967068066e-30
281	2.5962419576070352e-30
282	1.9186381377846463e-30
283	1.4176245666099959e-30
284	1.0472489778563434e-30
285	7.734985811390205e-31
286	5.712027135168177e-31
287	4.217377402312364e-31
288	3.1132674650970682e-31
289	2.2978012232682276e-31
290	1.6956289732722414e-31
291	1.2510418576059578e-31
292	9.22859908986793e-32
293	6.806485620616432e-32
294	5.019189336427017e-32
295	3.7005647055816176e-32
296	2.7278876587441964e-32
297	2.0105241344706756e-32
298	1.4815513401063424e-32
299	1.091563480611863e-32
300	8.040932859175432e-33
301	5.9222847946000766e-33
302	4.3611178214456296e-33
303	3.2109407671858765e-33
304	2.3637033574154164e-33
305	1.7397230308010774e-33
306	1.2802476086424896e-33
307	9.4196509182934e-34
308	6.929515520054184e-34
309	5.096809644259336e-34
310	3.7481907443085695e-34
311	2.7559601215250348e-34
312	2.0260604301309013e-34
313	1.4892250198606157e-34
314	1.0944526032601127e-34
315	8.041971655876505e-35
316	5.908228731528374e-35
317	4.339917573014301e-35
318	3.1873908010647844e-35
319	2.340555986641315e-35
320	1.7184340486367026e-35
321	1.2614703557137035e-35
322	9.258738139642147e-36
323	6.794497625282819e-36
324	4.985330128141525e-36
325	3.657309697708672e-36
326	2.6826314808820474e-36
327	1.9673968831267462e-36
328	1.4426296091751488e-36
329	1.0576691088382292e-36
330	7.753131120964255e-37
331	5.682467755559601e-37
332	4.164180871302752e-37
333	3.051090942114668e-37
334	2.235187145925816e-37
335	1.6372161015978989e-37
336	1.1990345717361266e-37
337	8.779932741571978e-38
338	6.428130135651659e-38
339	4.705570882331965e-38
340	3.4440890059954373e-38
341	2.5204088621113145e-38
342	1.8441761903689975e-38
343	1.3491765973985262e-38
344	9.868936568713544e-39
345	7.21784044548388e-39
346	5.278125954970142e-39
347	3.8591171635721566e-39
348	2.821188522020987e-39
349	2.0621125685665915e-39
350	1.5070544115512975e-39
351	1.1012400119976309e-39
352	8.045845741487247e-40
353	5.877576255122653e-40
354	4.293009745945979e-40
355	3.135181496094589e-40
356	2.2892904092362307e-40
357	1.6713855990635666e-40
358	1.2200852138208402e-40
359	8.905157139108016e-41
360	6.498768986925195e-41
361	4.74197076010282e-41
362	3.459593523778846e-41
363	2.5236543982453183e-41
364	1.8406594908492537e-41
365	1.3423197053752827e-41
366	9.787630828020782e-42
367	7.135730888736962e-42
368	5.201621873164549e-42
369	3.791217402667743e-42
370	2.7628566828995497e-42
371	2.0131583830020665e-42
372	1.466687559553282e-42
373	1.0684089304839122e-42
374	7.781759509922658e-43
375	5.667070974381912e-43
376	4.126484376827859e-43
377	3.004295310708476e-43
378	2.186986235117985e-43
379	1.5918078674520323e-43
380	1.1584480512385565e-43
381	8.429541432727421e-44
382	6.132999870230848e-44
383	4.4615290963033724e-44
384	3.2451622834081975e-44
385	2.360104173152444e-44
386	1.7162009363486707e-44
387	1.2478070932071074e-44
388	9.071294431708676e-45
389	6.593768832893978e-45
390	4.792266425401129e-45
391	3.4824999287798275e-45
392	2.530371822114025e-45
393	1.838318566917283e-45
394	1.3353667169012362e-45
395	9.698929497401438e-46
396	7.04353496967472e-46
397	5.114477846492001e-46
398	3.713263918978074e-46
399	2.69559323107495e-46
400	1.956577494826257e-46
401	1.4199859276930714e-46
402	1.0304227746865238e-46
403	7.476380749843918e-47
404	5.423904766479111e-47
405	3.9343909585441554e-47
406	2.853565941106573e-47
407	2.069394935310163e-47
408	1.5005278059060868e-47
409	1.0879026548614735e-47
410	7.886448548923433e-48
411	5.716345707639081e-48
412	4.142868943887293e-48
413	3.002131596818018e-48
414	2.175225068282945e-48
415	1.5758857904456213e-48
416	1.1415408738975061e-48
417	8.26807677293296e-49
418	5.9877541698907915e-49
419	4.3358072700611184e-49
420	3.1392264217823488e-49
421	2.2725952511405943e-49
422	1.6450096410105007e-49
423	1.1905888623530818e-49
424	8.615933021324858e-50
425	6.2343338971796005e-50
426	4.510504936199189e-50
427	3.2629298710937514e-50
428	2.3601407489341604e-50
429	1.7069302112115846e-50
430	1.2343588548963116e-50
431	8.925139841394582e-51
432	6.45262836850057e-51
433	4.6645141785982716e-51
434	3.371509840462874e-51
435	2.4366368265629662e-51
436	1.7607822097264844e-51
437	1.2722400190366144e-51
438	9.191388912464347e-52
439	6.639601558442359e-52
440	4.795697535306379e-52
441	3.463462946607311e-52
442	2.501027151772603e-52
443	1.8058242063191746e-52
444	1.303712530628697e-52
445	9.411039958761311e-53
446	6.7927073603004505e-53
447	4.902276508355475e-53
448	3.53754859067558e-53
449	2.552447605266979e-53
450	1.84145524975264e-53
451	1.3283591534950187e-53
452	9.581201300535704e-54
453	6.909945517898692e-54
454	4.982870325321445e-54
455	3.5928157644778425e-54
456	2.5902447772735953e-54
457	1.8672275994629345e-54
458	1.3458739796953666e-54
459	9.699789681415172e-55
460	6.989902446505968e-55
461	5.036523693177942e-55
462	3.628621845494908e-55
463	2.6139886389695037e-55
464	1.882855225398999e-55
465	1.356068098129786e-55
466	9.765567819090262e-56
467	7.031775911505319e-56
468	5.062722864648695e-56
469	3.6446429365902383e-56
470	2.6234791018059986e-56
471	1.88821789305981e-56
472	1.3588720767794658e-56
473	9.77815897624039e-57
474	7.035383146870447e-57
475	5.061399779588922e-57
476	3.640875625007558e-57
477	2.618746407112959e-57
478	1.8833608156659183e-57
479	1.354335262351528e-57
480	9.738038698786313e-58
481	7.001152605088636e-58
482	5.032924480587696e-58
483	3.617630347733564e-58
484	2.6000455117944204e-58
485	1.8684900149993937e-58
486	1.342622014984459e-58
487	9.646504680512104e-59
488	6.930100108473241e-59
489	4.978086413469031e-59
490	3.57551684280017e-59
491	2.567844843625966e-59
492	1.8439636797796623e-59
493	1.3240051000737285e-59
494	9.505626452111304e-60
495	6.823790694332498e-60
496	4.898065592399656e-60
497	3.5154224264229993e-60
498	2.52280998308245e-60
499	1.810279939515084e-60
500	1.298856549987754e-60
501	9.318177229375993e-61
502	6.684287892693462e-61
503	4.794394921622765e-61
504	3.438484054122835e-61
505	2.4657829808970304e-61
506	1.768061577831293e-61
507	1.2676363821897997e-61
508	9.087550767022455e-62
509	6.5140925297262125e-62
510	4.66891521079025e-62
511	3.3460552928712616e-62
512	2.3977581367204798e-62
513	1.7180382889646189e-62
514	1.230879614781743e-62
515	8.817666436221168e-63
516	6.316073402456325e-63
517	4.5237245917040435e-63
518	3.239669446410564e-63
519	2.3198551414201542e-63
520	1.6610271325558294e-63
521	1.1891820545632613e-63
522	8.512865967895145e-64
523	6.093392316262264e-64
524	4.361124138290076e-64
525	3.1210001356595365e-64
526	2.2332905229085008e-64
527	1.597911864700307e-64
528	1.1431853462160436e-64
529	8.177805380335758e-65
530	5.84942601684676e-65
531	4.18356150994746e-65
532	2.991820641737361e-65
533	2.1393483340395704e-65
534	1.5296218184008886e-65
535	1.0935617650322032e-65
536	7.817345545743347e-66
537	5.587687488593414e-66
538	3.993574385639271e-66
539	2.85396327424752e-66
540	2.0393509839242696e-66
541	1.4571109763540657e-66
542	1.0409992114244344e-66
543	7.436444659098159e-67
544	5.311748941516574e-67
545	3.793735339850505e-67
546	2.7092799378328924e-67
547	1.9346310453152564e-67
548	1.3813378266219043e-67
549	9.861868257047778e-68
550	7.040055572328298e-68
551	5.025168582791437e-68
552	3.586599641755876e-68
553	2.559604942975967e-68
554	1.826504775922848e-68
555	1.3032465211933401e-68
556	9.298015892364873e-69
557	6.633030568657326e-69
558	4.7314229818986e-69
559	3.3746572471800407e-69
560	2.406720951028561e-69
561	1.7162479768100343e-69
562	1.2237497732139624e-69
563	8.724962163163902e-70
564	6.220035699982116e-70
565	4.433846507967447e-70
566	3.1602900116766666e-70
567	2.2523287675361945e-70
568	1.6050746828932454e-70
569	1.1437138354635662e-70
570	8.148885734267114e-71
571	5.805476318627007e-71
572	4.135578961539661e-71
573	2.9457348949389254e-71
574	2.0980215111610434e-71
575	1.4941190455762225e-71
576	1.0639458051679317e-71
577	7.575527921530018e-72
578	5.393434927765773e-72
579	3.8395221577948107e-72
580	2.733053663987108e-72
581	1.9452634965971877e-72
582	1.384420631845332e-72
583	9.851834028407903e-73
584	7.010121722280757e-73
585	4.9876219744250374e-73
586	3.548305860064024e-73
587	2.5241093463475944e-73
588	1.795373986736413e-73
589	1.27691323337266e-73
590	9.08087279531052e-74
591	6.457339046258444e-74
592	4.5913397349874064e-74
593	3.2642631250606338e-74
594	2.3205494444661934e-74
595	1.6495157988120502e-74
596	1.1724171580886322e-74
597	8.332358209487224e-75
598	5.921255837380035e-75
599	4.20745901186369e-75
600	2.989414816101826e-75
601	2.1237957068675249e-75
602	1.508688596866557e-75
603	1.0716348691507234e-75
604	7.611223411259316e-76
605	5.4053342426579944e-76
606	3.83840798424569e-76
607	2.7254627764564303e-76
608	1.935040066081654e-76
609	1.3737265727742528e-76
610	9.751497450646243e-77
611	6.921544944607629e-77
612	4.912420538507934e-77
613	3.4861722443888985e-77
614	2.473790937765357e-77
615	1.7552462021168177e-77
616	1.2453001128737843e-77
617	8.83427661680866e-78
618	6.266556843569119e-78
619	4.444757174222803e-78
620	3.1523048087179425e-78
621	2.2354734714689837e-78
622	1.5851560752953295e-78
623	1.1239209683011645e-78
624	7.968210426750177e-79
625	5.648682096766201e-79
626	4.004007040134251e-79
627	2.837944721554252e-79
628	2.0112889749607758e-79
629	1.4253006937945278e-79
630	1.0099503943311902e-79
631	7.155749897733625e-80
632	5.0695786667457975e-80
633	3.591287911983497e-80
634	2.5438427666069368e-80
635	1.8017396171537207e-80
636	1.2760143378679137e-80
637	9.036096962929112e-81
638	6.398350864868372e-81
639	4.530197132368444e-81
640	3.2072149573998395e-81
641	2.270392762948492e-81
642	1.6070741467360607e-81
643	1.1374514517301677e-81
644	8.049926148388844e-82
645	5.696564678785283e-82
646	4.030847029168912e-82
647	2.8519492061883975e-82
648	2.0176669413099923e-82
649	1.4273136855982894e-82
650	1.0096054317442001e-82
651	7.14078998744708e-83
652	5.0501376185913174e-83
653	3.571269069182768e-83
654	2.5252499720934826e-83
655	1.7854539648880613e-83
656	1.2622792836401763e-83
657	8.923285813759744e-84
658	6.307492457226007e-84
659	4.458115322909607e-84
660	3.150710610782753e-84
661	2.226529357169213e-84
662	1.573298267232301e-84
663	1.1116202927146756e-84
664	7.853525645255062e-85
665	5.547990374276822e-85
666	3.918948882309141e-85
667	2.768002002122447e-85
668	1.954907157486212e-85
669	1.3805395185465846e-85
670	9.748427198917524e-86
671	6.883087642987239e-86
672	4.8595395032188866e-86
673	3.430599643748285e-86
674	2.4216317203053042e-86
675	1.709264707363299e-86
676	1.2063511913741808e-86
677	8.513368367171423e-87
678	6.007480391818418e-87
679	4.238835858557167e-87
680	2.990640226914751e-87
681	2.1098185546518213e-87
682	1.4882964359720783e-87
683	1.0497773681258075e-87
684	7.40403445283558e-88
685	5.221594583600773e-88
686	3.682149282947459e-88
687	2.5963497205898734e-88
688	1.8305794201309742e-88
689	1.2905581535013057e-88
690	9.097671081096431e-89
691	6.412783279652599e-89
692	4.519876885141658e-89
693	3.1854470358350606e-89
694	2.2448014941156626e-89
695	1.581791721890192e-89
696	1.1145113240283357e-89
697	7.8520586354716854e-90
698	5.53154530616325e-90
699	3.896487923411565e-90
700	2.7445057545585263e-90
701	1.9329425075800541e-90
702	1.3612495118640406e-90
703	9.585628104567349e-91
704	6.749435966760414e-91
705	4.752022448303791e-91
706	3.345442814491783e-91
707	2.3550107360044115e-91
708	1.6576634207737647e-91
709	1.1667129741896728e-91
710	8.210997867718149e-92
711	5.77819398903962e-92
712	4.065861603670758e-92
713	2.860733410040841e-92
714	2.0126420158298103e-92
715	1.4158591750969737e-92
716	9.959510406040137e-93
717	7.005196996598868e-93
718	4.926825448280299e-93
719	3.4648025185351865e-93
720	2.436432090604715e-93
721	1.7131471840018165e-93
722	1.2044800475789165e-93
723	8.467771655610946e-94
724	5.952553221654508e-94
725	4.1841002673257535e-94
726	2.940800430168734e-94
727	2.0667774900115355e-94
728	1.4524012641437165e-94
729	1.0205734482679412e-94
730	7.17078481094561e-95
731	5.0379507501497146e-95
732	3.5392070798924164e-95
733	2.486124564306807e-95
734	1.746242986048476e-95
735	1.2264542980412848e-95
736	8.613169504677724e-96
737	6.0483870300032296e-96
738	4.2469889636666255e-96
739	2.981863066240532e-96
740	2.093434071626049e-96
741	1.4695891409539544e-96
742	1.0315675170540881e-96
743	7.24043208948581e-97
744	5.081552738882812e-97
745	3.5661001903091024e-97
746	2.502394739944713e-97
747	1.755833354473804e-97
748	1.2319015261629756e-97
749	8.642391531673291e-98
750	6.062575375151258e-98
751	4.252513074868998e-98
752	2.982630675174707e-98
753	2.091792694577089e-98
754	1.4669089765283342e-98
755	1.0286155273285858e-98
756	7.212210500973034e-99
757	5.05648988719462e-99
758	3.5448294567325644e-99
759	2.4848891811795144e-99
760	1.7417435197489357e-99
761	1.2207504773662353e-99
762	8.555298080624977e-100
763	5.99527286695725e-100
764	4.200958105462778e-100
765	2.943427590615818e-100
766	2.0621677656833555e-100
767	1.4446421593089934e-100
768	1.0119574467278227e-100
769	7.088101255017687e-101
770	4.96436029184676e-101
771	3.476661535987991e-101
772	2.434598179831752e-101
773	1.7047392281796034e-101
774	1.1935879334580862e-101
775	8.356351661355135e-102
776	5.849851496416766e-102
777	4.094857940882213e-102
778	2.8661487386437538e-102
779	2.005970377870957e-102
780	1.4038355426332384e-102
781	9.823673041199012e-103
782	6.873810149563638e-103
783	4.809358532301942e-103
784	3.364672386040502e-103
785	2.3537722662241365e-103
786	1.6464636493237426e-103
787	1.1516113059558483e-103
788	8.054262513104183e-104
789	5.63263679843332e-104
790	3.938799211859849e-104
791	2.7541150762236873e-104
792	1.9256018219925868e-104
793	1.3462232240373744e-104
794	9.410958805589072e-105
795	6.578348680429586e-105
796	4.597970153490976e-105
797	3.2135248834318346e-105
798	2.2457606399408726e-105
799	1.5693201927839412e-105
800	1.0965437824655095e-105
801	7.661375099828179e-106
802	5.352464909165145e-106
803	3.7391019239383555e-106
804	2.6118436102774136e-106
805	1.824288174580121e-106
806	1.274107709085968e-106
807	8.897854270119942e-107
808	6.213422649107021e-107
809	4.338533788905134e-107
810	3.029155513787965e-107
811	2.114787193936912e-107
812	1.476312533728882e-107
813	1.030520160851153e-107
814	7.19285402327235e-108
815	5.020102514158037e-108
816	3.503406471223219e-108
817	2.4447535734944903e-108
818	1.705871400736656e-108
819	1.190211495864934e-108
820	8.30364289620235e-109
821	5.792684489316121e-109
822	4.0407109933345425e-109
823	2.818398667522864e-109
824	1.965684430965984e-109
825	1.3708562763810904e-109
826	9.559536195312971e-110
827	6.665742083867429e-110
828	4.6475812616696104e-110
829	3.240203578954606e-110
830	2.258834632338636e-110
831	1.5745752799859254e-110
832	1.0975120243463081e-110
833	7.64930588062815e-111
834	5.3309138848859514e-111
835	3.714909346187952e-111
836	2.5885806661853853e-111
837	1.8036079094926536e-111
838	1.2565781964579504e-111
839	8.753946423342949e-112
840	6.097969389304514e-112
841	4.247502097394591e-112
842	2.9583461293126507e-112
843	2.0603044735047979e-112
844	1.4347653406951695e-112
845	9.990734427803079e-113
846	6.956343734641331e-113
847	4.843192694205726e-113
848	3.3717050296872175e-113
849	2.3471158387883397e-113
850	1.6337538126620334e-113
851	1.1371188477509073e-113
852	7.913931198123606e-114
853	5.507390424654948e-114
854	3.832363161170911e-114
855	2.666580257557633e-114
856	1.8552818116619507e-114
857	1.2907209327927854e-114
858	8.978878044077526e-115
859	6.245670358117992e-115
860	4.344135120493993e-115
861	3.0213071997045837e-115
862	2.101134015944401e-115
863	1.4611000079570368e-115
864	1.0159526492716882e-115
865	7.063734043479025e-116
866	4.9109167581290977e-116
867	3.413958054254169e-116
868	2.373128072196517e-116
869	1.6494971650646766e-116
870	1.146434862196475e-116
871	7.967363316269117e-117
872	5.536652914129739e-117
873	3.847223606055217e-117
874	2.673098880477327e-117
875	1.857163318530179e-117
876	1.2901869979922958e-117
877	8.962367081129843e-118
878	6.22530036036421e-118
879	4.323798242878166e-118
880	3.002880650115531e-118
881	2.085346727289766e-118
882	1.448058285253431e-118
883	1.0054521052287084e-118
884	6.980785951556801e-119
885	4.84635090443492e-119
886	3.3642867412752396e-119
887	2.335279012606249e-119
888	1.6208849320056988e-119
889	1.1249500565901456e-119
890	7.806960078537439e-120
891	5.417492847909555e-120
892	3.7590873505762674e-120
893	2.6081597167685293e-120
894	1.809479444523919e-120
895	1.2552806722895121e-120
896	8.707545617128411e-121
897	6.039742373673069e-121
898	4.188985146858029e-121
899	2.9051394806110306e-121
900	2.014619016299566e-121
901	1.3969686277244409e-121
902	9.68608267381358e-122
903	6.715486729014683e-122
904	4.655589014191665e-122
905	3.227301952863921e-122
906	2.237033068253998e-122
907	1.5505045850345762e-122
908	1.0745869543046255e-122
909	7.446941485746158e-123
910	5.160386112757627e-123
911	3.575644581020838e-123
912	2.477390046415247e-123
913	1.716336122410384e-123
914	1.1889900408756286e-123
915	8.236107768018176e-124
916	5.7047125232090975e-124
917	3.951058470977698e-124
918	2.736283608917216e-124
919	1.894858264026035e-124
920	1.312080044184578e-124
921	9.084727787934977e-125
922	6.289722795460366e-125
923	4.354307540339671e-125
924	3.014218359784729e-125
925	2.0864037207532112e-125
926	1.4440759063655098e-125
927	9.99423922674722e-126
928	6.916358777223363e-126
929	4.7860072271493134e-126
930	3.311595311915767e-126
931	2.2912329686859216e-126
932	1.5851462259463155e-126
933	1.0965729076476312e-126
934	7.585318149633954e-127
935	5.2466030508567524e-127
936	3.6286972853034437e-127
937	2.509524308419283e-127
938	1.7354024933045806e-127
939	1.1999887628659644e-127
940	8.297023145506072e-128
941	5.736349354662477e-128
942	3.965674468164953e-128
943	2.7413640624736923e-128
944	1.8948924389842227e-128
945	1.3096963361258179e-128
946	9.05158996859478e-129
947	6.255288586835465e-129
948	4.3225303875377733e-129
949	2.9867370807780224e-129
950	2.0635936118998032e-129
951	1.4256719529364682e-129
952	9.84879946819005e-130
953	6.803231502217392e-130
954	4.699108551372233e-130
955	3.2455177342243757e-130
956	2.2414073110383026e-130
957	1.547839330802964e-130
958	1.0688069650950113e-130
959	7.379738682867463e-131
960	5.09508003549915e-131
961	3.5174615835320306e-131
962	2.428152998826066e-131
963	1.6760658364131231e-131
964	1.1568430629636248e-131
965	7.98410378769762e-132
966	5.509932295448737e-132
967	3.8021979145698205e-132
968	2.6235633266008753e-132
969	1.8101591746869198e-132
970	1.2488502615109626e-132
971	8.615338944182352e-133
972	5.942959484365595e-133
973	4.099223331516195e-133
974	2.827279902334233e-133
975	1.949864598144879e-133
976	1.3446477552441793e-133
977	9.272162690016005e-134
978	6.393254553731893e-134
979	4.4078965954592865e-134
980	3.038849927716059e-134
981	2.0948627226593298e-134
982	1.4440104983435813e-134
983	9.952990858425878e-135
984	6.859703402896185e-135
985	4.7274348880207787e-135
986	3.2577238257465566e-135
987	2.2447680312484948e-135
988	1.54666826855824e-135
989	1.0655930777290015e-135
990	7.340981326286234e-136
991	5.056911667188341e-136
992	3.483253971035806e-136
993	2.3991281411403317e-136
994	1.6523052591263082e-136
995	1.1378779119111995e-136
996	7.835551983546791e-137
997	5.395256265699065e-137
998	3.7146946230392246e-137
999	2.5574239008300462e-137
1000	1.7605602430817434e-137
1001	1.2119023696358847e-137
1002	8.341669087798674e-138
1003	5.741255361128207e-138
1004	3.9512031475255074e-138
1005	2.719070373363564e-138
1006	1.8710273469362993e-138
1007	1.2873849444910782e-138
1008	8.857380970947528e-139
1009	6.093556421455135e-139
1010	4.191842593839143e-139
1011	2.8834187496789564e-139
1012	1.9832574620751667e-139
1013	1.364014877809209e-139
1014	9.380538142974e-140
1015	6.450673200646471e-140
1016	4.435585675176813e-140
1017	3.0497592217153434e-140
1018	2.0967603123951906e-140
1019	1.4414536425663962e-140
1020	9.908803914948495e-141
1021	6.810993326102726e-141
1022	4.6813201764802964e-141
1023	3.217324829342522e-141
1024	2.211007185897188e-141
1025	1.5193368797469558e-141
1026	1.0439668103935277e-141
1027	7.172787984243134e-142
1028	4.927855790010284e-142
1029	3.385296278267593e-142
1030	2.3254343263066698e-142
1031	1.5972767831325383e-142
1032	1.0970463782895462e-142
1033	7.534223672663959e-143
1034	5.173932352695792e-143
1035	3.5528077082487586e-143
1036	2.439446968571448e-143
1037	1.6748649200963093e-143
1038	1.1498386981285341e-143
1039	7.893375947998927e-144
1040	5.418229432444994e-144
1041	3.7189533725422633e-144
1042	2.552423989508488e-144
1043	1.751675467391722e-144
1044	1.2020519183405279e-144
1045	8.248245058609332e-145
1046	5.6593771833371835e-145
1047	3.882795170936341e-145
1048	2.6637231322229552e-145
1049	1.8272688323202033e-145
1050	1.2533852413042054e-145
1051	8.596773311460396e-146
1052	5.895968362610768e-146
1053	4.0433709603940865e-146
1054	2.7726867504937528e-146
1055	1.9011956212359457e-146
1056	1.3035316635882469e-146
1057	8.936863983934584e-147
1058	6.126571376249894e-147
1059	4.1997035496878463e-147
1060	2.8786480074071933e-147
1061	1.9730009093105673e-147
1062	1.352180915699585e-147
1063	9.26640155482327e-148
1064	6.349744195396362e-148
1065	4.350810267872972e-148
1066	2.980937451411849e-148
1067	2.042228758023817e-148
1068	1.3990225640700015e-148
1069	9.58327299526283e-149
1070	6.564048963422603e-149
1071	4.495712981491769e-149
1072	3.0788898829794394e-149
1073	2.1084269201843996e-149
1074	1.44374923357198e-149
1075	9.885389830840188e-150
1076	6.768067093873363e-150
1077	4.633448422370063e-150
1078	3.1718514164348617e-150
1079	2.1711516665873755e-150
1080	1.486059905099788e-150
1081	1.0170710661365887e-150
1082	6.960414643228749e-151
1083	4.763078677218337e-151
1084	3.259186634542654e-151
1085	2.229972663861176e-151
1086	1.5256632397833731e-151
1087	1.0437263805557563e-151
1088	7.139757729999882e-152
1089	4.883701682232188e-152
1090	3.3402857283044752e-152
1091	2.2844778297825886e-152
1092	1.56228087933149e-152
1093	1.0683169724828844e-152
1094	7.304827763519202e-153
1095	4.994461560841265e-153
1096	3.414571511331562e-153
1097	2.3342780904763796e-153
1098	1.59565067089228e-153
1099	1.0906662873968159e-153
1100	7.454436242182588e-154
1101	5.0945586408475445e-154
1102	3.481506197222682e-154
1103	2.3790119635301798e-154
1104	1.62552976473487e-154
1105	1.1106112627100285e-154
1106	7.587488882156225e-155
1107	5.1832589885861734e-155
1108	3.5405978297083553e-155
1109	2.418349892219564e-155
1110	1.6516975340210045e-155
1111	1.1280042935110732e-155
1112	7.702998843651489e-156
1113	5.259903302468712e-156
1114	3.591406258922765e-156
1115	2.451998258753475e-156
1116	1.6739582679627252e-156
1117	1.1427150385696807e-156
1118	7.800098832920228e-157
1119	5.323915016325225e-157
1120	3.6335485630186326e-157
1121	2.4797030086843646e-157
1122	1.6921435927179203e-157
1123	1.1546320359192398e-157
1124	7.878051873850395e-158
1125	5.374807474218355e-158
1126	3.666703822370617e-158
1127	2.501252824339467e-158
1128	1.70611457842366e-158
1129	1.1636641001968482e-158
1130	7.936260563296306e-159
1131	5.412190052667724e-159
1132	3.6906171636481534e-159
1133	2.5164817921833836e-159
1134	1.7157634957229242e-159
1135	1.169741477392542e-159
1136	7.974274648583948e-160
1137	5.435773123235355e-160
1138	3.7051030029268334e-160
1139	2.5252715173133554e-160
1140	1.7210151909125172e-160
1141	1.1728167366799795e-160
1142	7.991796793575444e-161
1143	5.4453717678133435e-161
1144	3.710047430454485e-161
1145	2.527552647612485e-161
1146	1.7218280553023188e-161
1147	1.1728653834706827e-161
1148	7.988686430592172e-162
1149	5.440908180332365e-162
1150	3.7054096944527663e-162
1151	2.523305780269534e-162
1152	1.7181945713928303e-162
1153	1.1698861826688992e-162
1154	7.964961628774178e-163
1155	5.42241271148743e-163
1156	3.6912227570594916e-163
1157	2.5125617341787294e-163
1158	1.7101414258961156e-163
1159	1.1639011861906484e-163
1160	7.920798944325028e-164
1161	5.390023536970604e-164
1162	3.667592911869165e-164
1163	2.495401182914079e-164
1164	1.697729187268903e-164
1165	1.15495546403619e-164
1166	7.856531253759406e-165
1167	5.34398495404165e-165
1168	3.6346984691358108e-165
1169	2.4719536542966955e-165
1170	1.681051553140126e-165
1171	1.1431165434519723e-165
1172	7.772643606986093e-166
1173	5.2846443355415724e-166
1174	3.592787531188531e-166
1175	2.4423959137648764e-166
1176	1.6602341806076426e-166
1177	1.1284735658697427e-166
1178	7.66976717194592e-167
1179	5.212447794086097e-167
1180	3.542174896606817e-167
1181	2.4069497595721634e-167
1182	1.6354331196904294e-167
1183	1.111136176245848e-167
1184	7.548671375845296e-168
1185	5.127934631645052e-168
1186	3.4832381468407384e-168
1187	2.3658792680383428e-168
1188	1.606832877082561e-168
1189	1.0912331640382828e-168
1190	7.410254379021316e-169
1191	5.031730670516813e-169
1192	3.4164129829186956e-169
1193	2.3194875364267863e-169
1194	1.5746441436175688e-169
1195	1.0689108792459135e-169
1196	7.255532045457607e-170
1197	4.9245405803948235e-170
1198	3.342187892342872e-170
1199	2.268112979323333e-170
1200	1.5391012243744635e-170
1201	1.0443314506068314e-170
1202	7.08562559835231e-171
1203	4.807139332386873e-171
1204	3.2610982369824286e-171
1205	2.212125241472723e-171
1206	1.5004592150318074e-171
1207	1.017670836134086e-171
1208	6.901748169406969e-172
1209	4.680362924155921e-172
1210	3.173719861491935e-172
1211	2.1519207957305876e-172
1212	1.4589909717986086e-172
1213	9.891167385898655e-173
1214	6.705190466257285e-173
1215	4.54509853056236e-173
1216	3.0806623283783292e-173
1217	2.0879182990345488e-173
1218	1.414983924970858e-173
1219	9.588664202354987e-174
1220	6.4973057934580915e-174
1221	4.402274241105179e-174
1222	2.9825618901705425e-174
1223	2.020553781983955e-174
1224	1.3687367878129143e-174
1225	9.271244521962114e-175
1226	6.279494668459341e-175
1227	4.2528485490150784e-175
1228	2.880074311183216e-175
1229	1.950275748746522e-175
1230	1.3205562130568722e-175
1231	8.941004340636843e-176
1232	6.0531892750956004e-176
1233	4.097799757018386e-176
1234	2.7738676510978426e-176
1235	1.8775402635701213e-176
1236	1.270753448834528e-176
1237	8.600067189158796e-177
1238	5.819837993309444e-177
1239	3.938115461669535e-177
1240	2.664615120098578e-177
1241	1.8028060982363889e-177
1242	1.2196410443719888e-177
1243	8.250561778079219e-178
1244	5.580890235389004e-178
1245	3.7747822718873556e-178
1246	2.552988110681496e-178
1247	1.7265300114155913e-178
1248	1.1675296533180095e-178
1249	7.894600360120709e-179
1250	5.3377818062204946e-179
1251	3.608775908155312e-179
1252	2.4396495047052722e-179
1253	1.6491622262146415e-179
1254	1.1147249792590172e-179
1255	7.53425810927724e-180
1256	5.09192098836729e-180
1257	3.441051817071232e-180
1258	2.3252473459446643e-180
1259	1.5711421663634897e-180
1260	1.0615249038719114e-180
1261	7.171553787112981e-181
1262	4.844675532710583e-181
1263	3.27253642189774e-181
1264	2.2104089586231488e-181
1265	1.4928945046723017e-181
1266	1.008216833420621e-181
1267	6.808431933749011e-182
1268	4.59736071244811e-182
1269	3.1041191138570436e-182
1270	2.095735581378378e-182
1271	1.4148255697581167e-182
1272	9.550752940275908e-183
1273	6.446746784602733e-183
1274	4.351228573134494e-183
1275	2.936645071600331e-183
1276	1.9817975741810393e-183
1277	1.337320148827761e-183
1278	9.023598004997361e-184
1279	6.088248075092373e-184
1280	4.107458484734025e-184
1281	2.7709089779423267e-184
1282	1.8691302431576475e-184
1283	1.2607387156874368e-184
1284	8.503130175894323e-185
1285	5.7345688551473663e-185
1286	3.86714907407084e-185
1287	2.6076496841042327e-185
1288	1.7582303153890523e-185
1289	1.1854151043603209e-185
1290	7.99159226576458e-186
1291	5.387215394515268e-186
1292	3.6313115882201523e-186
1293	2.4475458527520343e-186
1294	1.6495530828623752e-186
1295	1.1116546399276106e-186
1296	7.491031040982305e-187
1297	5.047559219376748e-187
1298	3.4008647119161754e-187
1299	2.2912125924893989e-187
1300	1.543510222130788e-187
1301	1.0397327296542673e-187
1302	7.00328814367657e-188
1303	4.716831281631577e-188
1304	3.176630835585392e-188
1305	2.1391990785759486e-188
1306	1.440468284147237e-188
1307	9.698939093059735e-189
1308	6.529994104154052e-189
1309	4.396118225127657e-189
1310	2.9593337456269378e-189
1311	1.991987137827129e-189
1312	1.3407478374374978e-189
1313	9.023513319654822e-190
1314	6.07256534890864e-190
1315	4.0863606788502825e-190
1316	2.749597685582336e-190
1317	1.8499907602442167e-190
1318	1.2446232374493736e-190
1319	8.372866797433451e-191
1320	5.63220406331118e-191
1321	3.788353476184816e-191
1322	2.547947716208204e-191
1323	1.71355648616496e-191
1324	1.1523229857500264e-191
1325	7.748504726760502e-192
1326	5.209900727496612e-192
1327	3.5027476724006684e-192
1328	2.3548112845546633e-192
1329	1.58296460584211e-192
1330	1.0640306348660762e-192
1331	7.151627438906062e-193
1332	4.806439109476428e-193
1333	3.2300542097241154e-193
1334	2.170520897135083e-193
1335	1.4584310984689184e-193
1336	9.798861880627445e-194
1337	6.583140458473252e-194
1338	4.4224034715517625e-194
1339	2.970649061088403e-194
1340	1.9953177803338893e-194
1341	1.340110229893026e-194
1342	8.99987938297404e-195
1343	6.0436674919137206e-195
1344	4.058187724858509e-195
1345	2.7247796699332866e-195
1346	1.8293564023766654e-195
1347	1.228097722599463e-195
1348	8.2439468697006585e-196
1349	5.533565934436366e-196
1350	3.7140062523292694e-196
1351	2.4925724942785683e-196
1352	1.6727097254648985e-196
1353	1.1224344079948174e-196
1354	7.531282809084253e-197
1355	5.0529444743410096e-197
1356	3.389906112380954e-197
1357	2.2740414585799916e-197
1358	1.5253750539574584e-197
1359	1.0231102695033116e-197
1360	6.861764052143822e-198
1361	4.601682369779106e-198
1362	3.0857803339089498e-198
1363	2.0690971163906107e-198
1364	1.387280344610035e-198
1365	9.300687853798665e-199
1366	6.2349557007319605e-199
1367	4.179449977570094e-199
1368	2.80138201725977e-199
1369	1.8775563302603965e-199
1370	1.2582908476235383e-199
1371	8.432114822965256e-200
1372	5.650142312810771e-200
1373	3.7857301262399494e-200
1374	2.5363389652278556e-200
1375	1.699152282251257e-200
1376	1.1382159523605891e-200
1377	7.624026144826649e-201
1378	5.106359869495863e-201
1379	3.419839944939465e-201
1380	2.2901685821341776e-201
1381	1.5335446384765864e-201
1382	1.026816118740155e-201
1383	6.8747388828619985e-202
1384	4.6024279644909625e-202
1385	3.080952785397938e-202
1386	2.062292797019857e-202
1387	1.3803297037198536e-202
1388	9.23809784200872e-203
1389	6.182291582447971e-203
1390	4.136981720074539e-203
1391	2.768119904451137e-203
1392	1.8520527881807646e-203
1393	1.2390504169423317e-203
1394	8.288801463828503e-204
1395	5.544490278795876e-204
1396	3.7085029831951416e-204
1397	2.4802916089167177e-204
1398	1.6587233099452408e-204
1399	1.109206054853523e-204
1400	7.416817329727966e-205
1401	4.958952962141905e-205
1402	3.315350408901015e-205
1403	2.2163376015170034e-205
1404	1.4815264480007727e-205
1405	9.902615281722201e-206
1406	6.618466821436751e-206
1407	4.423151992443919e-206
1408	2.9557880947031384e-206
1409	1.9750663051726225e-206
1410	1.3196446560044158e-206
1411	8.816561732829723e-207
1412	5.889906693717579e-207
1413	3.934454040197326e-207
1414	2.628012487037797e-207
1415	1.7552429822492367e-207
1416	1.17223295297687e-207
1417	7.828119602243363e-208
1418	5.227184288275297e-208
1419	3.490157214434289e-208
1420	2.3301773384170038e-208
1421	1.5556065043580688e-208
1422	1.038430187470807e-208
1423	6.931410559227858e-209
1424	4.6262882972788284e-209
1425	3.0875251216076344e-209
1426	2.0604165498411786e-209
1427	1.3748846662181206e-209
1428	9.173693001593634e-210
1429	6.120526989375081e-210
1430	4.08319479767957e-210
1431	2.7238176783097467e-210
1432	1.816864786551198e-210
1433	1.2118079731914394e-210
1434	8.081865408389501e-211
1435	5.3895935839393425e-211
1436	3.5939083880509963e-211
1437	2.396318575205783e-211
1438	1.597675805282135e-211
1439	1.0651218657870695e-211
1440	7.100296184791999e-212
1441	4.732821649897462e-212
1442	3.154498361777582e-212
1443	2.1023593580602327e-212
1444	1.401038477115014e-212
1445	9.33597375208754e-213
1446	6.220647835684968e-213
1447	4.14455615756543e-213
1448	2.7611299427163144e-213
1449	1.8393401534403848e-213
1450	1.2251905312436156e-213
1451	8.160402315449018e-214
1452	5.434828603666419e-214
1453	3.6193156650314544e-214
1454	2.4100906910238697e-214
1455	1.6047471209813747e-214
1456	1.0684300810968981e-214
1457	7.112984702109905e-215
1458	4.73504262624845e-215
1459	3.1518253645228515e-215
1460	2.0978122570502303e-215
1461	1.3961667606271895e-215
1462	9.291250250691328e-216
1463	6.182686026370641e-216
1464	4.11383039805032e-216
1465	2.7370435847673925e-216
1466	1.8208877198584626e-216
1467	1.2112972419009076e-216
1468	8.057204395322244e-217
1469	5.359004339032526e-217
1470	3.5641001179984555e-217
1471	2.3701821553373394e-217
1472	1.5760847940314061e-217
1473	1.0479569530640933e-217
1474	6.967441019230802e-218
1475	4.632006231418989e-218
1476	3.079150586909878e-218
1477	2.0467210944070192e-218
1478	1.3603552243671173e-218
1479	9.040904912686114e-219
1480	6.008102966969121e-219
1481	3.9923509217752364e-219
1482	2.652686382788773e-219
1483	1.7624181210105997e-219
1484	1.1708407133571141e-219
1485	7.777723308783659e-220
1486	5.166220671092048e-220
1487	3.431303942839404e-220
1488	2.278826081307144e-220
1489	1.5133135178638207e-220
1490	1.0048757417738211e-220
1491	6.672084165887069e-221
1492	4.429720815149072e-221
1493	2.940741583592457e-221
1494	1.9521043090557819e-221
1495	1.295730882382787e-221
1496	8.599876491463451e-222
1497	5.707359314122935e-222
1498	3.787422845802369e-222
1499	2.5131472455869734e-222
1500	1.667468419352571e-222
1501	1.106274303149306e-222
1502	7.33894339385841e-223
1503	4.868214877314683e-223
1504	3.229025019745622e-223
1505	2.14160085811239e-223
1506	1.4202705669550659e-223
1507	9.418224882868436e-224
1508	6.244999684006934e-224
1509	4.1405798316869385e-224
1510	2.745081622465105e-224
1511	1.8197624602085868e-224
1512	1.2062559312755187e-224
1513	7.995203526413991e-225
1514	5.298889563165516e-225
1515	3.511603527481281e-225
1516	2.32697292199152e-225
1517	1.54185100466768e-225
1518	1.0215478000166938e-225
1519	6.767685438961072e-226
1520	4.4831864796946235e-226
1521	2.9696043544880927e-226
1522	1.9668693266598098e-226
1523	1.3026193730632726e-226
1524	8.626301788281815e-227
1525	5.712113553669743e-227
1526	3.78210922741666e-227
1527	2.504011575053501e-227
1528	1.6576911063922439e-227
1529	1.0973265147942029e-227
1530	7.263285398490022e-228
1531	4.8072343670342676e-228
1532	3.18143029549417e-228
1533	2.1053021736449227e-228
1534	1.3930649166299193e-228
1535	9.217075401693871e-229
1536	6.0978926488541285e-229
1537	4.033956744393506e-229
1538	2.6683789580498924e-229
1539	1.7649343867955846e-229
1540	1.1672782369875667e-229
1541	7.719425104930646e-230
1542	5.104582793596333e-230
1543	3.3752057355399073e-230
1544	2.2315413129296454e-230
1545	1.4752793867892264e-230
1546	9.752327066884041e-231
1547	6.446245794187997e-231
1548	4.260593127074179e-231
1549	2.815774300175941e-231
1550	1.8607591986216826e-231
1551	1.2295524016816003e-231
1552	8.123972091329399e-232
1553	5.367280517067866e-232
1554	3.545721610464514e-232
1555	2.3421754366901077e-232
1556	1.5470296427562758e-232
1557	1.0217443674048058e-232
1558	6.74761431337984e-233
1559	4.455768397644394e-233
1560	2.9421126989193557e-233
1561	1.9424968150370786e-233
1562	1.2824062300663754e-233
1563	8.465550282393271e-234
1564	5.587905027547321e-234
1565	3.6881371649795265e-234
1566	2.4340489945519408e-234
1567	1.6062596418616074e-234
1568	1.0599035264457814e-234
1569	6.993282326148146e-235
1570	4.613812039189429e-235
1571	3.043706862135001e-235
1572	2.0077508338571795e-235
1573	1.324283138430877e-235
1574	8.734054620507371e-236
1575	5.759900141586866e-236
1576	3.7982012989649415e-236
1577	2.504407244755284e-236
1578	1.6511854428011895e-236
1579	1.0885556930373163e-236
1580	7.175783625636717e-237
1581	4.72989904595839e-237
1582	3.1174409747682857e-237
1583	2.0545107354171468e-237
1584	1.3538868625270805e-237
1585	8.921134616741267e-238
1586	5.877891252394471e-238
1587	3.8724579644229526e-238
1588	2.5510299911259993e-238
1589	1.6803822259469493e-238
1590	1.1067874655136652e-238
1591	7.289269351999084e-239
1592	4.800288659316511e-239
1593	3.160925598448454e-239
1594	2.0812523093185425e-239
1595	1.370246516058742e-239
1596	9.020615467003301e-240
1597	5.937957681530874e-240
1598	3.9084221499388495e-240
1599	2.5723451937677225e-240
1600	1.6928575670255282e-240
1601	1.1139737422364004e-240
1602	7.329811858807414e-241
1603	4.8225197328159605e-241
1604	3.1726231332238886e-241
1605	2.0870181273152913e-241
1606	1.3727681411821733e-241
1607	9.028827835801404e-242
1608	5.937843349202865e-242
1609	3.904714254788719e-242
1610	2.5675145391822917e-242
1611	1.6881058339499527e-242
1612	1.1098122371153448e-242
1613	7.295623278619331e-243
1614	4.795548835509274e-243
1615	3.151934873762601e-243
1616	2.0714722794981675e-243
1617	1.3612690263112515e-243
1618	8.944822346450692e-244
1619	5.877090368774124e-244
1620	3.861142975668987e-244
1621	2.5364846418036792e-244
1622	1.6661396587200418e-244
1623	1.0943427143013427e-244
1624	7.187172303385349e-245
1625	4.719820602538105e-245
1626	3.099242996432428e-245
1627	2.0349251501596658e-245
1628	1.3359921202492609e-245
1629	8.770451928394539e-246
1630	5.757084965078462e-246
1631	3.778730056709531e-246
1632	2.4799997195969254e-246
1633	1.6274958944955152e-246
1634	1.0679493351535032e-246
1635	7.007189255116363e-247
1636	4.5972642351131725e-247
1637	3.015903752888761e-247
1638	1.97832597438292e-247
1639	1.2975991836935115e-247
1640	8.510313926450915e-248
1641	5.581010951957419e-248
1642	3.659674140509686e-248
1643	2.399574173263115e-248
1644	1.5732151881453164e-248
1645	1.0313456535289546e-248
1646	6.760557110258063e-249
1647	4.431215085729481e-249
1648	2.9041914824774636e-249
1649	1.9032231264513354e-249
1650	1.24714278189785e-249
1651	8.171553550607913e-250
1652	5.3537123974979325e-250
1653	3.5072551796932234e-250
1654	2.2974262844403097e-250
1655	1.5047961355306265e-250
1656	9.855430058205244e-251
1657	6.454094110548005e-251
1658	4.226265507723141e-251
1659	2.7671965029012588e-251
1660	1.8116943558068254e-251
1661	1.1860187089153043e-251
1662	7.763539996938704e-252
1663	5.081473497539554e-252
1664	3.325685055113062e-252
1665	2.1763769882841808e-252
1666	1.424126778603615e-252
1667	9.318042130014182e-253
1668	6.096241237569124e-253
1669	3.988054135296687e-253
1670	2.6086831892926323e-253
1671	1.7062513033623548e-253
1672	1.1159018114549479e-253
1673	7.297435526467037e-254
1674	4.771729495526842e-254
1675	3.119913822039119e-254
1676	2.0397201233502617e-254
1677	1.33339778862127e-254
1678	8.715855376061652e-255
1679	5.696674457530569e-255
1680	3.723007040251285e-255
1681	2.4329173120889234e-255
1682	1.5897244090066066e-255
1683	1.0386693242989731e-255
1684	6.785685138919143e-256
1685	4.4327272031501174e-256
1686	2.895404027777528e-256
1687	1.8910724953054564e-256
1688	1.2350029150037495e-256
1689	8.064706263582206e-257
1690	5.2658666581453396e-257
1691	3.438047398677392e-257
1692	2.2444737252382465e-257
1693	1.4651356001017408e-257
1694	9.563166366757712e-258
1695	6.241459563094515e-258
1696	4.0731568695263776e-258
1697	2.657887543573299e-258
1698	1.7342133387284106e-258
1699	1.1314330551451525e-258
1700	7.381006495161574e-259
1701	4.8146271601001407e-259
1702	3.140292115938552e-259
1703	2.048036602326317e-259
1704	1.3355668200625068e-259
1705	8.708708106078935e-260
1706	5.6780866716813805e-260
1707	3.7017785470177435e-260
1708	2.4131201629380993e-260
1709	1.5729232197307547e-260
1710	1.0251705533259172e-260
1711	6.681049821973311e-261
1712	4.353647356606754e-261
1713	2.8367541603817525e-261
1714	1.8482045253282542e-261
1715	1.2040324663555763e-261
1716	7.843071394790964e-262
1717	5.10850595348995e-262
1718	3.327065619514192e-262
1719	2.1666487900331943e-262
1720	1.4108320674568842e-262
1721	9.185900559767995e-263
1722	5.98036557068528e-263
1723	3.8930794116560796e-263
1724	2.534068156374875e-263
1725	1.649311855243138e-263
1726	1.073363175301094e-263
1727	6.984735828827032e-264
1728	4.544777464687749e-264
1729	2.9568858927686754e-264
1730	1.9236044513069808e-264
1731	1.251284911753347e-264
1732	8.138714780982813e-265
1733	5.29315482678038e-265
1734	3.4421712532631533e-265
1735	2.238254244712452e-265
1736	1.4552760689849778e-265
1737	9.461071966950323e-266
1738	6.1502709824444096e-266
1739	3.9976711238172296e-266
1740	2.5982368681170064e-266
1741	1.688531799565505e-266
1742	1.0972321674291158e-266
1743	7.129294610754304e-267
1744	4.631837286705826e-267
1745	3.0089757517880837e-267
1746	1.9545316195047648e-267
1747	1.2694783274802529e-267
1748	8.244539769226557e-268
1749	5.353848005189347e-268
1750	3.476354920661825e-268
1751	2.257046941017395e-268
1752	1.4652625188008224e-268
1753	9.511491288963428e-269
1754	6.173622507295535e-269
1755	4.00672712291469e-269
1756	2.6001455392121607e-269
1757	1.687188872816992e-269
1758	1.0946816984188016e-269
1759	7.101826834969289e-270
1760	4.606916309185965e-270
1761	2.988192325805613e-270
1762	1.938048783058475e-270
1763	1.2568364120072026e-270
1764	8.149869427931394e-271
1765	5.284213422853521e-271
1766	3.425845767506529e-271
1767	2.2208180439875846e-271
1768	1.43951374554827e-271
1769	9.32988473602199e-272
1770	6.046364417195444e-272
1771	3.918049260664069e-272
1772	2.5386507192331056e-272
1773	1.644725609119697e-272
1774	1.0654703105428232e-272
1775	6.9015493886804156e-273
1776	4.470016759563851e-273
1777	2.894869295151183e-273
1778	1.8745886319259015e-273
1779	1.2137805169438197e-273
1780	7.858351711027557e-274
1781	5.087211955945332e-274
1782	3.2929506777681674e-274
1783	2.1313147695702546e-274
1784	1.379325899959446e-274
1785	8.925716076130425e-275
1786	5.7753203244285225e-275
1787	3.736507604289313e-275
1788	2.4171989656798898e-275
1789	1.563563834476739e-275
1790	1.0112894399507536e-275
1791	6.5402133851928856e-276
1792	4.229265066130176e-276
1793	2.7346036178703175e-276
1794	1.7679920410000857e-276
1795	1.1429378633447705e-276
1796	7.387904593746804e-277
1797	4.775031380278605e-277
1798	3.0859396250634253e-277
1799	1.994136180965192e-277
1800	1.288481965404238e-277
1801	8.324496350226118e-278
1802	5.377663601072637e-278
1803	3.4736438300910113e-278
1804	2.2435351575262048e-278
1805	1.448893155179183e-278
1806	9.356117729118625e-279
1807	6.041027036320305e-279
1808	3.9001527189870504e-279
1809	2.5177240411855217e-279
1810	1.625138086178303e-279
1811	1.048885266601609e-279
1812	6.768948720791194e-280
1813	4.367872296823624e-280
1814	2.818214577918635e-280
1815	1.8181660519923507e-280
1816	1.1728658501655902e-280
1817	7.56516480693995e-281
1818	4.8791441295876524e-281
1819	3.146473282797227e-281
1820	2.028894862672031e-281
1821	1.3081274975227427e-281
1822	8.433261957167974e-282
1823	5.4362076222984884e-282
1824	3.503897174409664e-282
1825	2.2581952438557743e-282
1826	1.4552123977792449e-282
1827	9.376612963353466e-283
1828	6.041158694857728e-283
1829	3.891787264246714e-283
1830	2.5068738385866375e-283
1831	1.6146200620984906e-283
1832	1.0398306976528474e-283
1833	6.695905118154222e-284
1834	4.3113199801120014e-284
1835	2.775654933387178e-284
1836	1.786795644304372e-284
1837	1.1501074900600803e-284
1838	7.402118882368902e-285
1839	4.76351677259142e-285
1840	3.065161074883382e-285
1841	1.9721175859778012e-285
1842	1.2687210686100607e-285
1843	8.1611860855226175e-286
1844	5.249212227552636e-286
1845	3.3758927903057983e-286
1846	2.170884726706753e-286
1847	1.3958489449896553e-286
1848	8.974154950814741e-287
1849	5.769021084037911e-287
1850	3.708207673580305e-287
1851	2.3833030507640985e-287
1852	1.5316083540324864e-287
1853	9.841682703524855e-288
1854	6.323304634019074e-288
1855	4.062299147318521e-288
1856	2.6094722720843464e-288
1857	1.6760477859541863e-288
1858	1.076398215903166e-288
1859	6.912137056246754e-289
1860	4.4381752584690235e-289
1861	2.8493724890910105e-289
1862	1.8291385940408837e-289
1863	1.1740768989274441e-289
1864	7.53527230855199e-290
1865	4.8356379102687024e-290
1866	3.1028511688017933e-290
1867	1.990766844795533e-290
1868	1.2771210741835961e-290
1869	8.192112268945618e-291
1870	5.254262973782399e-291
1871	3.36961074462853e-291
1872	2.1607255928766157e-291
1873	1.385387877960206e-291
1874	8.881676873031516e-292
1875	5.693381757084806e-292
1876	3.6491971333394324e-292
1877	2.338707775862852e-292
1878	1.4986704385216432e-292
1879	9.602577040864984e-293
1880	6.152064337230358e-293
1881	3.940989492663767e-293
1882	2.524299933263278e-293
1883	1.616694032910462e-293
1884	1.0352991217693157e-293
1885	6.62910527793011e-294
1886	4.2441915509032484e-294
1887	2.7169769595694993e-294
1888	1.739112922814362e-294
1889	1.1130646367301905e-294
1890	7.123012262492092e-295
1891	4.557824842607091e-295
1892	2.916098101876482e-295
1893	1.8655080020432978e-295
1894	1.1932804251560147e-295
1895	7.631998165753521e-296
1896	4.8807241789857915e-296
1897	3.1209044081033717e-296
1898	1.9953853846156788e-296
1899	1.2756253802923815e-296
1900	8.153977068901355e-297
1901	5.211535667387954e-297
1902	3.330517821621296e-297
1903	2.1281760552611834e-297
1904	1.3597310346450405e-297
1905	8.686564686353938e-298
1906	5.548717570309085e-298
1907	3.543942101804055e-298
1908	2.263236693072242e-298
1909	1.4451822353017984e-298
1910	9.227083623456533e-299
1911	5.890544260581624e-299
1912	3.760065727401971e-299
1913	2.399851763964701e-299
1914	1.5315186305284565e-299
1915	9.772573817385451e-300
1916	6.235113485503695e-300
1917	3.9776669106865326e-300
1918	2.5372369585556855e-300
1919	1.6182370132705044e-300
1920	1.0319808431489219e-300
1921	6.580357098892614e-301
1922	4.195420815171169e-301
1923	2.674544029119271e-301
1924	1.7047945522434377e-301
1925	1.0865315376079037e-301
1926	6.924055356868777e-302
1927	4.4119090287123596e-302
1928	2.8108670527301146e-302
1929	1.7906129241144233e-302
1930	1.1405404517606917e-302
1931	7.263854801488463e-303
1932	4.62563129758554e-303
1933	2.9452501179322095e-303
1934	1.8750833411214507e-303
1935	1.1936200515115788e-303
1936	7.597289677345312e-304
1937	4.835019476468586e-304
1938	3.0766963998294157e-304
1939	1.957572447721125e-304
1940	1.2453681090137325e-304
1941	7.921806741541807e-305
1942	5.038453595235412e-305
1943	3.2041785540620235e-305
1944	2.0374290379427937e-305
1945	1.2953720396916813e-305
1946	8.234793238933102e-306
1947	5.234279887295456e-306
1948	3.326650324535499e-306
1949	2.11399152258107e-306
1950	1.3432137017212489e-306
1951	8.533607724450439e-307
1952	5.4208305673764646e-307
1953	3.443059223933639e-307
1954	2.1865960527972964e-307
1955	1.3884745962052182e-307
1956	8.8156133251633855e-308
1957	5.596445090684256e-308
1958	3.5523601109814633e-308
1959	2.2545851847585517e-308
1960	1.430741392566363e-308
1961	9.078212949182837e-309
1962	5.75949257208828e-309
1963	3.65352945527044e-309
1964	2.317316949340805e-309
1965	1.46961169090243e-309
1966	9.31888586933436e-310
1967	5.9083949950269e-310
1968	3.74558005025183e-310
1969	2.3741741723302e-310
1970	1.50469992163205e-310
1971	9.535225039635e-311
1972	6.041650797109e-311
1973	3.8275759089754e-311
1974	2.4245738747394e-311
1975	1.5356432731664e-311
1976	9.724974444644e-312
1977	6.15785838453e-312
1978	3.898647056265e-312
1979	2.467976570407e-312
1980	1.562107530977e-312
1981	9.88606573847e-313
1982	6.2557391021e-313
1983	3.95800391636e-313
1984	2.50389526964e-313
1985	1.5837927067e-313
1986	1.00166534037e-313
1987	6.3341591714e-314
1988	4.0049509877e-314
1989	2.531903994e-314
1990	1.600438334e-314
1991	1.011514765e-314
1992	6.392150106e-315
1993	4.038899497e-315
1994	2.55164561e-315
1995	1.61182831e-315
1996	1.01802443e-315
1997	6.42892714e-316
1998	4.0593787e-316
1999	2.56283876e-316
2000	1.6177952e-316
2001	1.0210951e-316
2002	6.443905e-317
2003	4.0660456e-317
2004	2.5652837e-317
2005	1.6182236e-317
2006	1.020661e-317
2007	6.43671e-318
2008	4.058695e-318
2009	2.55887e-318
2010	1.613055e-318
2011	1.016693e-318
2012	6.4072e-319
2013	4.03726e-319
2014	2.54355e-319
2015	1.6023e-319
2016	1.0092e-319
2017	6.3557e-320
2018	4.002e-320
2019	2.519e-320
2020	1.586e-320
2021	9.98e-321
2022	6.28e-321
2023	3.953e-321
2024	2.485e-321
2025	1.566e-321
2026	9.83e-322
2027	6.2e-322
2028	3.9e-322
2029	2.4e-322
2030	1.53e-322
2031	1e-322
2032	6e-323
2033	4e-323
2034	2.5e-323
2035	1.5e-323
2036	1e-323
2037	5e-324
2038	5e-324
2039	0.0
2040	0.0
2041	0.0
2042	0.0
2043	0.0
2044	0.0
2045	0.0
2046	0.0
2047	0.0
2048	0.0
2049	0.0
2050	0.0
2051	0.0
2052	0.0
2053	0.0
2054	0.0
2055	0.0
2056	0.0
2057	0.0
2058	0.0
2059	0.0
2060	0.0
2061	0.0
2062	0.0
2063	0.0
2064	0.0
2065	0.0
2066	0.0
2067	0.0
2068	0.0
2069	0.0
2070	0.0
2071	0.0
2072	0.0
2073	0.0
2074	0.0
2075	0.0
2076	0.0
2077	0.0
2078	0.0
2079	0.0
2080	0.0
2081	0.0
2082	0.0
2083	0.0
2084	0.0
2085	0.0
2086	0.0
2087	0.0
2088	0.0
2089	0.0
2090	0.0
2091	0.0
2092	0.0
2093	0.0
2094	0.0
2095	0.0
2096	0.0
2097	0.0
2098	0.0
2099	0.0
2100	0.0
2101	0.0
2102	0.0
2103	0.0
2104	0.0
2105	0.0
2106	0.0
2107	0.0
2108	0.0
2109	0.0
2110	0.0
2111	0.0
2112	0.0
2113	0.0
2114	0.0
2115	0.0
2116	0.0
2117	0.0
2118	0.0
2119	0.0
2120	0.0
2121	0.0
2122	0.0
2123	0.0
2124	0.0
2125	0.0
2126	0.0
2127	0.0
2128	0.0
2129	0.0
2130	0.0
2131	0.0
2132	0.0
2133	0.0
2134	0.0
2135	0.0
2136	0.0
2137	0.0
2138	0.0
2139	0.0
2140	0.0
2141	0.0
2142	0.0
2143	0.0
2144	0.0
2145	0.0
2146	0.0
2147	0.0
2148	0.0
2149	0.0
2150	0.0
2151	0.0
2152	0.0
2153	0.0
2154	0.0
2155	0.0
2156	0.0
2157	0.0
2158	0.0
2159	0.0
2160	0.0
2161	0.0
2162	0.0
2163	0.0
2164	0.0
2165	0.0
2166	0.0
2167	0.0
2168	0.0
2169	0.0
2170	0.0
2171	0.0
2172	0.0
2173	0.0
2174	0.0
2175	0.0
2176	0.0
2177	0.0
2178	0.0
2179	0.0
2180	0.0
2181	0.0
2182	0.0
2183	0.0
2184	0.0
2185	0.0
2186	0.0
2187	0.0
2188	0.0
2189	0.0
2190	0.0
2191	0.0
2192	0.0
2193	0.0
2194	0.0
2195	0.0
2196	0.0
2197	0.0
2198	0.0
2199	0.0
2200	0.0
2201	0.0
2202	0.0
2203	0.0
2204	0.0
2205	0.0
2206	0.0
2207	0.0
2208	0.0
2209	0.0
2210	0.0
2211	0.0
2212	0.0
2213	0.0
2214	0.0
2215	0.0
2216	0.0
2217	0.0
2218	0.0
2219	0.0
2220	0.0
2221	0.0
2222	0.0
2223	0.0
2224	0.0
2225	0.0
2226	0.0
2227	0.0
2228	0.0
2229	0.0
2230	0.0
2231	0.0
2232	0.0
2233	0.0
2234	0.0
2235	0.0
2236	0.0
2237	0.0
2238	0.0
2239	0.0
2240	0.0
2241	0.0
2242	0.0
2243	0.0
2244	0.0
2245	0.0
2246	0.0
2247	0.0
2248	0.0
2249	0.0
2250	0.0
2251	0.0
2252	0.0
2253	0.0
2254	0.0
2255	0.0
2256	0.0
2257	0.0
2258	0.0
2259	0.0
2260	0.0
2261	0.0
2262	0.0
2263	0.0
2264	0.0
2265	0.0
2266	0.0
2267	0.0
2268	0.0
2269	0.0
2270	0.0
2271	0.0
2272	0.0
2273	0.0
2274	0.0
2275	0.0
2276	0.0
2277	0.0
2278	0.0
2279	0.0
2280	0.0
2281	0.0
2282	0.0
2283	0.0
2284	0.0
2285	0.0
2286	0.0
2287	0.0
2288	0.0
2289	0.0
2290	0.0
2291	0.0
2292	0.0
2293	0.0
2294	0.0
2295	0.0
2296	0.0
2297	0.0
2298	0.0
2299	0.0
2300	0.0
2301	0.0
2302	0.0
2303	0.0
2304	0.0
2305	0.0
2306	0.0
2307	0.0
2308	0.0
2309	0.0
2310	0.0
2311	0.0
2312	0.0
2313	0.0
2314	0.0
2315	0.0
2316	0.0
2317	0.0
2318	0.0
2319	0.0
2320	0.0
2321	0.0
2322	0.0
2323	0.0
2324	0.0
2325	0.0
2326	0.0
2327	0.0
2328	0.0
2329	0.0
2330	0.0
2331	0.0
2332	0.0
2333	0.0
2334	0.0
2335	0.0
2336	0.0
2337	0.0
2338	0.0
2339	0.0
2340	0.0
2341	0.0
2342	0.0
2343	0.0
2344	0.0
2345	0.0
2346	0.0
2347	0.0
2348	0.0
2349	0.0
2350	0.0
2351	0.0
2352	0.0
2353	0.0
2354	0.0
2355	0.0
2356	0.0
2357	0.0
2358	0.0
2359	0.0
2360	0.0
2361	0.0
2362	0.0
2363	0.0
2364	0.0
2365	0.0
2366	0.0
2367	0.0
2368	0.0
2369	0.0
2370	0.0
2371	0.0
2372	0.0
2373	0.0
2374	0.0
2375	0.0
2376	0.0
2377	0.0
2378	0.0
2379	0.0
2380	0.0
2381	0.0
2382	0.0
2383	0.0
2384	0.0
2385	0.0
2386	0.0
2387	0.0
2388	0.0
2389	0.0
2390	0.0
2391	0.0
2392	0.0
2393	0.0
2394	0.0
2395	0.0
2396	0.0
2397	0.0
2398	0.0
2399	0.0
2400	0.0
2401	0.0
2402	0.0
2403	0.0
2404	0.0
2405	0.0
2406	0.0
2407	0.0
2408	0.0
2409	0.0
2410	0.0
2411	0.0
2412	0.0
2413	0.0
2414	0.0
2415	0.0
2416	0.0
2417	0.0
2418	0.0
2419	0.0
2420	0.0
2421	0.0
2422	0.0
2423	0.0
2424	0.0
2425	0.0
2426	0.0
2427	0.0
2428	0.0
2429	0.0
2430	0.0
2431	0.0
2432	0.0
2433	0.0
2434	0.0
2435	0.0
2436	0.0
2437	0.0
2438	0.0
2439	0.0
2440	0.0
2441	0.0
2442	0.0
2443	0.0
2444	0.0
2445	0.0
2446	0.0
2447	0.0
2448	0.0
2449	0.0
2450	0.0
2451	0.0
2452	0.0
2453	0.0
2454	0.0
2455	0.0
2456	0.0
2457	0.0
2458	0.0
2459	0.0
2460	0.0
2461	0.0
2462	0.0
2463	0.0
2464	0.0
2465	0.0
2466	0.0
2467	0.0
2468	0.0
2469	0.0
2470	0.0
2471	0.0
2472	0.0
2473	0.0
2474	0.0
2475	0.0
2476	0.0
2477	0.0
2478	0.0
2479	0.0
2480	0.0
2481	0.0
2482	0.0
2483	0.0
2484	0.0
2485	0.0
2486	0.0
2487	0.0
2488	0.0
2489	0.0
2490	0.0
2491	0.0
2492	0.0
2493	0.0
2494	0.0
2495	0.0
2496	0.0
2497	0.0
2498	0.0
2499	0.0
2500	0.0
