k	pvalue
0	1.0000000004542329
1	1.0000000004542329
2	1.0000000004542329
3	1.0000000004542329
4	1.0000000004542329
5	1.0000000004542324
6	1.0000000004542315
7	1.0000000004542282
8	1.0000000004542184
9	1.0000000004541911
10	1.0000000004541205
11	1.000000000453948
12	1.000000000453547
13	1.0000000004526564
14	1.0000000004507554
15	1.000000000446843
16	1.000000000439049
17	1.000000000423981
18	1.0000000003956404
19	1.0000000003436702
20	1.000000000250581
21	1.0000000000874423
22	0.9999999998073118
23	0.999999999335386
24	0.9999999985544712
25	0.9999999972838801
26	0.9999999952492156
27	0.9999999920397014
28	0.9999999870487102
29	0.9999999793919044
30	0.999999967795899
31	0.9999999504485586
32	0.9999999247999117
33	0.9999998873001731
34	0.9999998330585053
35	0.9999997554028837
36	0.9999996453177726
37	0.9999994907322646
38	0.9999992756269146
39	0.9999989789227509
40	0.9999985731109202
41	0.9999980225762178
42	0.9999972815624559
43	0.9999962917223685
44	0.9999949791896859
45	0.9999932511063176
46	0.9999909915334302
47	0.9999880566718456
48	0.999984269314799
49	0.9999794124549561
50	0.9999732219679153
51	0.9999653782964574
52	0.9999554970637834
53	0.9999431185501044
54	0.999927695975406
55	0.9999085825421556
56	0.9998850172052539
57	0.9998561091527197
58	0.9998208209994347
59	0.9997779507176991
60	0.9997261123522282
61	0.9996637155933509
62	0.9995889443102735
63	0.9994997341759926
64	0.9993937495463587
65	0.9992683597874098
66	0.9991206152768632
67	0.9989472233369678
68	0.998744524386121
69	0.998508468625082
70	0.9982345935995505
71	0.9979180030036494
72	0.9975533471077518
73	0.9971348052084854
74	0.9966560705080236
75	0.9961103378333802
76	0.9954902946039137
77	0.9947881154462374
78	0.9939954608399525
79	0.9931034801549331
80	0.9921028194112597
81	0.9909836340564235
82	0.9897356070113522
83	0.9883479721874933
84	0.9868095436221547
85	0.985108750319139
86	0.9832336768171904
87	0.981172109440714
88	0.9789115881165921
89	0.9764394635686943
90	0.9737429596289454
91	0.9708092403316748
92	0.9676254813875432
93	0.9641789455657563
94	0.9604570614496192
95	0.956447504971812
96	0.9521382830830697
97	0.9475178188621225
98	0.9425750373366054
99	0.9372994512548719
100	0.9316812460277933
101	0.9257113630481341
102	0.9193815805932248
103	0.9126845915245544
104	0.9056140770155272
105	0.8981647755658293
106	0.8903325465972719
107	0.882114427971196
108	0.8735086868209091
109	0.8645148631534959
110	0.8551338057428577
111	0.8453676999090912
112	0.8352200868573272
113	0.8246958743308581
114	0.8138013384177175
115	0.8025441164357119
116	0.7909331909071423
117	0.7789788647199818
118	0.7666927276560294
119	0.7540876145475182
120	0.7411775554008468
121	0.7279777178986421
122	0.7145043427584468
123	0.7007746724872419
124	0.6868068741251582
125	0.6726199566186066
126	0.6582336835022734
127	0.6436684816007141
128	0.6289453464834857
129	0.6140857454228194
130	0.5991115186098382
131	0.5840447793844162
132	0.56890781422522
133	0.5537229832306318
134	0.5385126217985459
135	0.5232989441839532
136	0.5081039495783668
137	0.4929493313150716
138	0.47785638975957945
139	0.4628459493962055
140	0.4479382805700405
141	0.4331530262894859
142	0.4185091344386434
143	0.40402479569188343
144	0.3897173873655355
145	0.375603423384476
146	0.36169851048503726
147	0.34801731072069064
148	0.3345735102838712
149	0.32137979460658406
150	0.30844782965446316
151	0.29578824928410524
152	0.283410648492064
153	0.27132358234611115
154	0.2595345703554297
155	0.2480501060064306
156	0.23687567116496058
157	0.22601575502380966
158	0.21547387725661965
159	0.20525261502547057
160	0.19535363347947174
161	0.185777719375471
162	0.1765248174493403
163	0.16759406916700062
164	0.158983853488188
165	0.15069182928269054
166	0.1427149790481513
167	0.13504965359025936
168	0.1276916173399733
169	0.12063609399805764
170	0.11387781221438935
171	0.10741105102793863
172	0.10122968481277693
173	0.09532722749566593
174	0.08969687583148775
175	0.08433155154375932
176	0.07922394215851937
177	0.07436654038078606
178	0.06975168188337466
179	0.06537158139797697
180	0.061218367017889595
181	0.057284112640512475
182	0.053560868495610266
183	0.050040689722250384
184	0.046715662973224166
185	0.0435779310405688
186	0.04061971550949189
187	0.0378333374605339
188	0.0352112362511707
189	0.032745986418259855
190	0.0304303127517797
191	0.02825710359822214
192	0.026219422458806756
193	0.024310517953425134
194	0.022523832225943997
195	0.020853007870244362
196	0.01929189345920727
197	0.017834547760832372
198	0.016475242726855955
199	0.015208465339681919
200	0.014028918403217454
201	0.012931520362378062
202	0.011911404234657804
203	0.010963915735312668
204	0.010084610675438276
205	0.009269251709596076
206	0.008513804506711414
207	0.007814433414785028
208	0.007167496686577045
209	0.006569541329886619
210	0.006017297642404225
211	0.005507673487397602
212	0.005037748362743134
213	0.004604767312065084
214	0.00420613472302543
215	0.0038394080541433516
216	0.003502291527938894
217	0.003192629824709793
218	0.002908401807881159
219	0.0026477143086284715
220	0.002408795994376976
221	0.002189991342833973
222	0.0019897547404213916
223	0.0018066447213491842
224	0.0016393183611082285
225	0.0014865258358654973
226	0.0013471051571139737
227	0.0012199770889630976
228	0.0011041402536496126
229	0.0009986664291993168
230	0.0009026960416726694
231	0.0008154338530757342
232	0.0007361448448064101
233	0.0006641502954276655
234	0.0005988240506074902
235	0.0005395889822323585
236	0.00048591363297972016
237	0.0004373090420179799
238	0.0003933257469821918
239	0.0003535509569429032
240	0.0003176058907370572
241	0.00028514327475657135
242	0.00025584499408536456
243	0.00022941989073267007
244	0.0002056017026231943
245	0.00018414713696712304
246	0.00016483407163952007
247	0.00014745987824400761
248	0.0001318398606148107
249	0.00011780580261968274
250	0.00010520461925961134
251	9.389710521559386e-05
252	8.375677516453773e-05
253	7.46687903721771e-05
254	6.652896626778806e-05
255	5.9242855910720194e-05
256	5.272490446989171e-05
257	4.6897670052248185e-05
258	4.169110643282179e-05
259	3.704190345574846e-05
260	3.2892881090924765e-05
261	2.9192433343619375e-05
262	2.589401842320693e-05
263	2.2955691781326613e-05
264	2.0339678828414114e-05
265	1.8011984330079933e-05
266	1.5942035670705418e-05
267	1.4102357350509743e-05
268	1.2468274253923015e-05
269	1.1017641391186495e-05
270	9.730597971578791e-06
271	8.589343815495393e-06
272	7.5779362538070945e-06
273	6.682105796566143e-06
274	5.889088979334833e-06
275	5.187476914339063e-06
276	4.567078185487185e-06
277	4.018794831259271e-06
278	3.5345102577992163e-06
279	3.1069880164844226e-06
280	2.7297804660695615e-06
281	2.3971464194738326e-06
282	2.103976949682318e-06
283	1.845728598340243e-06
284	1.6183632947123946e-06
285	1.4182943520339883e-06
286	1.2423379631652217e-06
287	1.0876696681444423e-06
288	9.517853129722212e-07
289	8.324660620003506e-07
290	7.277470658865372e-07
291	6.358894234384035e-07
292	5.553551090305131e-07
293	4.847845678463117e-07
294	4.229767091735249e-07
295	3.68871053556668e-07
296	3.215318129633742e-07
297	2.801337044215222e-07
298	2.439493169908397e-07
299	2.1233786959503157e-07
300	1.8473521329842953e-07
301	1.6064494619523957e-07
302	1.3963052231146876e-07
303	1.2130824791285451e-07
304	1.0534106947186022e-07
305	9.143306737061035e-08
306	7.932457829485563e-08
307	6.878787729014801e-08
308	5.962335768236947e-08
309	5.1656153581535025e-08
310	4.473315555562909e-08
311	3.872037534005083e-08
312	3.3500620193011354e-08
313	2.897144176827513e-08
314	2.5043328200017523e-08
315	2.163811152234033e-08
316	1.8687565616521896e-08
317	1.6132172627346608e-08
318	1.3920038247680215e-08
319	1.2005938466763796e-08
320	1.035048233875637e-08
321	8.919377077685765e-09
322	7.682783344752187e-09
323	6.614749983398952e-09
324	5.692718694376934e-09
325	4.897090243126698e-09
326	4.2108447695686454e-09
327	3.619209638790303e-09
328	3.1093690418209677e-09
329	2.67021023918462e-09
330	2.292101945654968e-09
331	1.9667008910695953e-09
332	1.6867830667878861e-09
333	1.4460965872060566e-09
334	1.2392334667643085e-09
335	1.0615179405464653e-09
336	9.089092457516296e-10
337	7.779170363597841e-10
338	6.655278280987389e-10
339	5.691410688073516e-10
340	4.865136035600841e-10
341	4.1571145721236643e-10
342	3.550679917827959e-10
343	3.031476144731342e-10
344	2.587143160634095e-10
345	2.207044106133136e-10
346	1.8820292736480097e-10
347	1.6042317581390548e-10
348	1.3668906628795596e-10
349	1.1641982207618337e-10
350	9.911676614397674e-11
351	8.43519065322005e-11
352	7.175808042532809e-11
353	6.102044820267197e-11
354	5.186915612701161e-11
355	4.4073010168781585e-11
356	3.743402424670306e-11
357	3.178272426987992e-11
358	2.697410512815612e-11
359	2.2884151492197294e-11
360	1.940684521146142e-11
361	1.6451592464238756e-11
362	1.3941012818471566e-11
363	1.1809040179606965e-11
364	9.999292385017822e-12
365	8.463672087171945e-12
366	7.161166666541194e-12
367	6.0568193322769385e-12
368	5.120847393048384e-12
369	4.327886989896782e-12
370	3.6563464453149405e-12
371	3.0878528571132775e-12
372	2.6067787034558443e-12
373	2.199837071551486e-12
374	1.855735715847072e-12
375	1.5648815260854794e-12
376	1.3191281707113628e-12
377	1.1115607024091671e-12
378	9.36311792239893e-13
379	7.884050161613979e-13
380	6.636212693660979e-13
381	5.583849443146805e-13
382	4.696669901107455e-13
383	3.9490238479053626e-13
384	3.3191990757192025e-13
385	2.7888240322468227e-13
386	2.3423599249549985e-13
387	1.9666690699526228e-13
388	1.6506481935528728e-13
389	1.3849170428707228e-13
390	1.161554073212496e-13
391	9.738721880224666e-14
392	8.162285405845901e-14
393	6.838632903495257e-14
394	5.727629620194134e-14
395	4.795447007354563e-14
396	4.0135826765752797e-14
397	3.3580309045770835e-14
398	2.8085808441135064e-14
399	2.348223018500117e-14
400	1.9626475930937472e-14
401	1.6398204010876946e-14
402	1.3696248163260677e-14
403	1.1435593663995386e-14
404	9.544825112265333e-15
405	7.963973151450224e-15
406	6.642698480205742e-15
407	5.538760918920617e-15
408	4.616729288993889e-15
409	3.846894647383855e-15
410	3.2043551765217158e-15
411	2.668245913415595e-15
412	2.2210906424596275e-15
413	1.848256785661205e-15
414	1.5374970967493e-15
415	1.2785644828684795e-15
416	1.062888408193329e-15
417	8.833031364381583e-16
418	7.338195937388839e-16
419	6.094339221268998e-16
420	5.059668828054349e-16
421	4.1992918825861805e-16
422	3.484086188325132e-16
423	2.8897543485407887e-16
424	2.3960314828196736e-16
425	1.986021841518884e-16
426	1.6456435511144656e-16
427	1.3631640350472386e-16
428	1.1288114439151252e-16
429	9.344497771699139e-17
430	7.733073547639029e-17
431	6.397499597343606e-17
432	5.290913707657382e-17
433	4.3743517894500056e-17
434	3.6154277036749044e-17
435	2.9872318562473564e-17
436	2.4674126354352026e-17
437	2.0374106096000943e-17
438	1.6818203060350644e-17
439	1.3878585033232487e-17
440	1.1449214164552174e-17
441	9.442160422943152e-18
442	7.784533524297135e-18
443	6.415930463588134e-18
444	5.286312736662234e-18
445	4.354241526920602e-18
446	3.5854109987666524e-18
447	2.951429761394516e-18
448	2.4288088587267e-18
449	1.998121569103644e-18
450	1.6433060840496313e-18
451	1.3510869655774072e-18
452	1.1104953123908801e-18
453	9.124709280162834e-19
454	7.495325880871788e-19
455	6.155048416280101e-19
456	5.052917291473435e-19
457	4.1468942302855195e-19
458	3.402311469243265e-19
459	2.790588556299633e-19
460	2.2881709284356904e-19
461	1.8756522274425236e-19
462	1.53704878675437e-19
463	1.259200103177024e-19
464	1.0312735785617206e-19
465	8.443555304180026e-20
466	6.911135543089103e-20
467	5.655178806292253e-20
468	4.626114923582584e-20
469	3.783205321729931e-20
470	3.092979881613454e-20
471	2.5279485827506688e-20
472	2.0655399702812905e-20
473	1.687226790621319e-20
474	1.3778060239991733e-20
475	1.1248062387260685e-20
476	9.179999058964739e-21
477	7.490022124883747e-21
478	6.109411352060479e-21
479	4.981862027927781e-21
480	4.061255771034491e-21
481	3.3098290272133195e-21
482	2.6966687744895362e-21
483	2.196477363967025e-21
484	1.7885586603194277e-21
485	1.4559860903253718e-21
486	1.184920172375338e-21
487	9.64048841639117e-22
488	7.841286177281944e-22
489	6.376085604647879e-22
490	5.183221704901507e-22
491	4.212350353330042e-22
492	3.422381977057424e-22
493	2.779790133700883e-22
494	2.2572273875479834e-22
495	1.8323929960565444e-22
496	1.4871068749717987e-22
497	1.2065524913632038e-22
498	9.786580545434866e-23
499	7.935908940602357e-23
500	6.433444450800424e-23
501	5.2140098023243115e-23
502	4.2245627803117457e-23
503	3.421949204372141e-23
504	2.771069639677374e-23
505	2.2433841059995166e-23
506	1.8156928285360498e-23
507	1.4691423635392646e-23
508	1.188415676562142e-23
509	9.610723194142913e-24
510	7.770110457987063e-24
511	6.280322730976722e-24
512	5.074819424514826e-24
513	4.099617181356493e-24
514	3.310932372683995e-24
515	2.673263843826489e-24
516	2.1578341443259127e-24
517	1.7413225780693854e-24
518	1.404835736782769e-24
519	1.133071241295577e-24
520	9.136386238568007e-25
521	7.3650798038146935e-25
522	5.935624811612368e-25
523	4.782352790867894e-25
524	3.8521498124496684e-25
525	3.1020680443592115e-25
526	2.497389415502524e-25
527	2.0100562501387974e-25
528	1.6173996825589687e-25
529	1.3011096381680701e-25
530	1.0464007232365628e-25
531	8.413369501209423e-26
532	6.762852039092738e-26
533	5.434730287798161e-26
534	4.3663092122104885e-26
535	3.5070306094136733e-26
536	2.8161345032414036e-26
537	2.2607690119901207e-26
538	1.814463105905227e-26
539	1.4558929212452856e-26
540	1.1678854783161118e-26
541	9.366143386090407e-27
542	7.509504000614418e-27
543	6.019380507135833e-27
544	4.823725894730428e-27
545	3.864594300061113e-27
546	3.0953933437027087e-27
547	2.4786694285300577e-27
548	1.9843231030711665e-27
549	1.5881713638742105e-27
550	1.2707897617742231e-27
551	1.0165801066428449e-27
552	8.130200168238093e-28
553	6.500590055751738e-28
554	5.19632620372821e-28
555	4.152716620564359e-28
556	3.3178796070205343e-28
557	2.6502177713656725e-28
558	2.1163879774975574e-28
559	1.6896702887245428e-28
560	1.3486578318893994e-28
561	1.076204715396014e-28
562	8.585813946162544e-29
563	6.847967581939359e-29
564	5.460541687250798e-29
565	4.3531510257327127e-29
566	3.469491960787031e-29
567	2.7645366124483044e-29
568	2.202283785280941e-29
569	1.753956652608435e-29
570	1.396558826627741e-29
571	1.1117178487892657e-29
572	8.847591268256212e-30
573	7.039645901734775e-30
574	5.599793709955749e-30
575	4.453370759137746e-30
576	3.5408004205354924e-30
577	2.8145565034435414e-30
578	2.2367352478631878e-30
579	1.777114600699747e-30
580	1.4116033750941838e-30
581	1.1210022811552771e-30
582	8.90014361741412e-31
583	7.064548275854017e-31
584	5.606202714543635e-31
585	4.447852407846993e-31
586	3.52800555508476e-31
587	2.7977288825586524e-31
588	2.21809231142396e-31
589	1.758131602338065e-31
590	1.3932243861636262e-31
591	1.1037960258555814e-31
592	8.742885767143678e-32
593	6.923395610561847e-32
594	5.481280226554978e-32
595	4.3385391572081574e-32
596	3.4332374490401536e-32
597	2.71620853010987e-32
598	2.1484312872782942e-32
599	1.6989439952344527e-32
600	1.3431856233233367e-32
601	1.061677285548144e-32
602	8.389743380376742e-33
603	6.628337738970129e-33
604	5.235528427143855e-33
605	4.134438103973961e-33
606	3.264169372351504e-33
607	2.5764945771672416e-33
608	2.0332288976461062e-33
609	1.6041461920556192e-33
610	1.2653258546329979e-33
611	9.978418657523134e-34
612	7.867234531427257e-34
613	6.201312880967429e-34
614	4.8870467637418455e-34
615	3.8504437486178236e-34
616	3.033029547991697e-34
617	2.388604251250386e-34
618	1.8806743151698363e-34
619	1.4804200185025526e-34
620	1.1650871118736862e-34
621	9.16714434944845e-35
622	7.21127559473e-35
623	5.6714302679023e-35
624	4.4593925856004087e-35
625	3.5055934828458276e-35
626	2.7551817899858415e-35
627	2.1649205007313468e-35
628	1.7007354301610007e-35
629	1.3357795875379992e-35
630	1.0489051255529994e-35
631	8.234573265749021e-36
632	6.463229788449551e-36
633	5.071796581031105e-36
634	3.979036376930338e-36
635	3.121030171769174e-36
636	2.447496730202416e-36
637	1.9188918107633994e-36
638	1.5041224535891617e-36
639	1.1787463331838161e-36
640	9.235535650657757e-37
641	7.23449991349754e-37
642	5.665780594227732e-37
643	4.43624902300444e-37
644	3.472778826097031e-37
645	2.7179627059134845e-37
646	2.1267436153787933e-37
647	1.6637657247577173e-37
648	1.30129186360635e-37
649	1.0175666747662377e-37
650	7.955303813386269e-38
651	6.218082949811044e-38
652	4.859171326019831e-38
653	3.796417649482682e-38
654	2.9654591013003334e-38
655	2.315880724016727e-38
656	1.8082015699017724e-38
657	1.4115101679950193e-38
658	1.1016098352656857e-38
659	8.595642256825765e-39
660	6.705570028480109e-39
661	5.229979941897884e-39
662	4.078227066938806e-39
663	3.179434979580634e-39
664	2.4781966514429694e-39
665	1.9312076033950254e-39
666	1.504629748825202e-39
667	1.1720278079624138e-39
668	9.127542902670748e-40
669	7.106858187654017e-40
670	5.532345821650459e-40
671	4.305751850489524e-40
672	3.3504009600861776e-40
673	2.606470325593422e-40
674	2.0272957056432117e-40
675	1.576484963466809e-40
676	1.225663020825364e-40
677	9.52710502447824e-41
678	7.403882906371083e-41
679	5.752636731174109e-41
680	4.468721374105142e-41
681	3.4706324439274633e-41
682	2.694902666645726e-41
683	2.0921208172989018e-41
684	1.6238269700113072e-41
685	1.260091696586961e-41
686	9.776289559863634e-42
687	7.583253361754272e-42
688	5.880940371260613e-42
689	4.5598208591351437e-42
690	3.5347497830822754e-42
691	2.739552057942468e-42
692	2.1228070353287886e-42
693	1.6445673087593677e-42
694	1.2738053104591023e-42
695	9.864266976619044e-43
696	7.637250475872672e-43
697	5.911800859974981e-43
698	4.575232792472036e-43
699	3.5401146367874526e-43
700	2.7386231540357394e-43
701	2.118156949490341e-43
702	1.6379287276084843e-43
703	1.2663185095106731e-43
704	9.788183243066274e-44
705	7.56436537246095e-44
706	5.844592871593063e-44
707	4.514893163564928e-44
708	3.4870022519505427e-44
709	2.692579910780642e-44
710	2.0787233066685745e-44
711	1.6044883470554193e-44
712	1.2381929685409119e-44
713	9.553270389639698e-45
714	7.369327587343687e-45
715	5.683499115697774e-45
716	4.3824397844643634e-45
717	3.3785350555045713e-45
718	2.6040738534744142e-45
719	2.0067378579167035e-45
720	1.5461105861186842e-45
721	1.190976274023615e-45
722	9.172303040565328e-46
723	7.062630592014753e-46
724	5.437102010088793e-46
725	4.184864941468797e-46
726	3.220389993297063e-46
727	2.4776994713120882e-46
728	1.9059083213626154e-46
729	1.4657796334366475e-46
730	1.1270644164087972e-46
731	8.664474986471868e-47
732	6.659617773490375e-47
733	5.117642821497042e-47
734	3.931916937785874e-47
735	3.020316611181805e-47
736	2.319607257823332e-47
737	1.7811084971390416e-47
738	1.3673518992750418e-47
739	1.0495044970834146e-47
740	8.053830198871862e-48
741	6.17923724677118e-48
742	4.740035370677235e-48
743	3.6353203045059037e-48
744	2.787521618646906e-48
745	2.1370188041331366e-48
746	1.63799682230382e-48
747	1.2552564229178378e-48
748	9.617597763494486e-49
749	7.36742291620449e-49
750	5.642603039537381e-49
751	4.320742414297756e-49
752	3.3078994989021194e-49
753	2.5319863564789098e-49
754	1.937695866441324e-49
755	1.482603881834057e-49
756	1.1341747978627177e-49
757	8.674616089787604e-50
758	6.633397392115984e-50
759	5.071510394634447e-50
760	3.87662905406845e-50
761	2.962694454748919e-50
762	2.263785346129081e-50
763	1.7294159284778e-50
764	1.3209292724514683e-50
765	1.0087316381285927e-50
766	7.701720550887917e-51
767	5.879169417592675e-51
768	4.4870443889711925e-51
769	3.4238994005745256e-51
770	2.6121489190125188e-51
771	1.9924674824653588e-51
772	1.5195010060157597e-51
773	1.1585832554883389e-51
774	8.832224000804145e-52
775	6.731774195331054e-52
776	5.129862301844043e-52
777	3.908396748903298e-52
778	2.9772027506863834e-52
779	2.267436204678691e-52
780	1.726548185204677e-52
781	1.3144357269600714e-52
782	1.0005000051356582e-52
783	7.613984484965241e-53
784	5.793274339002003e-53
785	4.407105835174448e-53
786	3.351970636630539e-53
787	2.5489677075066225e-53
788	1.93796498434768e-53
789	1.4731434673616967e-53
790	1.1195970616958136e-53
791	8.507385335876604e-54
792	6.463208524118547e-54
793	4.909282245279974e-54
794	3.728255480349225e-54
795	2.83081324289631e-54
796	2.1489916210678307e-54
797	1.6310836525640968e-54
798	1.2377582122008528e-54
799	9.391036429901046e-55
800	7.123762306026129e-55
801	5.4028580777751255e-55
802	4.0969060204085635e-55
803	3.1060382832476884e-55
804	2.3543771003175817e-55
805	1.7842829318865688e-55
806	1.351979012337846e-55
807	1.0242235748303086e-55
808	7.75779379836539e-56
809	5.874898911507118e-56
810	4.448169447006722e-56
811	3.367294193444526e-56
812	2.5485882106381855e-56
813	1.9285779769334648e-56
814	1.4591290917355317e-56
815	1.1037463094743267e-56
816	8.347643660062178e-57
817	6.312155407704485e-57
818	4.772112368908831e-57
819	3.6071391116706757e-57
820	2.7260538244896936e-57
821	2.0598012613853312e-57
822	1.5560932696906394e-57
823	1.1753450781472137e-57
824	8.875946551580604e-58
825	6.701677622598855e-58
826	5.0590853710212385e-58
827	3.818388878112304e-58
828	2.881429705615886e-58
829	2.1739806675474796e-58
830	1.639921853431265e-58
831	1.2368314121747959e-58
832	9.326480540467585e-59
833	7.031452528682834e-59
834	5.300200988020308e-59
835	3.994474999133374e-59
836	3.009866300884019e-59
837	2.2675395978794464e-59
838	1.7079800061837593e-59
839	1.2862665075788618e-59
840	9.684996440238733e-60
841	7.291020898038163e-60
842	5.487792004005287e-60
843	4.1297847104010467e-60
844	3.107260751372114e-60
845	2.3374834904498199e-60
846	1.7580856040075337e-60
847	1.3220629767103628e-60
848	9.939967761987392e-61
849	7.472029228053695e-61
850	5.61581701486274e-61
851	4.219958510033496e-61
852	3.1704748044975765e-61
853	2.3815591349841622e-61
854	1.7886254954364352e-61
855	1.3430695210378411e-61
856	1.0083206106997077e-61
857	7.568676008997701e-62
858	5.6801832820569064e-62
859	4.262123132387081e-62
860	3.1975024666140847e-62
861	2.398374958271476e-62
862	1.7986415206570862e-62
863	1.3486322249460458e-62
864	1.0110296187204514e-62
865	7.578019103377418e-63
866	5.678962839852012e-63
867	4.2550426242970653e-63
868	3.1875749295328007e-63
869	2.387473345742097e-63
870	1.7878799128063138e-63
871	1.33862793640504e-63
872	1.002081838444913e-63
873	7.500121643288018e-64
874	5.6124860400629524e-64
875	4.19917652609199e-64
876	3.14119518273367e-64
877	2.349349811144087e-64
878	1.756800573120204e-64
879	1.3134673940320995e-64
880	9.818343499114101e-65
881	7.33802660200837e-65
882	5.483306412115779e-65
883	4.096641516667834e-65
884	3.0601002969316927e-65
885	2.2854180420996994e-65
886	1.706545895061209e-65
887	1.2740681599200531e-65
888	9.51020240112654e-66
889	7.097563768840688e-66
890	5.296040899004558e-66
891	3.95108050929486e-66
892	2.9471550688343065e-66
893	2.1979241084033235e-66
894	1.638871987534744e-66
895	1.221799780605827e-66
896	9.107050854265622e-67
897	6.787005880762492e-67
898	5.0570991750676316e-67
899	3.767450315354315e-67
900	2.806185979011434e-67
901	2.0898169961153003e-67
902	1.556047997271854e-67
903	1.1584056899327487e-67
904	8.622265100994897e-68
905	6.416601857887734e-68
906	4.774323913976606e-68
907	3.5517449317521186e-68
908	2.641768724866684e-68
909	1.964585750612574e-68
910	1.460731482950517e-68
911	1.08590798893136e-68
912	8.0712154289788e-69
913	5.998023408946187e-69
914	4.456569802027776e-69
915	3.3106757126646486e-69
916	2.4589855604552345e-69
917	1.826075598512858e-69
918	1.3558292515039945e-69
919	1.0065022496839411e-69
920	7.470471909803632e-70
921	5.543766030521763e-70
922	4.113252304808975e-70
923	3.051331827840782e-70
924	2.2631700789575586e-70
925	1.6782963193818056e-70
926	1.2443536286187842e-70
927	9.224498256950806e-71
928	6.836998376444948e-71
929	5.066546352177758e-71
930	3.753897534662875e-71
931	2.7808443984531905e-71
932	2.059656867693994e-71
933	1.5252358371636053e-71
934	1.1292838011837448e-71
935	8.359748203935232e-72
936	6.187387632375249e-72
937	4.578735038416305e-72
938	3.38772219001038e-72
939	2.5060756841062885e-72
940	1.8535517803853772e-72
941	1.3706906116235471e-72
942	1.0134407355258764e-72
943	7.491719482560882e-73
944	5.537183522794782e-73
945	4.0918585863708086e-73
946	3.023267880747725e-73
947	2.2333510200087286e-73
948	1.649535684839436e-73
949	1.218122151805327e-73
950	8.993824149974653e-74
951	6.639301555930971e-74
952	4.90032490860744e-74
953	3.616195180776231e-74
954	2.6681078565036316e-74
955	1.9682463658781678e-74
956	1.451710837161795e-74
957	1.0705461390577736e-74
958	7.893239778931002e-75
959	5.818752214311582e-75
960	4.288734071006097e-75
961	3.1604802770796333e-75
962	2.3286369691260555e-75
963	1.7154388976389303e-75
964	1.2634949364013935e-75
965	9.304575611064764e-76
966	6.850850159678459e-76
967	5.0433281656064414e-76
968	3.712059013496735e-76
969	2.7317278079555755e-76
970	2.0099483953655626e-76
971	1.478622621835929e-76
972	1.087563852145047e-76
973	7.997922372214648e-77
974	5.880640494460174e-77
975	4.3231183414185926e-77
976	3.1775667998138037e-77
977	2.335163792108266e-77
978	1.7157939148254077e-77
979	1.260486030791332e-77
980	9.258403655207973e-78
981	6.799224308675678e-78
982	4.992382255913151e-78
983	3.6650636330566584e-78
984	2.690174523559513e-78
985	1.9742614299305578e-78
986	1.4486189330690846e-78
987	1.0627447410578209e-78
988	7.795233067412823e-79
989	5.716821047376371e-79
990	4.191847405893094e-79
991	3.0731356175667563e-79
992	2.252596484179056e-79
993	1.6508610173881656e-79
994	1.209659324771433e-79
995	8.862191232443568e-80
996	6.491493864544337e-80
997	4.754158956270461e-80
998	3.48119442040142e-80
999	2.5486395098459276e-80
1000	1.865581022607931e-80
1001	1.36535444758188e-80
1002	9.990847094593707e-81
1003	7.3094524095097345e-81
1004	5.346788672303448e-81
1005	3.9104511050094553e-81
1006	2.859475521119484e-81
1007	2.0906031793752247e-81
1008	1.5282082793067775e-81
1009	1.1169126913254213e-81
1010	8.161719346879437e-82
1011	5.963069329219877e-82
1012	4.3559596543092467e-82
1013	3.18143931532535e-82
1014	2.3232142389934397e-82
1015	1.6962142868792345e-82
1016	1.23822060979053e-82
1017	9.037352288508266e-83
1018	6.594931423417154e-83
1019	4.8117744353005976e-83
1020	3.5101538946515414e-83
1021	2.5601946819274454e-83
1022	1.8670062722211824e-83
1023	1.3612708059789816e-83
1024	9.923600394487246e-84
1025	7.233025619025609e-84
1026	5.271045350853332e-84
1027	3.840604010327476e-84
1028	2.797875291870564e-84
1029	2.037901708449101e-84
1030	1.4841034913759904e-84
1031	1.0806155869693696e-84
1032	7.866913412593188e-85
1033	5.726161973187626e-85
1034	4.1672448335779475e-85
1035	3.0322188893238887e-85
1036	2.2059630736191427e-85
1037	1.6045826755268742e-85
1038	1.1669497191762467e-85
1039	8.485323152780163e-86
1040	6.168944173791462e-86
1041	4.484143657334371e-86
1042	3.258925494025284e-86
1043	2.3680757761227316e-86
1044	1.7204538238916045e-86
1045	1.2497315125501028e-86
1046	9.076464380037758e-87
1047	6.590873758156445e-87
1048	4.785150369462048e-87
1049	3.4735576313650888e-87
1050	2.521040150914796e-87
1051	1.829411319933953e-87
1052	1.3273006868198681e-87
1053	9.628389374244226e-88
1054	6.983358707866537e-88
1055	5.06409037072359e-88
1056	3.6716810294818e-88
1057	2.6616739647441505e-88
1058	1.929173068947515e-88
1059	1.398021846910123e-88
1060	1.0129387133318986e-88
1061	7.338019055851882e-89
1062	5.3149718033365884e-89
1063	3.849014689175532e-89
1064	2.7869209861435163e-89
1065	2.0175589671325573e-89
1066	1.4603411407283288e-89
1067	1.056839206136577e-89
1068	7.646981392396535e-90
1069	5.532197564507145e-90
1070	4.001583358398991e-90
1071	2.8939605300586498e-90
1072	2.0925695229655905e-90
1073	1.5128426281529726e-90
1074	1.0935387691796212e-90
1075	7.903167709228208e-91
1076	5.710771735835994e-91
1077	4.1258648986851116e-91
1078	2.9803125412323755e-91
1079	2.152460702822557e-91
1080	1.5543015265055884e-91
1081	1.1221785015324107e-91
1082	8.100563876969982e-92
1083	5.846489858865932e-92
1084	4.2189249562173624e-92
1085	3.04393277733747e-92
1086	2.195811107236679e-92
1087	1.5837315490843725e-92
1088	1.1420755543403324e-92
1089	8.234453592845154e-93
1090	5.936102976227379e-93
1091	4.278531773730078e-93
1092	3.083293008864956e-93
1093	2.221577877082081e-93
1094	1.6004237903739047e-93
1095	1.152750113084322e-93
1096	8.301605131386884e-94
1097	5.97744652923655e-94
1098	4.303244889788805e-94
1099	3.0974418556404214e-94
1100	2.2291382685377532e-94
1101	1.6039750236501408e-94
1102	1.1539445714656186e-94
1103	8.300400603540978e-95
1104	5.969526992775265e-95
1105	4.292472817822044e-95
1106	3.086042888559774e-95
1107	2.218314589548721e-95
1108	1.5943038385793133e-95
1109	1.145633830346745e-95
1110	8.23090052773511e-96
1111	5.9125614209553064e-96
1112	4.24649649024175e-96
1113	3.04938787271145e-96
1114	2.189381108064548e-96
1115	1.5716537199851699e-96
1116	1.1280261487550045e-96
1117	8.094840126875186e-97
1118	5.807967713495633e-97
1119	4.166457174995391e-97
1120	2.9883844269605313e-97
1121	2.143052558899019e-97
1122	1.536582906526707e-97
1123	1.1015545082716272e-97
1124	7.895557630111321e-98
1125	5.6583062041254806e-98
1126	4.0543095849423694e-98
1127	2.9045188246482585e-98
1128	2.0804549183269833e-98
1129	1.4899416163267175e-98
1130	1.0668589885664192e-98
1131	7.637858698008514e-99
1132	5.467175916654408e-99
1133	3.912742858814651e-99
1134	2.7997960553810417e-99
1135	2.003080108108713e-99
1136	1.4328379315181938e-99
1137	1.024761151646869e-99
1138	7.327824627457315e-100
1139	5.239071333964729e-100
1140	3.7450738554573564e-100
1141	2.676660508905694e-100
1142	1.9127271625389346e-100
1143	1.3665942450007927e-100
1144	9.762318600879414e-101
1145	6.972574978174834e-101
1146	4.979207604222467e-101
1147	3.555118647150916e-101
1148	2.5379016424258124e-101
1149	1.8114330830659918e-101
1150	1.2926966484347864e-101
1151	9.223542809499853e-102
1152	6.5799974942587506e-102
1153	4.69332362789617e-102
1154	3.3470491274460025e-102
1155	2.386549686929434e-102
1156	1.7013970703835654e-102
1157	1.2127399503818417e-102
1158	8.64284031854498e-103
1159	6.158459535022957e-103
1160	4.387473337566166e-103
1161	3.12524220389139e-103
1162	2.2257667967896047e-103
1163	1.584902038203264e-103
1164	1.128371141290931e-103
1165	8.032084986071899e-104
1166	5.716515617154231e-104
1167	4.0678156632441136e-104
1168	2.894129105598856e-104
1169	2.0587390393060715e-104
1170	1.4642372713961258e-104
1171	1.0412340664303371e-104
1172	7.403072954326816e-105
1173	5.262625120273265e-105
1174	3.740413187734348e-105
1175	2.6580519187926268e-105
1176	1.8885742746057714e-105
1177	1.3416258093294305e-105
1178	9.529178419971219e-106
1179	6.767156601443589e-106
1180	4.8048928080444365e-106
1181	3.41104840953028e-106
1182	2.4211336256041524e-106
1183	1.7182103345763549e-106
1184	1.2191596464378939e-106
1185	8.649111791824676e-107
1186	6.134922970440165e-107
1187	4.350842716151114e-107
1188	3.0850649575478356e-107
1189	2.187166747205177e-107
1190	1.5503370358318504e-107
1191	1.0987451938306435e-107
1192	7.785643012705349e-108
1193	5.515928262437795e-108
1194	3.9072333506722306e-108
1195	2.7672391857472446e-108
1196	1.9595242872246634e-108
1197	1.387334533407564e-108
1198	9.820606946525363e-109
1199	6.950595912626242e-109
1200	4.918495995867637e-109
1201	3.4799192450954777e-109
1202	2.461685475705987e-109
1203	1.7410951507261246e-109
1204	1.2312294224586216e-109
1205	8.70526492283568e-110
1206	6.153915354901088e-110
1207	4.3495823166034965e-110
1208	3.0737609657528594e-110
1209	2.1717964522973644e-110
1210	1.5342446928871428e-110
1211	1.083668906865642e-110
1212	7.652882728528581e-111
1213	5.403559739047022e-111
1214	3.8147079916830835e-111
1215	2.692582843897811e-111
1216	1.9002173204665487e-111
1217	1.3407996349535853e-111
1218	9.45912350394296e-112
1219	6.672126940853793e-112
1220	4.705481668117524e-112
1221	3.317953088036206e-112
1222	2.339175227326073e-112
1223	1.648851784811578e-112
1224	1.1620553601335906e-112
1225	8.18838668378741e-113
1226	5.768942130576757e-113
1227	4.0636876965473487e-113
1228	2.8620074264719804e-113
1229	2.015336021957631e-113
1230	1.418895611681437e-113
1231	9.98802632484235e-114
1232	7.029673489773313e-114
1233	4.946714651761088e-114
1234	3.480364916611781e-114
1235	2.448267741008108e-114
1236	1.7219448210451477e-114
1237	1.2108928930364145e-114
1238	8.513701049045012e-115
1239	5.984904370283713e-115
1240	4.206512410005131e-115
1241	2.9560601038021643e-115
1242	2.0769711237853166e-115
1243	1.4590620320857068e-115
1244	1.0248094926954817e-115
1245	7.196786090131176e-116
1246	5.0531257566171494e-116
1247	3.5473795834194645e-116
1248	2.489896224487047e-116
1249	1.747353787503826e-116
1250	1.2260450962102505e-116
1251	8.601179849413349e-117
1252	6.0330313672735766e-117
1253	4.2309616930296154e-117
1254	2.9666652428294592e-117
1255	2.0798112295529586e-117
1256	1.4578243626782186e-117
1257	1.0216740976095148e-117
1258	7.158885900644343e-118
1259	5.015385974934729e-118
1260	3.5130888084166265e-118
1261	2.4603660570784465e-118
1262	1.7228050652896684e-118
1263	1.2061417524440145e-118
1264	8.442796958879431e-119
1265	5.908811071596525e-119
1266	4.13465818446468e-119
1267	2.8927096988459446e-119
1268	2.0234655116682246e-119
1269	1.4151825323969831e-119
1270	9.895888493703203e-120
1271	6.918672764522642e-120
1272	4.836335639281925e-120
1273	3.380147907191496e-120
1274	2.362003769237284e-120
1275	1.6502550141453883e-120
1276	1.1527817976975865e-120
1277	8.051350188127403e-121
1278	5.622323889697016e-121
1279	3.925441639737067e-121
1280	2.740227943081923e-121
1281	1.9125391722777804e-121
1282	1.3346256012147717e-121
1283	9.311807913931368e-122
1284	6.49582014741013e-122
1285	4.5306381940776304e-122
1286	3.1594403416108855e-122
1287	2.2028569943466667e-122
1288	1.535634278792047e-122
1289	1.0703224136817521e-122
1290	7.458762023547887e-123
1291	5.196897730669e-123
1292	3.6203191582979584e-123
1293	2.5215918660117556e-123
1294	1.7560139396455856e-123
1295	1.2226617634999112e-123
1296	8.511574187485307e-124
1297	5.92432142016224e-124
1298	4.1228020349371315e-124
1299	2.868609777859899e-124
1300	1.9956095318640183e-124
1301	1.388048835468246e-124
1302	9.652926119631394e-125
1303	6.711788404681197e-125
1304	4.6659764990889267e-125
1305	3.2431858166331147e-125
1306	2.2538556062488988e-125
1307	1.5660488213683637e-125
1308	1.0879512424320584e-125
1309	7.55680948597526e-126
1310	5.247982729763883e-126
1311	3.643939695434428e-126
1312	2.5297336768866892e-126
1313	1.755913984995197e-126
1314	1.2185867859331597e-126
1315	8.455405866740982e-127
1316	5.865934346801416e-127
1317	4.06878421363764e-127
1318	2.8217388327428497e-127
1319	1.9565621397975615e-127
1320	1.3564229384159839e-127
1321	9.402021302374968e-128
1322	6.515862892913184e-128
1323	4.5148904860597365e-128
1324	3.127858196677933e-128
1325	2.1665634821788702e-128
1326	1.5004457040853294e-128
1327	1.0389475611165095e-128
1328	7.192691345660247e-129
1329	4.978673518497527e-129
1330	3.445563624380758e-129
1331	2.3841373771663122e-129
1332	1.6494024298932842e-129
1333	1.1408966604380624e-129
1334	7.890241337206219e-130
1335	5.455801219637975e-130
1336	3.7718206780695835e-130
1337	2.607160431951263e-130
1338	1.8018086597216977e-130
1339	1.2450126123367668e-130
1340	8.601277768686476e-131
1341	5.941229227276419e-131
1342	4.1031153998100917e-131
1343	2.83318682861578e-131
1344	1.955963422193226e-131
1345	1.3501134028762554e-131
1346	9.317593200951218e-132
1347	6.429263004217066e-132
1348	4.435499758570508e-132
1349	3.059481429323148e-132
1350	2.1099732442871406e-132
1351	1.4548891730903774e-132
1352	1.0030132824533159e-132
1353	6.913647556208258e-133
1354	4.764655875894371e-133
1355	3.2830656316948626e-133
1356	2.2617848106893744e-133
1357	1.5579254267352365e-133
1358	1.0729159021971094e-133
1359	7.387683886203789e-134
1360	5.085978279943672e-134
1361	3.500775362361661e-134
1362	2.409225782712914e-134
1363	1.6577317141277062e-134
1364	1.1404452618724504e-134
1365	7.844369985218666e-135
1366	5.39467253828909e-135
1367	3.7093299820380734e-135
1368	2.5500528712274162e-135
1369	1.752775127718888e-135
1370	1.2045545975397143e-135
1371	8.276562840203142e-136
1372	5.685867724974081e-136
1373	3.905410269795477e-136
1374	2.6820058488002715e-136
1375	1.841517669031898e-136
1376	1.26419812157519e-136
1377	8.677156690746373e-137
1378	5.954739340077849e-137
1379	4.0857430938905917e-137
1380	2.8028658121038875e-137
1381	1.9224562973388768e-137
1382	1.31835852285049e-137
1383	9.039271668378717e-138
1384	6.196638574146994e-138
1385	4.24718989810276e-138
1386	2.9105156913461143e-138
1387	1.9941642646794227e-138
1388	1.3660751738832617e-138
1389	9.35644608062623e-139
1390	6.407223246413285e-139
1391	4.386835770197622e-139
1392	3.0030007718502092e-139
1393	2.055332194756125e-139
1394	1.4064719819085615e-139
1395	9.622825023781835e-140
1396	6.582585388903469e-140
1397	4.502075641961352e-140
1398	3.078586863025548e-140
1399	2.1048072873256385e-140
1400	1.4387837778326388e-140
1401	9.833337776026044e-141
1402	6.719370332147238e-141
1403	4.5906941198688345e-141
1404	3.1358137355794216e-141
1405	2.1416290336145454e-141
1406	1.46238014911466e-141
1407	9.98385656944344e-142
1408	6.814882292476705e-142
1409	4.650935573959261e-142
1410	3.1735415559810997e-142
1411	2.1650599160146706e-142
1412	1.4767856919280103e-142
1413	1.0071329876373669e-142
1414	6.867171870533688e-143
1415	4.68156142118951e-143
1416	3.1909882774864023e-143
1417	2.174609735661401e-143
1418	1.4816957830507559e-143
1419	1.0093884258456723e-143
1420	6.875101533134313e-144
1421	4.681892018010716e-144
1422	3.187756291062449e-144
1423	2.1700524578868107e-144
1424	1.4769871477480967e-144
1425	1.0050890077067405e-144
1426	6.838386037105287e-145
1427	4.6518312035865535e-145
1428	3.163847081383078e-145
1429	2.1514347762542474e-145
1430	1.4627227179000503e-145
1431	9.942987889751873e-146
1432	6.757605819530308e-146
1433	4.591872278000496e-146
1434	3.1196631498809746e-146
1435	2.1190759547164174e-146
1436	1.4391505233095608e-146
1437	9.772074077599521e-147
1438	6.634192566818749e-147
1439	4.5030850187361115e-147
1440	3.055997030444137e-147
1441	2.0735588946719353e-147
1442	1.4066966247463243e-147
1443	9.541246067516726e-148
1444	6.470387418743088e-148
1445	4.3870841877440465e-148
1446	2.9740078019918716e-148
1447	2.015712767434641e-148
1448	1.3659523647712033e-148
1449	9.254709327662645e-149
1450	6.269173492140672e-149
1451	4.2459808119458205e-149
1452	2.8751860626973283e-149
1453	1.9465879302860663e-149
1454	1.3176564663845434e-149
1455	8.917650019533955e-150
1456	6.034185551676289e-150
1457	4.0823182843024473e-150
1458	2.761308840785659e-150
1459	1.8674241841269313e-150
1460	1.2626727354440953e-150
1461	8.536078688447831e-151
1462	5.769600646424859e-151
1463	3.8989959869087886e-151
1464	2.6343863475799335e-151
1465	1.779613713486817e-151
1466	1.2019643078357147e-151
1467	8.116651581154266e-152
1468	5.480014315525149e-152
1469	3.699183645473229e-152
1470	2.4966028058805507e-152
1471	1.6846602597218846e-152
1472	1.1365655164363613e-152
1473	7.666477029598589e-153
1474	5.170307501733937e-153
1475	3.4862299591653666e-153
1476	2.350253793828761e-153
1477	1.5841362048727867e-153
1478	1.067552529261947e-153
1479	7.192914791865598e-154
1480	4.845509572903439e-154
1481	3.263569195755901e-154
1482	2.1976826219686678e-154
1483	1.479639281595809e-154
1484	9.960139258974898e-155
1485	6.7033762793747005e-155
1486	4.5106628305542e-155
1487	3.0346293961125867e-155
1488	2.0412182085878982e-155
1489	1.3727505742850265e-155
1490	9.230223353187254e-156
1491	6.205133234407447e-156
1492	4.170693592253262e-156
1493	2.802745603536895e-156
1494	1.8831167430899934e-156
1495	1.26499534399341e-156
1496	8.49608159250454e-157
1497	5.7051416901123996e-157
1498	3.8302943976309667e-157
1499	2.5710811424124497e-157
1500	1.725509144126041e-157
1501	1.1578080060081044e-157
1502	7.767362592278417e-158
1503	5.2098870038464396e-158
1504	3.4938211480162702e-158
1505	2.342559446848982e-158
1506	1.5703559496159493e-158
1507	1.0525023289323051e-158
1508	7.052863031441245e-159
1509	4.725254478725303e-159
1510	3.165208099219061e-159
1511	2.1198083200630268e-159
1512	1.419410845151593e-159
1513	9.502476256336217e-160
1514	6.360372605949893e-160
1515	4.2564286629008694e-160
1516	2.847902644881405e-160
1517	1.905117829801408e-160
1518	1.2741935735810356e-160
1519	8.520513886451262e-161
1520	5.696563189307516e-161
1521	3.807822931260693e-161
1522	2.5448208153838343e-161
1523	1.7004123559007881e-161
1524	1.1359725001558168e-161
1525	7.587485047587387e-162
1526	5.066922765948598e-162
1527	3.3830394977700807e-162
1528	2.258323433721183e-162
1529	1.5072366429227275e-162
1530	1.005756661224233e-162
1531	6.709968835513613e-163
1532	4.475732690475302e-163
1533	2.984858658465996e-163
1534	1.9902119682485086e-163
1535	1.32675510904036e-163
1536	8.842967234898644e-164
1537	5.892790679038603e-164
1538	3.926085055414389e-164
1539	2.615254892232112e-164
1540	1.741742346716032e-164
1541	1.1597631507083105e-164
1542	7.720939440392218e-165
1543	5.139091733706575e-165
1544	3.419935501009224e-165
1545	2.275436499587852e-165
1546	1.513654379040871e-165
1547	1.0067087818569638e-165
1548	6.694159618291915e-166
1549	4.4504433581029436e-166
1550	2.958185724306958e-166
1551	1.9659047709193636e-166
1552	1.3062139974967904e-166
1553	8.677226683396043e-167
1554	5.763180762238448e-167
1555	3.826997371650579e-167
1556	2.540789265231384e-167
1557	1.6865282578934305e-167
1558	1.1192652692049213e-167
1559	7.426544663053931e-168
1560	4.926685786913568e-168
1561	3.267662278496028e-168
1562	2.16687386124326e-168
1563	1.4366275701621437e-168
1564	9.522890615824203e-169
1565	6.311133421089737e-169
1566	4.181766956698873e-169
1567	2.7702956741816415e-169
1568	1.8348737422955645e-169
1569	1.2150662128274957e-169
1570	8.04465330786406e-170
1571	5.325106293591649e-170
1572	3.5242176506454714e-170
1573	2.3319035656901276e-170
1574	1.5426656371884086e-170
1575	1.0203432846466002e-170
1576	6.747362319173786e-171
1577	4.461027484537313e-171
1578	2.9488239356495883e-171
1579	1.948838244300424e-171
1580	1.287702919962304e-171
1581	8.506843297338913e-172
1582	5.6186758782322e-172
1583	3.7103275453479307e-172
1584	2.4496451244085806e-172
1585	1.6169875538106635e-172
1586	1.067143171061837e-172
1587	7.041272285705512e-173
1588	4.645066677774147e-173
1589	3.063691685924116e-173
1590	2.0202745018535813e-173
1591	1.3319497881774365e-173
1592	8.779653904345153e-174
1593	5.786006783351604e-174
1594	3.812346847239928e-174
1595	2.5114106082035223e-174
1596	1.6540735602367156e-174
1597	1.0891899291302997e-174
1598	7.170741088640004e-175
1599	4.71993501066375e-175
1600	3.106128887262918e-175
1601	2.0436867420819704e-175
1602	1.3443752479326545e-175
1603	8.841744017390187e-176
1604	5.813886369481247e-176
1605	3.8221368925990004e-176
1606	2.5122158705904218e-176
1607	1.6508918141310227e-176
1608	1.0846537891865721e-176
1609	7.124829043890198e-177
1610	4.6791661571441085e-177
1611	3.0723671772120356e-177
1612	2.0169183547632035e-177
1613	1.3237744445884747e-177
1614	8.686604755678398e-178
1615	5.698970968765796e-178
1616	3.738118485936363e-178
1617	2.4514319183976082e-178
1618	1.6072990386424735e-178
1619	1.0536188406604487e-178
1620	6.905263966390869e-179
1621	4.524669631576136e-179
1622	2.9641707410482735e-179
1623	1.9414634883961564e-179
1624	1.2713491211476898e-179
1625	8.323575686106512e-180
1626	5.448343271770852e-180
1627	3.5655647941829517e-180
1628	2.3329286768778626e-180
1629	1.5261027154500062e-180
1630	9.981025381061308e-181
1631	6.526428167800139e-181
1632	4.266629071904457e-181
1633	2.788708068019084e-181
1634	1.8223423686634484e-181
1635	1.1905991308811004e-181
1636	7.776957652356293e-182
1637	5.078815141353643e-182
1638	3.316068475921547e-182
1639	2.1646759948621897e-182
1640	1.4127670339423128e-182
1641	9.218417156871557e-183
1642	6.0138172778944115e-183
1643	3.922401795145817e-183
1644	2.557771954472063e-183
1645	1.667551928034027e-183
1646	1.0869376392129034e-183
1647	7.083330667140019e-184
1648	4.615066278406389e-184
1649	3.006255011368023e-184
1650	1.957857380009725e-184
1651	1.274804409674473e-184
1652	8.298760696883598e-185
1653	5.40119696867826e-185
1654	3.514582868705417e-185
1655	2.2864645278494902e-185
1656	1.4871746192318463e-185
1657	9.670884281474478e-186
1658	6.287486150149629e-186
1659	4.0869040046142566e-186
1660	2.6559401275765015e-186
1661	1.7256331678582604e-186
1662	1.1209466433288635e-186
1663	7.279936157115892e-187
1664	4.726898484295291e-187
1665	3.068534149248623e-187
1666	1.9915514591477062e-187
1667	1.2922837867403188e-187
1668	8.383588534503688e-188
1669	5.437604487893928e-188
1670	3.526068790748482e-188
1671	2.286016471001667e-188
1672	1.481744221367705e-188
1673	9.602235322277584e-189
1674	6.2212344260592165e-189
1675	4.029821497942912e-189
1676	2.609756426470298e-189
1677	1.6897364302242435e-189
1678	1.0938120063508097e-189
1679	7.078985667692533e-190
1680	4.580405305182564e-190
1681	2.963065245563024e-190
1682	1.9163853842593676e-190
1683	1.2391637919871361e-190
1684	8.010852016652317e-191
1685	5.177650501714702e-191
1686	3.345728387657317e-191
1687	2.1614861467158877e-191
1688	1.3961045911519212e-191
1689	9.015443076852259e-192
1690	5.820492242798764e-192
1691	3.756953067579693e-192
1692	2.4244606373820005e-192
1693	1.5642195663120872e-192
1694	1.008981946331302e-192
1695	6.506869211392034e-193
1696	4.195306116162682e-193
1697	2.7043196486017263e-193
1698	1.7428302012860425e-193
1699	1.122935237357254e-193
1700	7.233638748978712e-194
1701	4.6586629278416227e-194
1702	2.999632296445951e-194
1703	1.9309761308132398e-194
1704	1.2427616256033195e-194
1705	7.996513966896624e-195
1706	5.1441709654988986e-195
1707	3.308505087790505e-195
1708	2.127403306451719e-195
1709	1.3676323134489347e-195
1710	8.790028183080442e-196
1711	5.648231152575369e-196
1712	3.628572672968813e-196
1713	2.3305597818458745e-196
1714	1.4965306521174587e-196
1715	9.607531574109046e-197
1716	6.166500157432894e-197
1717	3.957002124441666e-197
1718	2.5386002404488795e-197
1719	1.628256174422701e-197
1720	1.0441224172908113e-197
1721	6.693916056970104e-198
1722	4.290512230719691e-198
1723	2.749400151882056e-198
1724	1.7614347924920096e-198
1725	1.1282228279046517e-198
1726	7.224749158262407e-199
1727	4.625408824771408e-199
1728	2.9605801322317713e-199
1729	1.894535479005421e-199
1730	1.2120702000788378e-199
1731	7.75267887330661e-200
1732	4.957636588264574e-200
1733	3.169540706635602e-200
1734	2.0258935051979756e-200
1735	1.29459940555472e-200
1736	8.27089651039607e-201
1737	5.282847106256623e-201
1738	3.373507242489064e-201
1739	2.1537400321137105e-201
1740	1.3746838177896654e-201
1741	8.772232706344086e-202
1742	5.596482218190705e-202
1743	3.5695843564021515e-202
1744	2.2762375552292704e-202
1745	1.4511583599995341e-202
1746	9.249307028238694e-203
1747	5.893870954059291e-203
1748	3.7548186197160644e-203
1749	2.3915204009824267e-203
1750	1.5228456171893384e-203
1751	9.694696082318908e-204
1752	6.170337598617602e-204
1753	3.926267921288449e-204
1754	2.4977391832224122e-204
1755	1.5885842883095455e-204
1756	1.0101115347753962e-204
1757	6.4213177341938355e-205
1758	4.08107541950059e-205
1759	2.5931078653905893e-205
1760	1.6472590941165923e-205
1761	1.046160897362373e-205
1762	6.642478517495718e-206
1763	4.2165456554006693e-206
1764	2.6759518574856277e-206
1765	1.6978311265278558e-206
1766	1.0769741004935514e-206
1767	6.8298389892571e-207
1768	4.330220131220182e-207
1769	2.744755421403523e-207
1770	1.7393675359853648e-207
1771	1.1019780997883755e-207
1772	6.9798859341442625e-208
1773	4.41994950537733e-208
1774	2.798206577471951e-208
1775	1.7710694126236084e-208
1776	1.1206876793741067e-208
1777	7.089680730462307e-209
1778	4.4839595332309923e-209
1779	2.8352377086923715e-209
1780	1.79229673052912e-209
1781	1.1327207376978303e-209
1782	7.156952772934374e-210
1783	4.5209080021881875e-210
1784	2.8550601526107682e-210
1785	1.8025892947484624e-210
1786	1.1378109259193934e-210
1787	7.180175422612692e-211
1788	4.529930172030536e-211
1789	2.857191253912505e-211
1790	1.8016827572974425e-211
1791	1.1358170697684485e-211
1792	7.158621027583899e-212
1793	4.51067062954413e-212
1794	2.8414726182282137e-212
1795	1.7895189470430274e-212
1796	1.1267289245041099e-212
1797	7.092392344320886e-213
1798	4.4632999849608694e-213
1799	2.80807864824343e-213
1800	1.766249981342275e-213
1801	1.1106689581739916e-213
1802	6.982428636717541e-214
1803	4.388515452318154e-214
1804	2.757514840917574e-214
1805	1.7322358840194796e-214
1806	1.0878900236250907e-214
1807	6.830485791101589e-215
1808	4.287525035749459e-215
1809	2.690605759189113e-215
1810	1.688035711381516e-215
1811	1.0587689560393778e-215
1812	6.639090904905073e-216
1813	4.16201575279409e-216
1814	2.6084730397055085e-216
1815	1.634392470605264e-216
1816	1.0237963106099826e-216
1817	6.411472923164905e-217
1818	4.014107025134541e-217
1819	2.5125042351372656e-217
1820	1.572212387278048e-217
1821	9.835626244082673e-218
1822	6.151471948106727e-218
1823	3.8462910175146755e-218
1824	2.404313690913566e-218
1825	1.5025393257711208e-218
1826	9.38741737949743e-219
1827	5.86343077322079e-219
1828	3.6613622700126773e-219
1829	2.2856969989676405e-219
1830	1.426525373455238e-219
1831	8.900718368516163e-220
1832	5.552072941997303e-220
1833	3.4623394154872444e-220
1834	2.1585808359804902e-220
1835	1.3453987558638723e-220
1836	8.383349652792866e-221
1837	5.222372161013843e-221
1838	3.252382078014311e-221
1839	2.02497016602301e-221
1840	1.2604303462382692e-221
1841	7.843358156780983e-222
1842	4.8794181791929704e-222
1843	3.034706193644894e-222
1844	1.8868948586613333e-222
1845	1.1729000646885037e-222
1846	7.288806110678026e-223
1847	4.5282842671571396e-223
1848	2.8125009758985814e-223
1849	1.7463577410192428e-223
1850	1.0840644287498567e-223
1851	6.727568670089982e-224
1852	4.173901196368603e-224
1853	2.5888505694363502e-224
1854	1.6052859700698584e-224
1855	9.951264217583379e-225
1856	6.167147528431587e-225
1857	3.820942146722391e-225
1858	2.3666631105828166e-225
1859	1.4654873896859872e-225
1860	9.072086953413579e-226
1861	5.61450670896472e-226
1862	3.4737222972639894e-226
1863	2.1486094657316455e-226
1864	1.328613241178376e-226
1865	8.213309277466102e-227
1866	5.075935448878659e-227
1867	3.1361160231076716e-227
1868	1.9370733780017334e-227
1869	1.1961282457246007e-227
1870	7.383919334564976e-228
1871	4.556941630699938e-228
1872	2.8114936859759236e-228
1873	1.7341141533616997e-228
1874	1.0692886944253045e-228
1875	6.591568757571371e-229
1876	4.0621776671401716e-229
1877	2.502679023715178e-229
1878	1.5414423963459411e-229
1879	9.491287898496905e-230
1880	5.84249687251594e-230
1881	3.5953991963044094e-230
1882	2.2119271734165474e-230
1883	1.3604086986343628e-230
1884	8.364551044246151e-231
1885	5.1415056777437095e-231
1886	3.159455481928591e-231
1887	1.9409224571823245e-231
1888	1.1920046242877285e-231
1889	7.318486762467104e-232
1890	4.491982172475838e-232
1891	2.756309114330658e-232
1892	1.6907942655331813e-232
1893	1.0368748514812622e-232
1894	6.35673968848696e-233
1895	3.895962829421964e-233
1896	2.3870815330237964e-233
1897	1.4621487272692515e-233
1898	8.953389436220136e-234
1899	5.480936907434847e-234
1900	3.3542336371694245e-234
1901	2.0521200840528613e-234
1902	1.2551133806390399e-234
1903	7.674209465614826e-235
1904	4.690883108954896e-235
1905	2.866458223256081e-235
1906	1.7510818066025967e-235
1907	1.0693917706158773e-235
1908	6.528848489890295e-236
1909	3.984790202508684e-236
1910	2.431326118275247e-236
1911	1.483028916807845e-236
1912	9.04324790064937e-237
1913	5.512738979576994e-237
1914	3.3595287487706613e-237
1915	2.046713215398584e-237
1916	1.2465310060477896e-237
1917	7.589556464334609e-238
1918	4.619518218597495e-238
1919	2.8108890664974786e-238
1920	1.709846872684842e-238
1921	1.0397692646541413e-238
1922	6.32095548596693e-239
1923	3.841441643293328e-239
1924	2.3338409289447174e-239
1925	1.4174688316217474e-239
1926	8.606385363020098e-240
1927	5.223875419378491e-240
1928	3.169781556860998e-240
1929	1.922782246897101e-240
1930	1.1659901049621272e-240
1931	7.068436519650433e-241
1932	4.2836634054763094e-241
1933	2.595198224512781e-241
1934	1.5717689111384343e-241
1935	9.516331338139149e-242
1936	5.7598723047135895e-242
1937	3.485124789590076e-242
1938	2.108073383038915e-242
1939	1.27471989826743e-242
1940	7.705577418909166e-243
1941	4.656469114501762e-243
1942	2.8129959844125555e-243
1943	1.698799306746856e-243
1944	1.0255937003280774e-243
1945	6.189686435215485e-244
1946	3.734407562749952e-244
1947	2.2523416410000837e-244
1948	1.3580195732063235e-244
1949	8.185340066189691e-245
1950	4.932034218836097e-245
1951	2.9708027124213325e-245
1952	1.7888735329544421e-245
1953	1.076820412587453e-245
1954	6.479842525578871e-246
1955	3.8980092950579186e-246
1956	2.3441114161693985e-246
1957	1.4091924359225358e-246
1958	8.468738879794573e-247
1959	5.087720878020507e-247
1960	3.055509348318892e-247
1961	1.8344229246825313e-247
1962	1.100957464817217e-247
1963	6.6053606643230864e-248
1964	3.961659621039611e-248
1965	2.3752652340639537e-248
1966	1.423642997914075e-248
1967	8.529897476328263e-249
1968	5.109047670724794e-249
1969	3.059068656774181e-249
1970	1.8310125229762517e-249
1971	1.0955846025207376e-249
1972	6.553189594516032e-250
1973	3.918424152753823e-250
1974	2.3421879642150568e-250
1975	1.3995335755032495e-250
1976	8.359799515345281e-251
1977	4.9918215504547786e-251
1978	2.979700224381837e-251
1979	1.778017825977678e-251
1980	1.0605944346973974e-251
1981	6.324292564313987e-252
1982	3.769846040063593e-252
1983	2.246384041998981e-252
1984	1.3381130336955425e-252
1985	7.96800639806277e-253
1986	4.7430128002929143e-253
1987	2.822320555132089e-253
1988	1.6788251586494174e-253
1989	9.982776638136805e-254
1990	5.933946952670119e-254
1991	3.5259979002003355e-254
1992	2.0944316180883645e-254
1993	1.2436429966161688e-254
1994	7.381937050603621e-255
1995	4.380156919292703e-255
1996	2.598085146659836e-255
1997	1.5404979448767367e-255
1998	9.130878236646629e-256
1999	5.410125190642748e-256
2000	3.204387747934709e-256
2001	1.8972538448049304e-256
2002	1.1229181395052781e-256
2003	6.643740696484291e-257
2004	3.929332789168308e-257
2005	2.3230906315248175e-257
2006	1.3729487795609665e-257
2007	8.111160493640138e-258
2008	4.7901792638261495e-258
2009	2.827875486643903e-258
2010	1.668814929831805e-258
2011	9.844532007513452e-259
2012	5.805245725390945e-259
2013	3.422034613809535e-259
2014	2.016443563080447e-259
2015	1.187750573691923e-259
2016	6.993612262497684e-260
2017	4.116371803337029e-260
2018	2.4219434416404826e-260
2019	1.4244570926488789e-260
2020	8.374720691630667e-261
2021	4.921828607480364e-261
2022	2.8914616996177675e-261
2023	1.6980200390329867e-261
2024	9.967866025005348e-262
2025	5.849182728656409e-262
2026	3.4310054019917784e-262
2027	2.011779734129369e-262
2028	1.1791576319641256e-262
2029	6.908683667699949e-263
2030	4.046227947678276e-263
2031	2.3688445876033622e-263
2032	1.3862883257084152e-263
2033	8.109627793017182e-264
2034	4.742182026006214e-264
2035	2.771947762885518e-264
2036	1.619649218624037e-264
2037	9.459878729828123e-265
2038	5.5230430183689e-265
2039	3.223287980642699e-265
2040	1.880386772814372e-265
2041	1.0965343228174441e-265
2042	6.391809192008966e-266
2043	3.7243583922151696e-266
2044	2.1692259120509057e-266
2045	1.262941728007068e-266
2046	7.349987656471138e-267
2047	4.275768942236706e-267
2048	2.4863697881305652e-267
2049	1.4452421983797118e-267
2050	8.397277702994361e-268
2051	4.877069118520017e-268
2052	2.831400858714954e-268
2053	1.6431053196371713e-268
2054	9.531265645757605e-269
2055	5.526579353574339e-269
2056	3.203188098556677e-269
2057	1.8557873019296952e-269
2058	1.0747147426008804e-269
2059	6.2212404772649484e-270
2060	3.5998057608080885e-270
2061	2.0820874237417654e-270
2062	1.2037496803038663e-270
2063	6.95649139766936e-271
2064	4.0184694809497426e-271
2065	2.3203150574267838e-271
2066	1.3392097714983278e-271
2067	7.726185482096582e-272
2068	4.455495603513576e-272
2069	2.5682705658960078e-272
2070	1.479785913935497e-272
2071	8.522555809508382e-273
2072	4.906289350452328e-273
2073	2.8232431595314317e-273
2074	1.6238829347241901e-273
2075	9.336238480523459e-274
2076	5.365366794332452e-274
2077	3.0820283756491427e-274
2078	1.7696323715720302e-274
2079	1.0156361449741961e-274
2080	5.82641452641138e-275
2081	3.3409671804617727e-275
2082	1.9149176209324207e-275
2083	1.0970703883071856e-275
2084	6.282389424360915e-276
2085	3.5960078029094875e-276
2086	2.057411933149893e-276
2087	1.1765927893167716e-276
2088	6.725659065313634e-277
2089	3.8427903174258717e-277
2090	2.194629095732485e-277
2091	1.252788078415369e-277
2092	7.148181170796032e-278
2093	4.076752745211116e-278
2094	2.323985927935069e-278
2095	1.3241961821091005e-278
2096	7.541718119889975e-279
2097	4.293256106754891e-279
2098	2.4428749524530054e-279
2099	1.3893543265967545e-279
2100	7.898080165462383e-280
2101	4.487724514683205e-280
2102	2.548744861571717e-280
2103	1.4468431272476243e-280
2104	8.209388699203972e-281
2105	4.655795139908009e-281
2106	2.6391857098372954e-281
2107	1.4953348516719775e-281
2108	8.468348911066349e-282
2109	4.793471815580411e-282
2110	2.7120151995535543e-282
2111	1.5336417475684058e-282
2112	8.668519653222082e-283
2113	4.897275259800821e-283
2114	2.7653620327850417e-283
2115	1.5607621343829173e-283
2116	8.804567407748103e-284
2117	4.9643824857189537e-284
2118	2.7977421302113295e-284
2119	1.5759218944275653e-284
2120	8.872491098528717e-285
2121	4.992747992443861e-285
2122	2.808123596603954e-285
2123	1.578609081211017e-285
2124	8.869805162385453e-286
2125	4.981199830028947e-286
2126	2.7959766616735463e-286
2127	1.5685995970316332e-286
2128	8.795669824433106e-287
2129	4.9295046100204634e-287
2130	2.761305440207841e-287
2131	1.5459722735494735e-287
2132	8.650959863762639e-288
2133	4.838396955180587e-288
2134	2.704659211949467e-288
2135	1.5111122010287917e-288
2136	8.438266194924585e-289
2137	4.709570675061195e-289
2138	2.6271219733587017e-289
2139	1.4647017654559463e-289
2140	8.161828151302397e-290
2141	4.545631010401462e-290
2142	2.5302801953197204e-290
2143	1.4076995289443075e-290
2144	7.827398207746418e-291
2145	4.35000947300957e-291
2146	2.4161699534979784e-291
2147	1.3413077815380954e-291
2148	7.442044754921221e-292
2149	4.126844965560935e-292
2150	2.2872057938384537e-292
2151	1.2669302519167407e-292
2152	7.013902155011377e-293
2153	3.880836839087021e-293
2154	2.1460947659500414e-293
2155	1.1861220412794944e-293
2156	6.551880395269559e-294
2157	3.617077185326123e-294
2158	1.9957399202518022e-294
2159	1.1005342946472404e-294
2160	6.065348974584664e-295
2161	3.3408708395619646e-295
2162	1.839138153666593e-295
2163	1.0118564118543255e-295
2164	5.5638110274496e-296
2165	3.057552194888616e-296
2166	1.6792775572264957e-296
2167	9.217587041084683e-297
2168	5.0565840029518395e-297
2169	2.7723079527588865e-297
2170	1.5190393468194796e-297
2171	8.318383135673967e-298
2172	4.552502452809619e-298
2173	2.4900143578992365e-298
2174	1.3611090528778267e-298
2175	7.435709410241129e-299
2176	4.059656709651864e-299
2177	2.215096338412692e-299
2178	1.2079009409660228e-299
2179	6.582704937642434e-300
2180	3.5851786051041246e-300
2181	1.951414389217634e-300
2182	1.0614986920736895e-300
2183	5.770582081407197e-301
2184	3.135082105626598e-301
2185	1.7021831299416081e-301
2186	9.23614266648995e-302
2187	5.008421651072848e-302
2188	2.7141630992397094e-302
2189	1.4699233915193348e-302
2190	7.955656989738034e-303
2191	4.303074527201526e-303
2192	2.325958837289832e-303
2193	1.256447602380904e-303
2194	6.7827341011451464e-304
2195	3.659165886845153e-304
2196	1.9727640066172166e-304
2197	1.0628763121283635e-304
2198	5.722735744082444e-305
2199	3.0791924525929347e-305
2200	1.655697332525412e-305
2201	8.896820442670711e-306
2202	4.77746198915694e-306
2203	2.563698566386613e-306
2204	1.3748101928953444e-306
2205	7.367554140303363e-307
2206	3.945549307540607e-307
2207	2.1115136214459724e-307
2208	1.1292270913702899e-307
2209	6.034876467662776e-308
2210	3.2229522378339556e-308
2211	1.7200316067404814e-308
2212	9.173070493058593e-309
2213	4.88863307663788e-309
2214	2.60347379445855e-309
2215	1.3855132267983e-309
2216	7.3681501256457e-310
2217	3.9155718362886e-310
2218	2.0793110924796e-310
2219	1.1033921276492e-310
2220	5.8509314261554e-311
2221	3.100297851714e-311
2222	1.641586115334e-311
2223	8.68568956828e-312
2224	4.592232302645e-312
2225	2.42616774633e-312
2226	1.280836616954e-312
2227	6.7568000946e-313
2228	3.5617325781e-313
2229	1.8760867433e-313
2230	9.8744823713e-314
2231	5.193307256e-314
2232	2.729231497e-314
2233	1.43318356e-314
2234	7.52015412e-315
2235	3.94287968e-315
2236	2.065668055e-315
2237	1.08134958e-315
2238	5.65625017e-316
2239	2.9562852e-316
2240	1.54389437e-316
2241	8.0563935e-317
2242	4.200624e-317
2243	2.1884435e-317
2244	1.139209e-317
2245	5.925384e-318
2246	3.07944e-318
2247	1.59908e-318
2248	8.2967e-319
2249	4.3011e-319
2250	2.2279e-319
2251	1.153e-319
2252	5.9624e-320
2253	3.0805e-320
2254	1.5904e-320
2255	8.2e-321
2256	4.224e-321
2257	2.174e-321
2258	1.12e-321
2259	5.73e-322
2260	2.96e-322
2261	1.53e-322
2262	8e-323
2263	4e-323
2264	2e-323
2265	1e-323
2266	5e-324
2267	5e-324
2268	0.0
2269	0.0
2270	0.0
2271	0.0
2272	0.0
2273	0.0
2274	0.0
2275	0.0
2276	0.0
2277	0.0
2278	0.0
2279	0.0
2280	0.0
2281	0.0
2282	0.0
2283	0.0
2284	0.0
2285	0.0
2286	0.0
2287	0.0
2288	0.0
2289	0.0
2290	0.0
2291	0.0
2292	0.0
2293	0.0
2294	0.0
2295	0.0
2296	0.0
2297	0.0
2298	0.0
2299	0.0
2300	0.0
2301	0.0
2302	0.0
2303	0.0
2304	0.0
2305	0.0
2306	0.0
2307	0.0
2308	0.0
2309	0.0
2310	0.0
2311	0.0
2312	0.0
2313	0.0
2314	0.0
2315	0.0
2316	0.0
2317	0.0
2318	0.0
2319	0.0
2320	0.0
2321	0.0
2322	0.0
2323	0.0
2324	0.0
2325	0.0
2326	0.0
2327	0.0
2328	0.0
2329	0.0
2330	0.0
2331	0.0
2332	0.0
2333	0.0
2334	0.0
2335	0.0
2336	0.0
2337	0.0
2338	0.0
2339	0.0
2340	0.0
2341	0.0
2342	0.0
2343	0.0
2344	0.0
2345	0.0
2346	0.0
2347	0.0
2348	0.0
2349	0.0
2350	0.0
2351	0.0
2352	0.0
2353	0.0
2354	0.0
2355	0.0
2356	0.0
2357	0.0
2358	0.0
2359	0.0
2360	0.0
2361	0.0
2362	0.0
2363	0.0
2364	0.0
2365	0.0
2366	0.0
2367	0.0
2368	0.0
2369	0.0
2370	0.0
2371	0.0
2372	0.0
2373	0.0
2374	0.0
2375	0.0
2376	0.0
2377	0.0
2378	0.0
2379	0.0
2380	0.0
2381	0.0
2382	0.0
2383	0.0
2384	0.0
2385	0.0
2386	0.0
2387	0.0
2388	0.0
2389	0.0
2390	0.0
2391	0.0
2392	0.0
2393	0.0
2394	0.0
2395	0.0
2396	0.0
2397	0.0
2398	0.0
2399	0.0
2400	0.0
2401	0.0
2402	0.0
2403	0.0
2404	0.0
2405	0.0
2406	0.0
2407	0.0
2408	0.0
2409	0.0
2410	0.0
2411	0.0
2412	0.0
2413	0.0
2414	0.0
2415	0.0
2416	0.0
2417	0.0
2418	0.0
2419	0.0
2420	0.0
2421	0.0
2422	0.0
2423	0.0
2424	0.0
2425	0.0
2426	0.0
2427	0.0
2428	0.0
2429	0.0
2430	0.0
2431	0.0
2432	0.0
2433	0.0
2434	0.0
2435	0.0
2436	0.0
2437	0.0
2438	0.0
2439	0.0
2440	0.0
2441	0.0
2442	0.0
2443	0.0
2444	0.0
2445	0.0
2446	0.0
2447	0.0
2448	0.0
2449	0.0
2450	0.0
2451	0.0
2452	0.0
2453	0.0
2454	0.0
2455	0.0
2456	0.0
2457	0.0
2458	0.0
2459	0.0
2460	0.0
2461	0.0
2462	0.0
2463	0.0
2464	0.0
2465	0.0
2466	0.0
2467	0.0
2468	0.0
2469	0.0
2470	0.0
2471	0.0
2472	0.0
2473	0.0
2474	0.0
2475	0.0
2476	0.0
2477	0.0
2478	0.0
2479	0.0
2480	0.0
2481	0.0
2482	0.0
2483	0.0
2484	0.0
2485	0.0
2486	0.0
2487	0.0
2488	0.0
2489	0.0
2490	0.0
2491	0.0
2492	0.0
2493	0.0
2494	0.0
2495	0.0
2496	0.0
2497	0.0
2498	0.0
2499	0.0
2500	0.0
