k	pvalue
0	1.0000000004536
1	1.0000000004536
2	1.0000000004536
3	1.0000000004536
4	1.0000000004535998
5	1.0000000004535996
6	1.0000000004535985
7	1.0000000004535947
8	1.0000000004535834
9	1.000000000453552
10	1.000000000453472
11	1.0000000004532767
12	1.0000000004528262
13	1.0000000004518301
14	1.000000000449715
15	1.000000000445381
16	1.000000000436786
17	1.000000000420238
18	1.0000000003892366
19	1.0000000003326008
20	1.0000000002315177
21	1.000000000054975
22	0.9999999997528164
23	0.9999999992453659
24	0.9999999984081674
25	0.9999999970498802
26	0.9999999948807151
27	0.9999999914679761
28	0.9999999861742458
29	0.9999999780724982
30	0.9999999658309024
31	0.9999999475582582
32	0.999999920598861
33	0.99999988126309
34	0.9999998244771364
35	0.99999974333202
36	0.9999996285083849
37	0.9999994675495174
38	0.9999992439506331
39	0.9999989360277485
40	0.999998515524486
41	0.9999979459099986
42	0.9999971803159773
43	0.999996159055537
44	0.9999948066618085
45	0.9999930283794786
46	0.9999907060385014
47	0.9999876932359681
48	0.9999838097498822
49	0.9999788351075878
50	0.9999725012320732
51	0.999964484091538
52	0.9999543942817247
53	0.9999417664767416
54	0.9999260476926577
55	0.9999065843191511
56	0.9998826078880564
57	0.9998532195638361
58	0.999817373359785
59	0.999773858105108
60	0.9997212782117446
61	0.9996580333157598
62	0.9995822968959754
63	0.9994919940019621
64	0.9993847782540922
65	0.9992580083096153
66	0.9991087240200834
67	0.9989336225363468
68	0.9987290346471076
69	0.9984909016650029
70	0.9982147531996876
71	0.9978956861797363
72	0.9975283455036923
73	0.9971069067146289
74	0.9966250611015591
75	0.9960760036343967
76	0.9954524241364809
77	0.9947465020895723
78	0.9939499054504347
79	0.9930537938355055
80	0.9920488264006821
81	0.9909251747070452
82	0.9896725408206027
83	0.9882801808452617
84	0.9867369340337033
85	0.9850312575612579
86	0.9831512669839964
87	0.981084782334893
88	0.9788193797419978
89	0.976342448381085
90	0.973641252503265
91	0.9707029982066568
92	0.9675149045515126
93	0.9640642785512895
94	0.9603385935091413
95	0.9563255701111977
96	0.9520132596357908
97	0.9473901285923669
98	0.9424451440659791
99	0.9371678590136825
100	0.9315484967384001
101	0.9255780337543182
102	0.9192482802558805
103	0.9125519574101135
104	0.9054827707093168
105	0.8980354786479028
106	0.8902059560230963
107	0.8819912512038052
108	0.8733896367647108
109	0.8644006529427727
110	0.8550251434400966
111	0.8452652831695915
112	0.8351245976170408
113	0.824607973574134
114	0.8137216610805464
115	0.8024732664982416
116	0.7908717367266848
117	0.7789273346525253
118	0.7666516060104479
119	0.7540573379123187
120	0.741158509378479
121	0.7279702342772059
122	0.7145086971451426
123	0.7007910824222233
124	0.6868354976886336
125	0.6726608915382005
126	0.6582869667618735
127	0.6437340895463797
128	0.6290231954165557
129	0.614175692665199
130	0.5992133640216285
131	0.5841582673096302
132	0.5690326358373573
133	0.5538587792463879
134	0.5386589855249482
135	0.5234554248617647
136	0.5082700559826826
137	0.4931245355726637
138	0.47804013134171447
139	0.46303763924534747
140	0.44813730531904894
141	0.4333587525325896
142	0.41872091301458775
143	0.40424196594117373
144	0.3899392813255935
145	0.3758293698887419
146	0.3619278391345481
147	0.3482493556993926
148	0.33480761399183684
149	0.3216153110883557
150	0.3086841278028865
151	0.2960247158032042
152	0.2836466906057046
153	0.27155863024235904
154	0.2597680793595936
155	0.24828155847876818
156	0.23710457812187044
157	0.22624165748402206
158	0.21569634731640513
159	0.20547125666919244
160	0.19556808313390087
161	0.1859876462181499
162	0.17672992348292133
163	0.16779408907288715
164	0.15917855427397729
165	0.1508810097388573
166	0.14289846903012546
167	0.13522731314255051
168	0.12786333567928687
169	0.12080178837244611
170	0.11403742665540195
171	0.10756455501248398
172	0.10137707185101809
173	0.09546851366073683
174	0.08983209824617266
175	0.08446076683852993
176	0.07934722491449266
177	0.07448398157026653
178	0.06986338731969366
179	0.06547767020535185
180	0.0613189701310132
181	0.0573793713425596
182	0.05365093300232597
183	0.05012571781877465
184	0.04679581870931994
185	0.043653383488962624
186	0.04069063759111721
187	0.037899904839591894
188	0.03527362630209807
189	0.03280437726592092
190	0.03048488238548534
191	0.02830802905952172
192	0.026266879102403457
193	0.024354678780029854
194	0.022564867285408314
195	0.02089108373289783
196	0.019327172752967088
197	0.017867188771352422
198	0.016505399057734387
199	0.01523628562954984
200	0.014054546096381966
201	0.012955093529588242
202	0.011933055440498578
203	0.010983771948705113
204	0.010102793219732585
205	0.009285876248781359
206	0.008528981064331207
207	0.007828266422235455
208	0.007180085057572744
209	0.00658097855800456
210	0.006027671918754354
211	0.005517067835619238
212	0.0050462407886841835
213	0.004612430965665493
214	0.004213038070094166
215	0.0038456150558878995
216	0.0035078618262757797
217	0.003197618931552562
218	0.0029128612967669006
219	0.0026516920072044777
220	0.0024123361764241628
221	0.002193134918652623
222	0.0019925394445467538
223	0.0018091052966991011
224	0.0016414867387916964
225	0.0014884313099997905
226	0.0013487745541083953
227	0.0012214349308295952
228	0.0011054089149943702
229	0.0009997662876352275
230	0.0009036456214703778
231	0.0008162499619410373
232	0.0007368427037344982
233	0.0006647436616402401
234	0.0005993253336276724
235	0.0005400093531947908
236	0.0004862631273098164
237	0.00043759665564528904
238	0.0003935595262787054
239	0.0003537380825982821
240	0.00031775275579957687
241	0.0002852555570814836
242	0.00025592772344172225
243	0.00022947751082583824
244	0.00020563812829362178
245	0.00018416580682681152
246	0.00016483799640630334
247	0.00014745168503055593
248	0.00013182183342446097
249	0.00011777991929502633
250	0.00010517258512247473
251	9.386038362883912e-05
252	8.371661523718162e-05
253	7.462625201984918e-05
254	6.648494283068266e-05
255	5.919809452107182e-05
256	5.2680024350751786e-05
257	4.685317891905968e-05
258	4.164741515907304e-05
259	3.699933915391952e-05
260	3.285169875007882e-05
261	2.9152826155401145e-05
262	2.5856126918727116e-05
263	2.2919611892478413e-05
264	2.0305468978607254e-05
265	1.7979671651213804e-05
266	1.591162143544577e-05
267	1.4073821701593467e-05
268	1.2441580305295003e-05
269	1.0992738769269036e-05
270	9.707425858884222e-06
271	8.567833553106673e-06
272	7.5580135539600075e-06
273	6.663692611655939e-06
274	5.872105069127195e-06
275	5.171841148972775e-06
276	4.552709617998452e-06
277	4.005613569817701e-06
278	3.522438164605283e-06
279	3.0959492573206936e-06
280	2.7197019318049167e-06
281	2.38795803837442e-06
282	2.0956119071678447e-06
283	1.8381234788230302e-06
284	1.6114581583533023e-06
285	1.4120327576287978e-06
286	1.2366669469225024e-06
287	1.0825396868175248e-06
288	9.471501586505479e-07
289	8.282827548367344e-07
290	7.239757301251355e-07
291	6.324931513026809e-07
292	5.522998163209447e-07
293	4.820388444747757e-07
294	4.20511667316478e-07
295	3.6666017563433723e-07
296	3.195508012399575e-07
297	2.783603336650364e-07
298	2.4236329132459285e-07
299	2.109206844101479e-07
300	1.834700228733043e-07
301	1.5951643747861627e-07
302	1.386247951668548e-07
303	1.2041270198945866e-07
304	1.0454429775776047e-07
305	9.072475639443576e-08
306	7.869541487017715e-08
307	6.822946163962421e-08
308	5.91281227343453e-08
309	5.121729019836596e-08
310	4.4344543428818206e-08
311	3.837651927089884e-08
312	3.319659146759268e-08
313	2.870282433105224e-08
314	2.4806169330321662e-08
315	2.1428876721432996e-08
316	1.8503097419285886e-08
317	1.596965306121272e-08
318	1.3776954671647286e-08
319	1.1880052534864665e-08
320	1.023980184468018e-08
321	8.822130450172168e-09
322	7.597396576560013e-09
323	6.5398257899076455e-09
324	5.627017711025243e-09
325	4.839514083791638e-09
326	4.160420780528058e-09
327	3.575077195009828e-09
328	3.0707672438988755e-09
329	2.636466880331604e-09
330	2.2626236285519736e-09
331	1.940964184319075e-09
332	1.6643265999475054e-09
333	1.4265139920713217e-09
334	1.2221670806585817e-09
335	1.0466531948980198e-09
336	8.959696702076469e-10
337	7.666598151288512e-10
338	6.557398511512653e-10
339	5.606354260234435e-10
340	4.791264749239174e-10
341	4.092993567381545e-10
342	3.49505327047385e-10
343	2.983245274508275e-10
344	2.54534774435965e-10
345	2.170845218874333e-10
346	1.850694509950814e-10
347	1.5771221112423936e-10
348	1.3434489633065894e-10
349	1.1439389568637084e-10
350	9.736680235629913e-11
351	8.284110724614304e-11
352	7.045443875079697e-11
353	5.989614130524479e-11
354	5.090001263656607e-11
355	4.323804332966913e-11
356	3.671502298456315e-11
357	3.116389524095914e-11
358	2.6441759612002574e-11
359	2.242643169735745e-11
360	1.9013485194994772e-11
361	1.611370942737474e-11
362	1.3650925039750866e-11
363	1.1560108289876115e-11
364	9.785781081583648e-12
365	8.280629732592488e-12
366	7.004320525743756e-12
367	5.922484474284252e-12
368	5.005847524456866e-12
369	4.2294856998905205e-12
370	3.5721875295572992e-12
371	3.015908553149944e-12
372	2.545304815809571e-12
373	2.1473340927401676e-12
374	1.8109151621247548e-12
375	1.5266368055816506e-12
376	1.2865093884239662e-12
377	1.083752882611251e-12
378	9.126160655498577e-13
379	7.682223769227306e-13
380	6.464385600772542e-13
381	5.437627685228348e-13
382	4.572292942131341e-13
383	3.8432748326204394e-13
384	3.2293275586525746e-13
385	2.7124794850622537e-13
386	2.277534549584384e-13
387	1.9116486414841038e-13
388	1.6039698278730646e-13
389	1.3453329327398716e-13
390	1.1280003656306653e-13
391	9.454422879058153e-14
392	7.921502230918864e-14
393	6.634790885891015e-14
394	5.5551336999695903e-14
395	4.649537947358068e-14
396	3.890214040668175e-14
397	3.253763854426989e-14
398	2.7204942185481233e-14
399	2.273836513448107e-14
400	1.8998561658013176e-14
401	1.586838286038685e-14
402	1.3249377677237501e-14
403	1.1058839380733748e-14
404	9.227313536502847e-15
405	7.696496145793934e-15
406	6.417461578223329e-15
407	5.349169135358737e-15
408	4.457204926429559e-15
409	3.712722392074469e-15
410	3.0915504573221882e-15
411	2.5734430819605474e-15
412	2.141448033843283e-15
413	1.7813761482255285e-15
414	1.481355247362764e-15
415	1.2314553589129486e-15
416	1.0233739568527197e-15
417	8.501717122402172e-16
418	7.060507321905231e-16
419	5.861685254779831e-16
420	4.864819975840247e-16
421	4.036166767731596e-16
422	3.347571313671203e-16
423	2.7755517839696053e-16
424	2.3005302355959867e-16
425	1.9061892741007102e-16
426	1.5789337613257196e-16
427	1.3074405818622122e-16
428	1.082282200393993e-16
429	8.956120306222876e-17
430	7.409015618288939e-17
431	6.127208082932031e-17
432	5.065550078916367e-17
433	4.186516399476366e-17
434	3.458927931030234e-17
435	2.856887206225553e-17
436	2.3588909756405266e-17
437	1.947090622538402e-17
438	1.606676008698512e-17
439	1.3253623328435318e-17
440	1.0929629297648141e-17
441	9.01033741634302e-18
442	7.425775404518964e-18
443	6.117979455114473e-18
444	5.038949238856963e-18
445	4.1489483709018094e-18
446	3.4150924685261707e-18
447	2.810176538690605e-18
448	2.3117014627661064e-18
449	1.9010660507759395e-18
450	1.562896735194098e-18
451	1.2844916458292552e-18
452	1.0553597044143298e-18
453	8.668386273943607e-19
454	7.117784345526251e-19
455	5.842793186791455e-19
456	4.794746120550222e-19
457	3.9335115148656957e-19
458	3.226006471352723e-19
459	2.644967450469131e-19
460	2.1679337550634928e-19
461	1.7764072954864223e-19
462	1.4551582953420252e-19
463	1.191651778340531e-19
464	9.755739804668703e-20
465	7.984414051929675e-20
466	6.53278205590796e-20
467	5.3435003831938193e-20
468	4.369445758295825e-20
469	3.5719055575242815e-20
470	2.9190864940119245e-20
471	2.384885937898794e-20
472	1.947879944420773e-20
473	1.5904900353160337e-20
474	1.2982973781488746e-20
475	1.059478468591032e-20
476	8.643409373521797e-21
477	7.04941838165081e-21
478	5.7477386032979464e-21
479	4.685074602396569e-21
480	3.817790134635224e-21
481	3.1101682895694986e-21
482	2.5329830331059514e-21
483	2.062326782148087e-21
484	1.6786484208395127e-21
485	1.3659642310178452e-21
486	1.111210856623749e-21
487	9.037148997629382e-22
488	7.347582590545301e-22
489	5.972220375948223e-22
490	4.852949078015593e-22
491	3.9423433880850616e-22
492	3.201711641149882e-22
493	2.5994967142111783e-22
494	2.109967978319737e-22
495	1.7121516538243856e-22
496	1.3889563823202384e-22
497	1.1264586027538788e-22
498	9.133187028333871e-23
499	7.40304157265524e-23
500	5.999001647940811e-23
501	4.8599182400576084e-23
502	3.9360478123554736e-23
503	3.186936560499712e-23
504	2.5796949399377516e-23
505	2.0875908925263058e-23
506	1.6889032465676118e-23
507	1.365987448321569e-23
508	1.1045145285209761e-23
509	8.92851363962718e-24
510	7.215561487408479e-24
511	5.829677775369189e-24
512	4.70871757712688e-24
513	3.802284661428108e-24
514	3.0695218063005722e-24
515	2.4773145078497516e-24
516	1.9988311662017596e-24
517	1.6123370622365872e-24
518	1.3002310521233762e-24
519	1.0482633809151377e-24
520	8.449007432584287e-25
521	6.808110190217745e-25
522	5.484452463567151e-25
523	4.416985785739204e-25
524	3.5563537929732716e-25
525	2.862663856707475e-25
526	2.3036812874340233e-25
527	1.8533663892825029e-25
528	1.4906896045810157e-25
529	1.1986721558291696e-25
530	9.63609486757994e-26
531	7.744428470230426e-26
532	6.222509010758953e-26
533	4.9983855164625285e-26
534	4.014044807902667e-26
535	3.222724129330664e-26
536	2.5867394645988904e-26
537	2.0757310667795275e-26
538	1.6652464386928516e-26
539	1.335596174311923e-26
540	1.070930372394694e-26
541	8.584933042195731e-27
542	6.880220962943288e-27
543	5.5126173333942e-27
544	4.4157398668132106e-27
545	3.536221638962448e-27
546	2.8311704827690555e-27
547	2.2661220659234503e-27
548	1.8133911654310574e-27
549	1.4507440337358781e-27
550	1.1603296107353855e-27
551	9.278193458725292e-28
552	7.417150983438262e-28
553	5.927924218803877e-28
554	4.7365287037421e-28
555	3.783640707576123e-28
556	3.021704338670397e-28
557	2.412607017846416e-28
558	1.9258121445253033e-28
559	1.53685943016554e-28
560	1.2261608249067869e-28
561	9.780340285951029e-29
562	7.799269104304958e-29
563	6.217952905728566e-29
564	4.9560388876347925e-29
565	3.949261637910049e-29
566	3.146235314541086e-29
567	2.5058828187321818e-29
568	1.9953760054148822e-29
569	1.5884857732042065e-29
570	1.264260813409603e-29
571	1.0059698230429894e-29
572	8.002548640805191e-30
573	6.364538961444348e-30
574	5.0605881805859895e-30
575	4.022820245632187e-30
576	3.197098391400362e-30
577	2.540254809342024e-30
578	2.0178767114362613e-30
579	1.6025374924691277e-30
580	1.2723838654192884e-30
581	1.0100076176705647e-30
582	8.015448794228845e-31
583	6.359572078212124e-31
584	5.044579314363643e-31
585	4.000545198289443e-31
586	3.17183603239449e-31
587	2.5141995785875312e-31
588	1.99244525212888e-31
589	1.578595364771015e-31
590	1.250412135887944e-31
591	9.90224387578069e-32
592	7.839931846659028e-32
593	6.205679430053475e-32
594	4.910943261701648e-32
595	3.885430753225739e-32
596	3.073351651110743e-32
597	2.430436662703491e-32
598	1.9215667634987416e-32
599	1.5188885620367275e-32
600	1.200316434912501e-32
601	9.483423495795788e-33
602	7.490904018326429e-33
603	5.9156593514793744e-33
604	4.670593411850673e-33
605	3.686727924276201e-33
606	2.9094465053154273e-33
607	2.2955146382277343e-33
608	1.810715829775231e-33
609	1.4279769940402556e-33
610	1.1258821705875859e-33
611	8.874944160437237e-34
612	6.994221955968031e-34
613	5.510797096867708e-34
614	4.341010110299582e-34
615	3.41876047595786e-34
616	2.6918334585370935e-34
617	2.1189927398306464e-34
618	1.667679741576327e-34
619	1.3121934721704045e-34
620	1.0322508763939107e-34
621	8.118484142500265e-35
622	6.383620537470517e-35
623	5.018359161135505e-35
624	3.9442016243052767e-35
625	3.099269157750143e-35
626	2.43479515785746e-35
627	1.9123555500009008e-35
628	1.501682277994846e-35
629	1.1789375515357926e-35
630	9.253520760965791e-36
631	7.261507480687253e-36
632	5.6970532998308395e-36
633	4.468663050059124e-36
634	3.504361432222176e-36
635	2.7475414664614485e-36
636	2.153693130030326e-36
637	1.687826167717951e-36
638	1.3224402433627174e-36
639	1.0359265579887741e-36
640	8.113095119141945e-37
641	6.352562971570316e-37
642	4.972975506493353e-37
643	3.892142309951892e-37
644	3.045553762874921e-37
645	2.3825889117273574e-37
646	1.8635341954223422e-37
647	1.457240181497269e-37
648	1.1392801939758747e-37
649	8.905036648102133e-38
650	6.95899852894563e-38
651	5.437055462927538e-38
652	4.2470451829220794e-38
653	3.3167765414175946e-38
654	2.589714403211812e-38
655	2.0215941477989464e-38
656	1.577766113310386e-38
657	1.2311130696153027e-38
658	9.604174367732465e-39
659	7.490814087309372e-39
660	5.8412393123584105e-39
661	4.5539482279011357e-39
662	3.549591673398052e-39
663	2.7661519465538355e-39
664	2.1551678729216032e-39
665	1.678779745736456e-39
666	1.307416584529347e-39
667	1.0179864987842968e-39
668	7.924610272651004e-40
669	6.167679260427044e-40
670	4.7992539107950215e-40
671	3.733652186731918e-40
672	2.9040378881297986e-40
673	2.2582867782331305e-40
674	1.75575697858544e-40
675	1.3647663821095565e-40
676	1.0606227381289258e-40
677	8.240856621700628e-41
678	6.401661294623203e-41
679	4.971896025288195e-41
680	3.860650579308004e-41
681	2.997147855608881e-41
682	2.326296965989522e-41
683	1.8052258951057356e-41
684	1.4005785437891513e-41
685	1.086408103050674e-41
686	8.425355513487354e-42
687	6.532708572790387e-42
688	5.064169600122914e-42
689	3.9249416503058096e-42
690	3.0413630842438394e-42
691	2.3562075048009952e-42
692	1.8250261645579086e-42
693	1.4133022376306871e-42
694	1.0942372240988824e-42
695	8.470294382676203e-43
696	6.555354769730933e-43
697	5.07229690072779e-43
698	3.923954806630659e-43
699	3.034969175698539e-43
700	2.3469056076533244e-43
701	1.814462945737792e-43
702	1.4025289022000938e-43
703	1.0838941251048684e-43
704	8.374778378639621e-44
705	6.46950857695631e-44
706	4.996672237781457e-44
707	3.85835444638561e-44
708	2.9787575767890294e-44
709	2.2992175588799506e-44
710	1.7743403657543852e-44
711	1.369007553816866e-44
712	1.0560558601651128e-44
713	8.144795035864685e-45
714	6.280377349133511e-45
715	4.8417650870138494e-45
716	3.731935886919841e-45
717	2.875922667602974e-45
718	2.2158118959274122e-45
719	1.7068734259493724e-45
720	1.3145665318377998e-45
721	1.0122242488216489e-45
722	7.792627182326681e-46
723	5.997967957668428e-46
724	4.615699721335814e-46
725	3.551274159919107e-46
726	2.7317703402082446e-46
727	2.1009590258879122e-46
728	1.6154907483324855e-46
729	1.2419523831410721e-46
730	9.545948214790147e-47
731	7.335790891080049e-47
732	5.63622904062984e-47
733	4.3295646111305096e-47
734	3.325169579844081e-47
735	2.553274065702787e-47
736	1.9601766453687522e-47
737	1.504552017033344e-47
738	1.154605184211489e-47
739	8.858785307452809e-48
740	6.79562344443694e-48
741	5.2119347353371845e-48
742	3.996531520379617e-48
743	3.063953743612384e-48
744	2.348529021661484e-48
745	1.7998010442290085e-48
746	1.3790118085713886e-48
747	1.056395308887467e-48
748	8.090959207722547e-49
749	6.1956760657345965e-49
750	4.743431280321176e-49
751	3.6308793368673604e-49
752	2.778730237878794e-49
753	2.126162229336245e-49
754	1.626529427886074e-49
755	1.244064906488278e-49
756	9.513488867110722e-50
757	7.273648711515858e-50
758	5.560074826338517e-50
759	4.249372739283207e-50
760	3.247020030422092e-50
761	2.48062506925548e-50
762	1.8947563899653353e-50
763	1.4469775545556808e-50
764	1.1048070601025962e-50
765	8.433879463425803e-51
766	6.437017813603956e-51
767	4.9120013088168257e-51
768	3.7475613181114516e-51
769	2.858614557118632e-51
770	2.1801134919171657e-51
771	1.6623379542345776e-51
772	1.2672909202433987e-51
773	9.6594006041631e-52
774	7.361070073385227e-52
775	5.6085256776826224e-52
776	4.27241593663771e-52
777	3.2539843502201655e-52
778	2.477847530096723e-52
779	1.886474549714562e-52
780	1.435967593990632e-52
781	1.0928378052004796e-52
782	8.315420759859133e-53
783	6.326015632802636e-53
784	4.811648226456522e-53
785	3.659107076599475e-53
786	2.7821085614607887e-53
787	2.1149046666544723e-53
788	1.6074051303260317e-53
789	1.2214559224605448e-53
790	9.280004925452614e-54
791	7.049148082257788e-54
792	5.353565782091173e-54
793	4.0650678349404255e-54
794	3.086104705881261e-54
795	2.3424578428672866e-54
796	1.77767039103863e-54
797	1.348804739175949e-54
798	1.0232114169484268e-54
799	7.760687239802205e-55
800	5.885096054511856e-55
801	4.461958838494136e-55
802	3.382332143221071e-55
803	2.5634549794701156e-55
804	1.9424683163497208e-55
805	1.4716382222045038e-55
806	1.1147233514115054e-55
807	8.442131670073799e-56
808	6.392285808014578e-56
809	4.839264344811533e-56
810	3.662871331766638e-56
811	2.7719359628283593e-56
812	2.097316591313049e-56
813	1.586587827961188e-56
814	1.2000065771248734e-56
815	9.074497248788961e-57
816	6.860898821004066e-57
817	5.186316378279977e-57
818	3.9197340652927086e-57
819	2.96192365904375e-57
820	2.2377462274243714e-57
821	1.690314731361595e-57
822	1.2765685579622677e-57
823	9.639191067835434e-58
824	7.277076937586056e-58
825	5.492794231551721e-58
826	4.145240499013485e-58
827	3.1277081903952082e-58
828	2.359515677458009e-58
829	1.7796709234874874e-58
830	1.342075019202344e-58
831	1.0118920471463562e-58
832	7.628021820678729e-59
833	5.749235208836888e-59
834	4.332401361222307e-59
835	3.2641326457294106e-59
836	2.4588241710481633e-59
837	1.8518583257867395e-59
838	1.3944684848647543e-59
839	1.0498575105952115e-59
840	7.902650511999387e-60
841	5.947521259327881e-60
842	4.4752787384843263e-60
843	3.366860220132435e-60
844	2.532509254644265e-60
845	1.904574664953821e-60
846	1.432075848694888e-60
847	1.0766019013454173e-60
848	8.092177803739956e-61
849	6.081306479378632e-61
850	4.569299375377145e-61
851	3.4326034234685627e-61
852	2.5782141746939633e-61
853	1.9361354728340436e-61
854	1.4536971152090726e-61
855	1.0912734728837381e-61
856	8.19058265720266e-62
857	6.146354032017181e-62
858	4.611497401787185e-62
859	3.4592984444216146e-62
860	2.5945127392806866e-62
861	1.9455631917364164e-62
862	1.4586687466115322e-62
863	1.0934271725130587e-62
864	8.194924163416674e-63
865	6.140757570274773e-63
866	4.6006685541905703e-63
867	3.4462118033999294e-63
868	2.580982460106977e-63
869	1.932636835607471e-63
870	1.4468969723838105e-63
871	1.0830466451507834e-63
872	8.105484065208535e-64
873	6.0650311436203506e-64
874	4.537424803543956e-64
875	3.393971686643274e-64
876	2.5382208079439932e-64
877	1.8978987413846645e-64
878	1.4188587728999849e-64
879	1.0605419151135192e-64
880	7.925726509450444e-65
881	5.9220619311728556e-65
882	4.4241461588682025e-65
883	3.3045222991838745e-65
884	2.467803906264875e-65
885	1.842618332632988e-65
886	1.3755707995289217e-65
887	1.0267231826097573e-65
888	7.662080095251684e-66
889	5.71693093512301e-66
890	4.264834489128766e-66
891	3.1810056058083625e-66
892	2.372191486563076e-66
893	1.768716167747452e-66
894	1.3185289844673991e-66
895	9.827530204630461e-67
896	7.323560983776025e-67
897	5.4566169023809695e-67
898	4.0648816900691464e-67
899	3.027580346029351e-67
900	2.254585988126299e-67
901	1.678654526114861e-67
902	1.2496237785596346e-67
903	9.300808548155865e-68
904	6.921267500627058e-68
905	5.1496072377092435e-68
906	3.83077069473266e-68
907	2.849192682091552e-68
908	2.118756918111716e-68
909	1.5753031158569657e-68
910	1.1710376297449223e-68
911	8.703648127362763e-69
912	6.467785219338375e-69
913	4.805445754562767e-69
914	3.5697321316201354e-69
915	2.651315871377937e-69
916	1.968843712008801e-69
917	1.4617899657117004e-69
918	1.0851323371532787e-69
919	8.053867205851622e-70
920	5.976546272915392e-70
921	4.4342503019601375e-70
922	3.289381544396136e-70
923	2.4396777231554232e-70
924	1.8091512002526565e-70
925	1.3413480922694597e-70
926	9.943342220461496e-71
927	7.3696619909685e-71
928	5.461187352270746e-71
929	4.046233464177724e-71
930	2.997361926654312e-71
931	2.2199942719607036e-71
932	1.6439513873529593e-71
933	1.2171681205390368e-71
934	9.010246629040179e-72
935	6.668794438290698e-72
936	4.934947715112981e-72
937	3.651256844166653e-72
938	2.701014065736509e-72
939	1.9977262260323733e-72
940	1.4773037136545628e-72
941	1.0922657883648445e-72
942	8.074425371609674e-73
943	5.967874758628622e-73
944	4.4101421380915426e-73
945	3.258444387169436e-73
946	2.4070932109349493e-73
947	1.777871630606871e-73
948	1.3129035348035298e-73
949	9.69371370567057e-74
950	7.156036426597297e-74
951	5.2817751140304015e-74
952	3.897734983399556e-74
953	2.8758734624437908e-74
954	2.1215454114130716e-74
955	1.5648042284990613e-74
956	1.1539655314115606e-74
957	8.508457549021143e-75
958	6.272404194900164e-75
959	4.623197684733654e-75
960	3.407031468670828e-75
961	2.5103547940457593e-75
962	1.8493511096187495e-75
963	1.3621626583132624e-75
964	1.0031454933297549e-75
965	7.386254461490699e-76
966	5.437634503807221e-76
967	4.002406486858104e-76
968	2.945491905575686e-76
969	2.167304621814889e-76
970	1.5944378267211536e-76
971	1.1727913497913301e-76
972	8.625007402130584e-77
973	6.341964118482071e-77
974	4.662444663668483e-77
975	3.4271193572218395e-77
976	2.5186650921559356e-77
977	1.8507054043513978e-77
978	1.3596585682171283e-77
979	9.987301445541795e-78
980	7.334866263503455e-78
981	5.385946202040891e-78
982	3.9541907439995677e-78
983	2.902545487809207e-78
984	2.1302289959990446e-78
985	1.563145516613165e-78
986	1.1468283204190917e-78
987	8.412465831377674e-79
988	6.169843435956906e-79
989	4.5242950752703154e-79
990	3.317062615394979e-79
991	2.4315455424064836e-79
992	1.782120881131362e-79
993	1.305924118157277e-79
994	9.568079615800393e-80
995	7.00902635520367e-80
996	5.133537052750397e-80
997	3.7592553361177486e-80
998	2.752409732611858e-80
999	2.0148861014049096e-80
1000	1.4747353604822403e-80
1001	1.0792048348501873e-80
1002	7.896231760441569e-81
1003	5.776464736186435e-81
1004	4.225038014183068e-81
1005	3.089764571465365e-81
1006	2.2591571926437313e-81
1007	1.6515579746891067e-81
1008	1.2071674789395547e-81
1009	8.822010695621477e-82
1010	6.446054908688463e-82
1011	4.7091964419271263e-82
1012	3.4397431779182046e-82
1013	2.5120695017863064e-82
1014	1.834271946036221e-82
1015	1.3391285047068137e-82
1016	9.774786052854166e-83
1017	7.133764349095125e-83
1018	5.2054318818032554e-83
1019	3.7977056726626824e-83
1020	2.770208024186005e-83
1021	2.0203658698895137e-83
1022	1.4732425081553763e-83
1023	1.0741008324561849e-83
1024	7.829652284645217e-84
1025	5.706456674420691e-84
1026	4.158313381235463e-84
1027	3.0296646934891573e-84
1028	2.2069809794749134e-84
1029	1.6074197669682221e-84
1030	1.1705412545224547e-84
1031	8.52257565689509e-85
1032	6.204142179729827e-85
1033	4.5156406058664663e-85
1034	3.2861226085694637e-85
1035	2.3909744638030488e-85
1036	1.7393737336427558e-85
1037	1.2651373780258758e-85
1038	9.200454684529426e-86
1039	6.689716794350745e-86
1040	4.8633220185293965e-86
1041	3.5349655620216434e-86
1042	2.5690007297289902e-86
1043	1.8666812345707903e-86
1044	1.3561352434268156e-86
1045	9.850601809841951e-87
1046	7.154008615732989e-87
1047	5.194731442198382e-87
1048	3.771409590619048e-87
1049	2.7376080811570695e-87
1050	1.98685343741996e-87
1051	1.4417414585648867e-87
1052	1.0460102779234208e-87
1053	7.58772422847607e-88
1054	5.503185581516368e-88
1055	3.990651698960225e-88
1056	2.8933471740858347e-88
1057	2.0974148593305343e-88
1058	1.5201806966753842e-88
1059	1.1016234662900078e-88
1060	7.981752308555981e-89
1061	5.7821643100646044e-89
1062	4.1880295370858775e-89
1063	3.0328866474247273e-89
1064	2.1959870194667543e-89
1065	1.589756155435182e-89
1066	1.150690239041439e-89
1067	8.32747850933316e-90
1068	6.025537584097511e-90
1069	4.3591847581757355e-90
1070	3.1531306091672657e-90
1071	2.280372849903162e-90
1072	1.6489101426642662e-90
1073	1.1921073157338791e-90
1074	8.617096612463443e-91
1075	6.227788074241415e-91
1076	4.5002221427022464e-91
1077	3.251332244495991e-91
1078	2.34863771640787e-91
1079	1.696281790981026e-91
1080	1.2249187069400212e-91
1081	8.843900351945611e-92
1082	6.384218292495938e-92
1083	4.607856421843355e-92
1084	3.3251977545796764e-92
1085	2.399182897330771e-92
1086	1.7307589290119404e-92
1087	1.2483522773362795e-92
1088	9.002540739615418e-93
1089	6.491131398589299e-93
1090	4.6795391007866815e-93
1091	3.372975153537048e-93
1092	2.4308076369107146e-93
1093	1.7515213574502726e-93
1094	1.2618498610372644e-93
1095	9.089235147832337e-94
1096	6.545975997913753e-94
1097	4.7135584662419783e-94
1098	3.3935231379497536e-94
1099	2.4427564197648877e-94
1100	1.7580731855342437e-94
1101	1.265089293876563e-94
1102	9.101916771000812e-95
1103	6.547447035072994e-95
1104	4.7091073144629364e-95
1105	3.3863562599752316e-95
1106	2.434748875453329e-95
1107	1.750262453184327e-95
1108	1.2579971519921786e-95
1109	9.040316245208082e-96
1110	6.495537229415121e-96
1111	4.666314669728869e-96
1112	3.3516639155043385e-96
1113	2.4069906657226344e-96
1114	1.7282869582407516e-96
1115	1.2407514957819166e-96
1116	8.905970940944714e-97
1117	6.391536232048956e-97
1118	4.586239759471736e-97
1119	3.290302114423508e-97
1120	2.3601647667335324e-97
1121	1.6926859784978145e-97
1122	1.213774477293259e-97
1123	8.702161494509515e-98
1124	6.237977614609014e-98
1125	4.470828629572642e-98
1126	3.2037585274483e-98
1127	2.295403658787415e-98
1128	1.6443183695579254e-98
1129	1.1777152374347369e-98
1130	8.433779219314206e-99
1131	6.0385367184187775e-99
1132	4.322835869954546e-99
1133	3.0940927936199795e-99
1134	2.2142439978747624e-99
1135	1.5843282752026613e-99
1136	1.1334240563404338e-99
1137	8.107131847301047e-100
1138	5.797885090222601e-100
1139	4.1457158276705597e-100
1140	2.9638554184043716e-100
1141	2.1185662913954268e-100
1142	1.5141003534938607e-100
1143	1.081919187877239e-100
1144	7.72969832513879e-101
1145	5.52150951830051e-101
1146	3.943489279204465e-101
1147	2.8159897009815447e-101
1148	2.0105228692070103e-101
1149	1.4352069534563254e-101
1150	1.0243481758061117e-101
1151	7.309845908407561e-102
1152	5.215505407208182e-102
1153	3.720592709750691e-102
1154	2.6537219278964397e-102
1155	1.8924579807919408e-102
1156	1.349350039850868e-102
1157	9.619456913095619e-103
1158	6.856524402922271e-103
1159	4.8863552852597715e-103
1160	3.4817180345216224e-103
1161	2.4804455121583164e-103
1162	1.7668241291886025e-103
1163	1.258300837337934e-103
1164	8.959900367337746e-104
1165	6.37895301525547e-104
1166	4.5407035765328825e-104
1167	3.2316507658164776e-104
1168	2.2996048249665256e-104
1169	1.6360987631586257e-104
1170	1.1638401458248086e-104
1171	8.277604268693786e-105
1172	5.8863148943839225e-105
1173	4.1851383968040585e-105
1174	2.97511429142704e-105
1175	2.1145841741213154e-105
1176	1.5027052028928635e-105
1177	1.0677020767473952e-105
1178	7.584969961417635e-106
1179	5.387473150146989e-106
1180	3.8259901131882713e-106
1181	2.7166271353249757e-106
1182	1.9286067687506422e-106
1183	1.3689412026718253e-106
1184	9.715235997505623e-107
1185	6.893652064289976e-107
1186	4.89072006527043e-107
1187	3.4691548495455786e-107
1188	2.4603789031780895e-107
1189	1.744647636611696e-107
1190	1.2369179031157452e-107
1191	8.768018057266151e-108
1192	6.214259719757007e-108
1193	4.4035685700378014e-108
1194	3.1199491676072226e-108
1195	2.2101291792091547e-108
1196	1.5653634060905512e-108
1197	1.1085111534332824e-108
1198	7.848602275656357e-109
1199	5.556124058340058e-109
1200	3.9325920471222056e-109
1201	2.782999971011477e-109
1202	1.9691320562545809e-109
1203	1.3930407164616312e-109
1204	9.853263529225659e-110
1205	6.968249594389358e-110
1206	4.927136590238522e-110
1207	3.4833154132784944e-110
1208	2.462171434686478e-110
1209	1.7400873686172166e-110
1210	1.2295638636539197e-110
1211	8.686771328582968e-111
1212	6.136107232077057e-111
1213	4.33365900674203e-111
1214	3.0601574086084103e-111
1215	2.160528614349877e-111
1216	1.5251181701637906e-111
1217	1.0764012044360814e-111
1218	7.595774311040421e-112
1219	5.359164862825382e-112
1220	3.7805010267768665e-112
1221	2.666421308741002e-112
1222	1.880335477430325e-112
1223	1.3257726539121758e-112
1224	9.346088963906333e-113
1225	6.587458487977568e-113
1226	4.6422977120827395e-113
1227	3.2709596818017494e-113
1228	2.304329014481457e-113
1229	1.6230835233682012e-113
1230	1.1430476167109846e-113
1231	8.048497939120713e-114
1232	5.666206550358734e-114
1233	3.988384362921747e-114
1234	2.806910949678086e-114
1235	1.975091770859338e-114
1236	1.3895459971395353e-114
1237	9.774297793376875e-115
1238	6.87424781861089e-115
1239	4.8338344125397545e-115
1240	3.3984846138364544e-115
1241	2.3889430055224436e-115
1242	1.6790096733403653e-115
1243	1.1798519756909852e-115
1244	8.289507966442511e-116
1245	5.823135187578048e-116
1246	4.089892274271894e-116
1247	2.872061459706212e-116
1248	2.0165195630757077e-116
1249	1.4155916320798714e-116
1250	9.935743169799558e-117
1251	6.972516265930234e-117
1252	4.892214725304653e-117
1253	3.4320077981892844e-117
1254	2.407231114960827e-117
1255	1.68816177794231e-117
1256	1.1836875394188724e-117
1257	8.298255682028148e-118
1258	5.816520414697743e-118
1259	4.076302405089697e-118
1260	2.8562499663811914e-118
1261	2.001025822133029e-118
1262	1.4016378669610718e-118
1263	9.81624939788994e-119
1264	6.873563718841965e-119
1265	4.812214128127876e-119
1266	3.368484167938294e-119
1267	2.3574942767150313e-119
1268	1.649655797005295e-119
1269	1.1541508230303627e-119
1270	8.073434292446557e-120
1271	5.6465160805310126e-120
1272	3.9484742657144954e-120
1273	2.7606066251929144e-120
1274	1.9297728618512865e-120
1275	1.3487588306830744e-120
1276	9.425162099043637e-121
1277	6.5852119637277665e-121
1278	4.600203825548028e-121
1279	3.213000251076433e-121
1280	2.2437310341913834e-121
1281	1.5665965411863406e-121
1282	1.0936285689480592e-121
1283	7.63323841551365e-122
1284	5.326894389292987e-122
1285	3.7167693093827667e-122
1286	2.5928856739139537e-122
1287	1.8085368136871226e-122
1288	1.2612394413590465e-122
1289	8.79415102067317e-123
1290	6.13079030912446e-123
1291	4.273317416508943e-123
1292	2.9781047684606147e-123
1293	2.075108934340635e-123
1294	1.4456658368118545e-123
1295	1.0069803733345612e-123
1296	7.012940334474701e-124
1297	4.883208998252352e-124
1298	3.399667868721749e-124
1299	2.3664299816419523e-124
1300	1.6469362815545876e-124
1301	1.1460033423076744e-124
1302	7.972984137061365e-125
1303	5.546025009070405e-125
1304	3.857168702687751e-125
1305	2.6821391829210013e-125
1306	1.8647466346700307e-125
1307	1.296236292686115e-125
1308	9.008953054498063e-126
1309	6.260229450517945e-126
1310	4.349425913547569e-126
1311	3.021338334336029e-126
1312	2.0984203988689703e-126
1313	1.4571737219950908e-126
1314	1.0117095111702208e-126
1315	7.0230536049286145e-127
1316	4.874406671353846e-127
1317	3.3825415413962313e-127
1318	2.3468757567120413e-127
1319	1.6280307966266997e-127
1320	1.1291734745909647e-127
1321	7.830405097507876e-128
1322	5.429168004747402e-128
1323	3.763637577547351e-128
1324	2.608601572696502e-128
1325	1.8077281648318708e-128
1326	1.2525177531912683e-128
1327	8.676808751053921e-129
1328	6.009820555457966e-129
1329	4.1618680310964014e-129
1330	2.8816444946784195e-129
1331	1.9948845607804748e-129
1332	1.3807669515757829e-129
1333	9.555385662081473e-130
1334	6.611519047835051e-130
1335	4.5738240997637244e-130
1336	3.163609054749942e-130
1337	2.187818459140951e-130
1338	1.5127419481690647e-130
1339	1.0457875984352871e-130
1340	7.228483076831232e-131
1341	4.995464391255917e-131
1342	3.45167230700852e-131
1343	2.3845597780290044e-131
1344	1.6470690596831902e-131
1345	1.1374709558713628e-131
1346	7.854050855647343e-132
1347	5.4221554028508275e-132
1348	3.74261405270198e-132
1349	2.5828722830640658e-132
1350	1.7821965437870335e-132
1351	1.2295126806468783e-132
1352	8.480767352043976e-133
1353	5.848735501208528e-133
1354	4.032863105855565e-133
1355	2.7802869270760325e-133
1356	1.9164185481652217e-133
1357	1.3207350264857019e-133
1358	9.100506822557962e-134
1359	6.269602236473111e-134
1360	4.318559367232773e-134
1361	2.974145885073214e-134
1362	2.0479062855023644e-134
1363	1.4098804872375728e-134
1364	9.704628187207609e-135
1365	6.678821745511858e-135
1366	4.5956307321555496e-135
1367	3.161656534240144e-135
1368	2.1747458642830486e-135
1369	1.495638271747951e-135
1370	1.0284160050287021e-135
1371	7.070257881592334e-136
1372	4.859883095949611e-136
1373	3.3399541103007474e-136
1374	2.294981853026035e-136
1375	1.5766745574362638e-136
1376	1.0830010554262038e-136
1377	7.437717613424052e-137
1378	5.107100982127402e-137
1379	3.5061712739288366e-137
1380	2.406665320908316e-137
1381	1.6516656303374416e-137
1382	1.133319574929718e-137
1383	7.775108230896866e-138
1384	5.333155647792979e-138
1385	3.6575123746852087e-138
1386	2.5079048016019377e-138
1387	1.7193328233448173e-138
1388	1.1785078867128909e-138
1389	8.07660104350178e-139
1390	5.5341169623987114e-139
1391	3.791329835103015e-139
1392	2.5969183896645464e-139
1393	1.778478010500626e-139
1394	1.2177611895646146e-139
1395	8.336795621016888e-140
1396	5.706364950423275e-140
1397	3.9051998209561567e-140
1398	2.6720850178727956e-140
1399	1.828018315231455e-140
1400	1.2503570237482506e-140
1401	8.550878255768948e-141
1402	5.846696669286889e-141
1403	3.9969942373071205e-141
1404	2.731992893655326e-141
1405	1.8670186535999182e-141
1406	1.275677106119628e-141
1407	8.714768259251973e-142
1408	5.952424084662531e-142
1409	4.0649461085715604e-142
1410	2.775483102554659e-142
1411	1.8947207656175053e-142
1412	1.2932266251416465e-142
1413	8.825245963422258e-143
1414	6.021458818025745e-143
1415	4.107705571051794e-143
1416	2.801686519812331e-143
1417	1.9105674900524456e-143
1418	1.3026501640828707e-143
1419	8.880056879269305e-144
1420	6.052380073932707e-144
1421	4.1243840253413936e-144
1422	2.810052404708648e-144
1423	1.914221208156079e-144
1424	1.3037435437776335e-144
1425	8.877987352470131e-145
1426	6.0444826912730346e-145
1427	4.114584451277541e-145
1428	2.8003673766756373e-145
1429	1.9055756121155007e-145
1430	1.2964610394599437e-145
1431	8.81890820784708e-146
1432	5.997803074053118e-146
1433	4.078416458117523e-146
1434	2.772763871738363e-146
1435	1.8847602334757602e-146
1436	1.2809176212116898e-146
1437	8.703784232792114e-147
1438	5.913121701590334e-147
1439	4.0164952978553726e-147
1440	2.7277176316570823e-147
1441	1.85213748053303e-147
1442	1.2573860841107083e-147
1443	8.534648841819736e-148
1444	5.79194194430759e-148
1445	3.9299247743950515e-148
1446	2.6660342613783028e-148
1447	1.80829226449119e-148
1448	1.2262891602458655e-148
1449	8.314544807106343e-149
1450	5.636445962329907e-149
1451	3.8202646962042965e-149
1452	2.5888253759110523e-149
1453	1.7540146233644633e-149
1454	1.188186927606041e-149
1455	8.047433445917442e-150
1456	5.449429480213272e-150
1457	3.6894842044981133e-150
1458	2.49747531794809e-150
1459	1.6902760614954336e-150
1460	1.1437600377909291e-150
1461	7.738076039571033e-151
1462	5.234218154614619e-151
1463	3.539902924033752e-151
1464	2.3935998362859646e-151
1465	1.6182005935845878e-151
1466	1.0937894637850505e-151
1467	7.391892441757577e-152
1468	4.994569030411186e-152
1469	3.374122394667165e-152
1470	2.278998449499376e-152
1471	1.5390317002182727e-152
1472	1.0391336107662757e-152
1473	7.0148027514866e-153
1474	4.7345611721232316e-153
1475	3.1949506211453546e-153
1476	2.1556024613519963e-153
1477	1.4540965553645909e-153
1478	9.807037295715043e-154
1479	6.61305852963906e-154
1480	4.458479930971226e-154
1481	3.005322806983098e-154
1482	2.0254207320616666e-154
1483	1.3647689677527178e-154
1484	9.194386194832135e-155
1485	6.1930703007675665e-155
1486	4.1706994473304864e-155
1487	2.80822140632218e-155
1488	1.890485337569586e-155
1489	1.2724324846879663e-155
1490	8.562796030689077e-156
1491	5.76123799777939e-156
1492	3.8755678924626325e-156
1493	2.6065985362661597e-156
1494	1.752799169123145e-156
1495	1.178445040656678e-156
1496	7.921467027891435e-157
1497	5.32379059292692e-157
1498	3.5772996357630474e-157
1499	2.4033035521471515e-157
1500	1.6142873462238126e-157
1501	1.0841064005091272e-157
1502	7.27916851854896e-158
1503	4.886640450375246e-158
1504	3.279878011185658e-158
1505	2.201018219171846e-158
1506	1.4767540516124385e-158
1507	9.906294584081573e-159
1508	6.644048378035638e-159
1509	4.455256986763053e-159
1510	2.9869716868980364e-159
1511	2.0022014427795296e-159
1512	1.341846066446337e-159
1513	8.991162224672512e-160
1514	6.023475158485377e-160
1515	4.034563102242083e-160
1516	2.7018668613621392e-160
1517	1.809044978706535e-160
1518	1.2110239092988883e-160
1519	8.10539056398746e-161
1520	5.423916508352031e-161
1521	3.628856618459458e-161
1522	2.427416667159487e-161
1523	1.6234409666594562e-161
1524	1.0855410877006652e-161
1525	7.257274796994341e-162
1526	4.8508556262326805e-162
1527	3.241757706933742e-162
1528	2.166008312005376e-162
1529	1.4469615532628308e-162
1530	9.664315790637083e-163
1531	6.453605627410012e-163
1532	4.308745705801061e-163
1533	2.8761820829816653e-163
1534	1.919547672692807e-163
1535	1.2808503228587656e-163
1536	8.545052905975936e-164
1537	5.6996470703320965e-164
1538	3.8010006822507434e-164
1539	2.5343386407543596e-164
1540	1.6894603246144676e-164
1541	1.126024766862864e-164
1542	7.503509237511786e-165
1543	4.999163860727567e-165
1544	3.330019169034269e-165
1545	2.217749266264319e-165
1546	1.476707371057281e-165
1547	9.830886158483896e-166
1548	6.543454021278606e-166
1549	4.354492478213723e-166
1550	2.8972373362800435e-166
1551	1.927287825521767e-166
1552	1.2818139568372499e-166
1553	8.523525486128733e-167
1554	5.666688223071475e-167
1555	3.7666485193769724e-167
1556	2.5032056658002118e-167
1557	1.6632348063921931e-167
1558	1.1049080234284547e-167
1559	7.3386158707659e-168
1560	4.8732375910753055e-168
1561	3.2354623595023156e-168
1562	2.147684035526842e-168
1563	1.4253438021518045e-168
1564	9.457666903258711e-169
1565	6.274273856985961e-169
1566	4.1615770026090023e-169
1567	2.7597347388791376e-169
1568	1.829749430156521e-169
1569	1.2129159539052953e-169
1570	8.038676229375027e-170
1571	5.3266362336289e-170
1572	3.528873955999396e-170
1573	2.3374040487135962e-170
1574	1.5479107172053897e-170
1575	1.0248785973639982e-170
1576	6.784428554762979e-171
1577	4.490227931029481e-171
1578	2.97123974467463e-171
1579	1.9657176187167522e-171
1580	1.3002253259042536e-171
1581	8.598646564494457e-172
1582	5.685327564132356e-172
1583	3.758328452313561e-172
1584	2.483978013055357e-172
1585	1.641400146466947e-172
1586	1.0844132670422925e-172
1587	7.162897545595474e-173
1588	4.730381281660651e-173
1589	3.12332354455411e-173
1590	2.0618219083711286e-173
1591	1.3608134718735536e-173
1592	8.979646759237923e-174
1593	5.924245335250114e-174
1594	3.9076879399694133e-174
1595	2.57703132348849e-174
1596	1.6991527792012368e-174
1597	1.120103099964601e-174
1598	7.382378878584526e-175
1599	4.864602394558778e-175
1600	3.204874159346586e-175
1601	2.1109947443045798e-175
1602	1.3901952042325605e-175
1603	9.15328126861428e-176
1604	6.025459089594523e-176
1605	3.9656621552681524e-176
1606	2.6094768226135015e-176
1607	1.7167349891741856e-176
1608	1.1291849490403172e-176
1609	7.425724510175161e-177
1610	4.882299738734436e-177
1611	3.2093850071349542e-177
1612	2.10926379503185e-177
1613	1.3859628731219266e-177
1614	9.10508147981568e-178
1615	5.980362910569317e-178
1616	3.927196447416472e-178
1617	2.5783924331035894e-178
1618	1.6924920415267406e-178
1619	1.1107476377324143e-178
1620	7.288115174925542e-179
1621	4.781080343041699e-179
1622	3.1357957090701285e-179
1623	2.0562707865117362e-179
1624	1.3481046068684382e-179
1625	8.836444253888358e-180
1626	5.790846744308041e-180
1627	3.794172737638021e-180
1628	2.485435762516682e-180
1629	1.627789791488074e-180
1630	1.0658702702657193e-180
1631	6.977832576170451e-181
1632	4.5671662992885983e-181
1633	2.988705388606407e-181
1634	1.955371606562137e-181
1635	1.279043559486329e-181
1636	8.364714333466954e-182
1637	5.469234637696571e-182
1638	3.57529248050556e-182
1639	2.336716838205864e-182
1640	1.5268979344006787e-182
1641	9.975237579481258e-183
1642	6.515469605139196e-183
1643	4.254782322891578e-183
1644	2.777909099910282e-183
1645	1.8132917621032987e-183
1646	1.1833854711386308e-183
1647	7.721355991398864e-184
1648	5.036973075017065e-184
1649	3.2851431956449676e-184
1650	2.1421383350478303e-184
1651	1.3965264513460086e-184
1652	9.102468265967644e-185
1653	5.931676343924321e-185
1654	3.864594165758202e-185
1655	2.517320001087973e-185
1656	1.6393849854514923e-185
1657	1.0674102852741644e-185
1658	6.9484770150327804e-186
1659	4.522260623790407e-186
1660	2.9425860967731226e-186
1661	1.9143013516070654e-186
1662	1.2450846445907376e-186
1663	8.096452999484694e-187
1664	5.263783021245375e-187
1665	3.4214352299045087e-187
1666	2.2234416533629566e-187
1667	1.444608374088521e-187
1668	9.38385742170632e-188
1669	6.094238687970329e-188
1670	3.956983242198755e-188
1671	2.568712851279568e-188
1672	1.6671451235835422e-188
1673	1.081776788723224e-188
1674	7.017916858638211e-189
1675	4.5518190589264015e-189
1676	2.951670500338632e-189
1677	1.9136247360341157e-189
1678	1.240370977374598e-189
1679	8.038078365967438e-190
1680	5.207851569266877e-190
1681	3.373421297430964e-190
1682	2.1846812971957135e-190
1683	1.41452628864833e-190
1684	9.156706198261321e-191
1685	5.926151638718865e-191
1686	3.8345231464624294e-191
1687	2.4805900053598508e-191
1688	1.60436631977768e-191
1689	1.0374254607307374e-191
1690	6.706794284067873e-192
1691	4.334886027129199e-192
1692	2.801205003672738e-192
1693	1.809741361425204e-192
1694	1.168940582504326e-192
1695	7.548706885457405e-193
1696	4.87367747062739e-193
1697	3.14590063319563e-193
1698	2.0301919633203834e-193
1699	1.3098844607018905e-193
1700	8.449530007366398e-194
1701	5.4492368621661113e-194
1702	3.513518811981512e-194
1703	2.264916720313616e-194
1704	1.4597061667094286e-194
1705	9.405497887228289e-195
1706	6.0590030660998314e-195
1707	3.902325398856586e-195
1708	2.5127460934845677e-195
1709	1.6176197502471642e-195
1710	1.0411345865696034e-195
1711	6.699459966729648e-196
1712	4.309978436737806e-196
1713	2.7721240873290316e-196
1714	1.7825938041811568e-196
1715	1.1460251921558243e-196
1716	7.366104403048408e-197
1717	4.733511069034969e-197
1718	3.0410995215547565e-197
1719	1.9533472909196565e-197
1720	1.254381899386447e-197
1721	8.053440623532074e-198
1722	5.1693316691600336e-198
1723	3.3173284560939846e-198
1724	2.1283525834563138e-198
1725	1.3652103896957253e-198
1726	8.755004782848785e-199
1727	5.613243309735116e-199
1728	3.5980890467976085e-199
1729	2.3058464839822795e-199
1730	1.4773697354436666e-199
1731	9.463422144908819e-200
1732	6.060484125863882e-200
1733	3.8803097288110775e-200
1734	2.4838497308890086e-200
1735	1.589585801297231e-200
1736	1.0170498560195947e-200
1737	6.505789406832319e-201
1738	4.160611153116401e-201
1739	2.6601951969823874e-201
1740	1.7004701289910734e-201
1741	1.0867346480622861e-201
1742	6.94347540437888e-202
1743	4.4353617540765785e-202
1744	2.832564628085192e-202
1745	1.808544162977546e-202
1746	1.1544544309751735e-202
1747	7.367543905288503e-203
1748	4.7007462235759824e-203
1749	2.9985333862802305e-203
1750	1.912268428947802e-203
1751	1.2192326323236882e-203
1752	7.77180562309946e-204
1753	4.952845537803419e-204
1754	3.155622263740693e-204
1755	2.0100760257295775e-204
1756	1.2800798809994025e-204
1757	8.150019467729442e-205
1758	5.1877265580137295e-205
1759	3.301355042162743e-205
1760	2.1004095470127066e-205
1761	1.33601765648055e-205
1762	8.496043807859241e-206
1763	5.401538641891765e-206
1764	3.433320111667575e-206
1765	2.1817603269763826e-206
1766	1.3861032498230933e-206
1767	8.80399500617666e-207
1768	5.590614193555652e-207
1769	3.549234154458978e-207
1770	2.2527087175079964e-207
1771	1.429455200956567e-207
1772	9.068407838189342e-208
1773	5.751569682729257e-208
1774	3.6470056641695483e-208
1775	2.311963967700218e-208
1776	1.4652782975636715e-208
1777	9.284391951840816e-209
1778	5.88140340810938e-209
1779	3.724795930574878e-209
1780	2.3584022001552416e-209
1781	1.4928871811685853e-209
1782	9.447778329256108e-210
1783	5.977586191331963e-210
1784	3.7810750859190517e-210
1785	2.3911009719446537e-210
1786	1.5117276110685674e-210
1787	9.555249802382208e-211
1788	6.038141282454529e-211
1789	3.814670892534503e-211
1790	2.409368975802972e-211
1791	1.5213944890100143e-211
1792	9.604450064222218e-212
1793	6.061710041760572e-212
1794	3.824808154291488e-212
1795	2.412769579979987e-212
1796	1.521645846918474e-212
1797	9.594066302327428e-213
1798	6.047600430703176e-213
1799	3.811136951913247e-213
1800	2.4011371192129093e-213
1801	1.5124121434687666e-213
1802	9.523881538170052e-214
1803	5.995815980206323e-214
1804	3.77374832231731e-214
1805	2.3745851259972837e-214
1806	1.493800396898045e-214
1807	9.394793944081208e-215
1808	5.907063679269587e-215
1809	3.7131765058514785e-215
1810	2.3335060179166285e-215
1811	1.466092892639103e-215
1812	9.208801771376307e-216
1813	5.7827401030108984e-216
1814	3.6303874476178936e-216
1815	2.278562116833116e-216
1816	1.4297404343361646e-216
1817	8.968953989068097e-217
1818	5.624896031368267e-217
1819	3.5267538304703846e-217
1820	2.2106682501328315e-217
1821	1.3853503433073223e-217
1822	8.679268223203354e-218
1823	5.436180747124613e-218
1824	3.404017505487126e-218
1825	2.1309665524674862e-218
1826	1.3336696415086923e-218
1827	8.344619019867997e-219
1828	5.219768092572661e-219
1829	3.2642407378866857e-219
1830	2.0407944278487283e-219
1831	1.2755640635872258e-219
1832	7.970600749391029e-220
1833	4.979267157691866e-220
1834	3.1097481712550626e-220
1835	1.9416469272407517e-220
1836	1.211993722767895e-220
1837	7.563370551995898e-221
1838	4.718621124181005e-221
1839	2.943061803107321e-221
1840	1.835135029227886e-221
1841	1.1439863929787672e-221
1842	7.12947753501267e-222
1843	4.4419982625576065e-222
1844	2.766831538447053e-222
1845	1.722941468022495e-222
1846	1.0726094582040926e-222
1847	6.675684924703689e-223
1848	4.153679348270638e-223
1849	2.5837640305524897e-223
1850	1.6067758258427773e-223
1851	9.989416150402557e-224
1852	6.208792027289184e-224
1853	3.857945814650767e-224
1854	2.396552523378327e-224
1855	1.4883305926005494e-224
1856	9.240453946632895e-225
1857	5.735462660963409e-225
1858	3.558972796397942e-225
1859	2.207810279957211e-225
1860	1.3692397973959302e-225
1861	8.489414981429513e-226
1862	5.262066201966416e-226
1863	3.26073085139874e-226
1864	2.0200099266406365e-226
1865	1.2510416412295296e-226
1866	7.745858197357873e-227
1867	4.794536581417212e-227
1868	2.9668996074825506e-227
1869	1.835430682013117e-227
1870	1.1351463208510997e-227
1871	7.018498746980225e-228
1872	4.338253530693009e-228
1873	2.680795900768293e-228
1874	1.6561149959993658e-228
1875	1.0228099456517099e-228
1876	6.315051616649947e-229
1877	3.897949169304108e-229
1878	2.4053181974848315e-229
1879	1.4838356274663096e-229
1880	9.151151312749657e-230
1881	5.642117864938209e-230
1882	3.4776417356887787e-230
1883	2.1429082695382307e-230
1884	1.320073668001272e-230
1885	8.129585245128499e-231
1886	5.005114669116066e-231
1887	3.0805969553812175e-231
1888	1.8955302742442648e-231
1889	1.166007506057215e-231
1890	7.170451931735201e-232
1891	4.408248372537181e-232
1892	2.7093162966306448e-232
1893	1.6646666164647342e-232
1894	1.02251224763471e-232
1895	6.278895194195636e-233
1896	3.85452790754255e-233
1897	2.3655502465364447e-233
1898	1.4513292870154277e-233
1899	8.901686915592855e-234
1900	5.458219803909029e-234
1901	3.345814421976171e-234
1902	2.0503338047639379e-234
1903	1.2560848067145734e-234
1904	7.692806182547672e-235
1905	4.7100099698884694e-235
1906	2.8829017285522423e-235
1907	1.764040675344226e-235
1908	1.0790904830228262e-235
1909	6.598989034153608e-236
1910	4.03428887695125e-236
1911	2.4656213651351756e-236
1912	1.5064521618273545e-236
1913	9.201394175159019e-237
1914	5.618508181151266e-237
1915	3.4297088214305324e-237
1916	2.0929656135805023e-237
1917	1.2768365420110738e-237
1918	7.787115884698528e-238
1919	4.747728240391088e-238
1920	2.893761276587828e-238
1921	1.76322176263266e-238
1922	1.0740347047628432e-238
1923	6.540283648791026e-239
1924	3.981452100193397e-239
1925	2.422996562582045e-239
1926	1.4741111815357511e-239
1927	8.965480484631735e-240
1928	5.451079692644645e-240
1929	3.3132703228040395e-240
1930	2.013243617485534e-240
1931	1.2229273425805535e-240
1932	7.426250331225159e-241
1933	4.508196733261891e-241
1934	2.7359000039360862e-241
1935	1.6598215659240752e-241
1936	1.0066677273950496e-241
1937	6.10343303841307e-242
1938	3.6993485549541618e-242
1939	2.2415017630022475e-242
1940	1.3577362476693832e-242
1941	8.221555012959874e-243
1942	4.976849161073412e-243
1943	3.0117344360027827e-243
1944	1.8219660647172482e-243
1945	1.1018564837276243e-243
1946	6.661478694330874e-244
1947	4.026028476828256e-244
1948	2.432446805839942e-244
1949	1.4691626948558272e-244
1950	8.87066511234679e-245
1951	5.35429068970738e-245
1952	3.2307763496678966e-245
1953	1.9488156024290875e-245
1954	1.1751497687467423e-245
1955	7.083926118472276e-246
1956	4.26886942733199e-246
1957	2.57163586926181e-246
1958	1.5486866095639296e-246
1959	9.323410054336842e-247
1960	5.6110340990398576e-247
1961	3.375729326798505e-247
1962	2.0302457772234667e-247
1963	1.2206344093972953e-247
1964	7.336320501187119e-248
1965	4.40784565536173e-248
1966	2.6474609062122403e-248
1967	1.58959879256517e-248
1968	9.541133667178956e-249
1969	5.724883038325889e-249
1970	3.4338959520448494e-249
1971	2.0590230690857067e-249
1972	1.2342085497470502e-249
1973	7.395522030396259e-250
1974	4.42997987718172e-250
1975	2.6526930017412792e-250
1976	1.587903968538415e-250
1977	9.501959257068954e-251
1978	5.683992059180889e-251
1979	3.398950266382409e-251
1980	2.031827737789381e-251
1981	1.2141696255092694e-251
1982	7.2530709049089e-252
1983	4.3312598120369544e-252
1984	2.585568062423443e-252
1985	1.5429320853054851e-252
1986	9.204207737892796e-253
1987	5.488762606762032e-253
1988	3.271979567287693e-253
1989	1.949819828188895e-253
1990	1.1615176382722981e-253
1991	6.916784168222601e-254
1992	4.11745998249512e-254
1993	2.4501967281292618e-254
1994	1.4575336373230584e-254
1995	8.667262175275287e-255
1996	5.152175531030306e-255
1997	3.0615713743513643e-255
1998	1.8186234923849926e-255
1999	1.0799049288510987e-255
2000	6.410209363218487e-256
2001	3.803667219229386e-256
2002	2.2561920500673365e-256
2003	1.3378040539786477e-256
2004	7.929603682099436e-257
2005	4.6984285299568495e-257
2006	2.782887000207776e-257
2007	1.6477068871132074e-257
2008	9.752263151856318e-258
2009	5.769943573902085e-258
2010	3.4125423406965947e-258
2011	2.0175508312719096e-258
2012	1.1923685186430899e-258
2013	7.04426553344748e-259
2014	4.1600615643587107e-259
2015	2.455852267899892e-259
2016	1.449248223207228e-259
2017	8.549111628655419e-260
2018	5.0412296859323294e-260
2019	2.971589937621542e-260
2020	1.7509662663794872e-260
2021	1.0313422094625527e-260
2022	6.072444074246508e-261
2023	3.5740413796188092e-261
2024	2.1027640879423055e-261
2025	1.2366763273167937e-261
2026	7.270355747674785e-262
2027	4.272568059129343e-262
2028	2.5098954012171194e-262
2029	1.4738563357708383e-262
2030	8.65141544726548e-263
2031	5.076346449607505e-263
2032	2.977467270702822e-263
2033	1.745717543337147e-263
2034	1.0231322498166065e-263
2035	5.994044563840144e-264
2036	3.5102506773205988e-264
2037	2.0548770441097475e-264
2038	1.2024379223357296e-264
2039	7.033446246686587e-265
2040	4.1124623175311713e-265
2041	2.4036072497195935e-265
2042	1.404275942524707e-265
2043	8.201028905613519e-266
2044	4.787521343190802e-266
2045	2.793696039152289e-266
2046	1.629570604865505e-266
2047	9.501504164494581e-267
2048	5.537786941252631e-267
2049	3.2262971662862367e-267
2050	1.8788680328539674e-267
2051	1.093733502295642e-267
2052	6.36428497868158e-268
2053	3.7017758811627085e-268
2054	2.1522492144440126e-268
2055	1.250824726869404e-268
2056	7.266434266739129e-269
2057	4.219556017289502e-269
2058	2.449244848498995e-269
2059	1.4210756848106968e-269
2060	8.2417851678742e-270
2061	4.777975978609861e-270
2062	2.7687563314835587e-270
2063	1.6037738328753852e-270
2064	9.285785091211718e-271
2065	5.374162018657709e-271
2066	3.1089877116582294e-271
2067	1.7978062133503692e-271
2068	1.0391586698919636e-271
2069	6.00392782749125e-272
2070	3.467393731292468e-272
2071	2.001632953238212e-272
2072	1.1549915175514346e-272
2073	6.66170961839445e-273
2074	3.840649104751075e-273
2075	2.213273410922143e-273
2076	1.2749010513375287e-273
2077	7.340545537640623e-274
2078	4.2246438891371226e-274
2079	2.430307629790748e-274
2080	1.397465929501423e-274
2081	8.032107232293659e-275
2082	4.614509156877239e-275
2083	2.6498953422333616e-275
2084	1.521032781794614e-275
2085	8.72678976302099e-276
2086	5.004676159507273e-276
2087	2.8688141415704334e-276
2088	1.643740459849026e-276
2089	9.413863746250186e-277
2090	5.38897078882152e-277
2091	3.083517613521799e-277
2092	1.763555538459486e-277
2093	1.0081690710141636e-277
2094	5.760743435678397e-278
2095	3.290213219795043e-278
2096	1.8783187982350947e-278
2097	1.0717999266172705e-278
2098	6.1130323904560105e-279
2099	3.484958599520174e-279
2100	1.9858017735591267e-279
2101	1.1310216003296081e-279
2102	6.438756825957873e-280
2103	3.6637737618461203e-280
2104	2.083771776516962e-280
2105	1.1845841225868112e-280
2106	6.730933284073324e-281
2107	3.8227654617322514e-281
2108	2.17006315216866e-281
2109	1.2312856039814643e-281
2110	6.982907601956944e-282
2111	3.958258967211864e-282
2112	2.2426519327397578e-282
2113	1.2700144125480895e-282
2114	7.188592521487888e-283
2115	4.066931530153884e-283
2116	2.299730588404703e-283
2117	1.2997909101671418e-283
2118	7.342699983382011e-284
2119	4.145941249840587e-284
2120	2.3397792674860933e-284
2121	1.3198066939846432e-284
2122	7.440956452881456e-285
2123	4.193044743505434e-285
2124	2.3616298182936686e-285
2125	1.3294592635759134e-285
2126	7.480289663643275e-286
2127	4.206697164407693e-286
2128	2.3645190154187617e-286
2129	1.3283801418639988e-286
2130	7.458975961363097e-287
2131	4.186128662986704e-287
2132	2.3481277859205132e-287
2133	1.3164547211179798e-287
2134	7.37673898436818e-288
2135	4.131392364933334e-288
2136	2.312603837748395e-288
2137	1.2938324776043874e-288
2138	7.234792679404177e-289
2139	4.0433803016185483e-289
2140	2.258565906491131e-289
2141	1.2609266814563146e-289
2142	7.035824499592292e-290
2143	3.923805398769375e-290
2144	2.1870888107285543e-290
2145	1.2184032935211373e-290
2146	6.783917894417004e-291
2147	3.7751495039544435e-291
2148	2.0996695783256106e-291
2149	1.167159351225127e-291
2150	6.484416659939603e-292
2151	3.6005793843709448e-292
2152	1.9981760015844214e-292
2153	1.108291757895462e-292
2154	6.143737124491301e-293
2155	3.40383451271205e-293
2156	1.8847800181971256e-293
2157	1.0430579592709246e-293
2158	5.7691372466805185e-294
2159	3.189092138441336e-294
2160	1.7618792184985114e-294
2161	9.728304735227351e-295
2162	5.3684542594628465e-295
2163	2.9608164843366948e-295
2164	1.6320104770955845e-295
2165	8.990475991565837e-296
2166	4.949824304914247e-296
2167	2.7235998074251667e-296
2168	1.4977601431466813e-296
2169	8.231628301471586e-297
2170	4.521398424568641e-297
2171	2.482003447659325e-297
2172	1.3616753636363367e-297
2173	7.465955433113941e-298
2174	4.091069227419678e-298
2175	2.240406827055413e-298
2176	1.226180947404528e-298
2177	6.706853869032855e-299
2178	3.666221558891464e-299
2179	2.0028716719332374e-299
2180	1.0935057195212903e-299
2181	5.9665250373395824e-300
2182	3.25351862643508e-300
2183	1.773027571023778e-300
2184	9.656216051974103e-301
2185	5.255652920525787e-301
2186	2.858732459797796e-301
2187	1.5539834508623356e-301
2188	8.441977797649073e-302
2189	4.583168791276845e-302
2190	2.4866245122381734e-302
2191	1.3482677746378337e-302
2192	7.305712011766399e-303
2193	3.956108994994792e-303
2194	2.1408788947364865e-303
2195	1.1577983960636225e-303
2196	6.2573378640699505e-304
2197	3.379565789669332e-304
2198	1.8240874419606162e-304
2199	9.838811734003149e-305
2200	5.303354852488889e-305
2201	2.8567257202372797e-305
2202	1.5377827866985006e-305
2203	8.272348073326373e-306
2204	4.447016185984722e-306
2205	2.3889852470721166e-306
2206	1.282513082853048e-306
2207	6.8803802363631635e-307
2208	3.688621431401222e-307
2209	1.976129677771293e-307
2210	1.0579501259030102e-307
2211	5.65994258580053e-308
2212	3.0259002084863874e-308
2213	1.616559065316949e-308
2214	8.630214676447235e-309
2215	4.604084646313536e-309
2216	2.454456283972434e-309
2217	1.30754370651539e-309
2218	6.96056732189356e-310
2219	3.7027053945003e-310
2220	1.9682413476122e-310
2221	1.0454921520808e-310
2222	5.549386681201e-311
2223	2.9434015859787e-311
2224	1.5600298136147e-311
2225	8.262160656996e-312
2226	4.37250415315e-312
2227	2.312283975734e-312
2228	1.22186978287e-312
2229	6.45178602546e-313
2230	3.40411879444e-313
2231	1.7947237585e-313
2232	9.4549032075e-314
2233	4.977159247e-314
2234	2.617998233e-314
2235	1.3760014755e-314
2236	7.226509004e-315
2237	3.792247203e-315
2238	1.98848127e-315
2239	1.04184103e-315
2240	5.45424694e-316
2241	2.8531185e-316
2242	1.49126477e-316
2243	7.788214e-317
2244	4.0641287e-317
2245	2.119052e-317
2246	1.103974e-317
2247	5.746675e-318
2248	2.98892e-318
2249	1.55328e-318
2250	8.0653e-319
2251	4.1843e-319
2252	2.169e-319
2253	1.12336e-319
2254	5.813e-320
2255	3.0054e-320
2256	1.553e-320
2257	8.014e-321
2258	4.13e-321
2259	2.13e-321
2260	1.097e-321
2261	5.63e-322
2262	2.9e-322
2263	1.5e-322
2264	7.4e-323
2265	4e-323
2266	2e-323
2267	1e-323
2268	5e-324
2269	5e-324
2270	0.0
2271	0.0
2272	0.0
2273	0.0
2274	0.0
2275	0.0
2276	0.0
2277	0.0
2278	0.0
2279	0.0
2280	0.0
2281	0.0
2282	0.0
2283	0.0
2284	0.0
2285	0.0
2286	0.0
2287	0.0
2288	0.0
2289	0.0
2290	0.0
2291	0.0
2292	0.0
2293	0.0
2294	0.0
2295	0.0
2296	0.0
2297	0.0
2298	0.0
2299	0.0
2300	0.0
2301	0.0
2302	0.0
2303	0.0
2304	0.0
2305	0.0
2306	0.0
2307	0.0
2308	0.0
2309	0.0
2310	0.0
2311	0.0
2312	0.0
2313	0.0
2314	0.0
2315	0.0
2316	0.0
2317	0.0
2318	0.0
2319	0.0
2320	0.0
2321	0.0
2322	0.0
2323	0.0
2324	0.0
2325	0.0
2326	0.0
2327	0.0
2328	0.0
2329	0.0
2330	0.0
2331	0.0
2332	0.0
2333	0.0
2334	0.0
2335	0.0
2336	0.0
2337	0.0
2338	0.0
2339	0.0
2340	0.0
2341	0.0
2342	0.0
2343	0.0
2344	0.0
2345	0.0
2346	0.0
2347	0.0
2348	0.0
2349	0.0
2350	0.0
2351	0.0
2352	0.0
2353	0.0
2354	0.0
2355	0.0
2356	0.0
2357	0.0
2358	0.0
2359	0.0
2360	0.0
2361	0.0
2362	0.0
2363	0.0
2364	0.0
2365	0.0
2366	0.0
2367	0.0
2368	0.0
2369	0.0
2370	0.0
2371	0.0
2372	0.0
2373	0.0
2374	0.0
2375	0.0
2376	0.0
2377	0.0
2378	0.0
2379	0.0
2380	0.0
2381	0.0
2382	0.0
2383	0.0
2384	0.0
2385	0.0
2386	0.0
2387	0.0
2388	0.0
2389	0.0
2390	0.0
2391	0.0
2392	0.0
2393	0.0
2394	0.0
2395	0.0
2396	0.0
2397	0.0
2398	0.0
2399	0.0
2400	0.0
2401	0.0
2402	0.0
2403	0.0
2404	0.0
2405	0.0
2406	0.0
2407	0.0
2408	0.0
2409	0.0
2410	0.0
2411	0.0
2412	0.0
2413	0.0
2414	0.0
2415	0.0
2416	0.0
2417	0.0
2418	0.0
2419	0.0
2420	0.0
2421	0.0
2422	0.0
2423	0.0
2424	0.0
2425	0.0
2426	0.0
2427	0.0
2428	0.0
2429	0.0
2430	0.0
2431	0.0
2432	0.0
2433	0.0
2434	0.0
2435	0.0
2436	0.0
2437	0.0
2438	0.0
2439	0.0
2440	0.0
2441	0.0
2442	0.0
2443	0.0
2444	0.0
2445	0.0
2446	0.0
2447	0.0
2448	0.0
2449	0.0
2450	0.0
2451	0.0
2452	0.0
2453	0.0
2454	0.0
2455	0.0
2456	0.0
2457	0.0
2458	0.0
2459	0.0
2460	0.0
2461	0.0
2462	0.0
2463	0.0
2464	0.0
2465	0.0
2466	0.0
2467	0.0
2468	0.0
2469	0.0
2470	0.0
2471	0.0
2472	0.0
2473	0.0
2474	0.0
2475	0.0
2476	0.0
2477	0.0
2478	0.0
2479	0.0
2480	0.0
2481	0.0
2482	0.0
2483	0.0
2484	0.0
2485	0.0
2486	0.0
2487	0.0
2488	0.0
2489	0.0
2490	0.0
2491	0.0
2492	0.0
2493	0.0
2494	0.0
2495	0.0
2496	0.0
2497	0.0
2498	0.0
2499	0.0
2500	0.0
