k	pvalue
0	1.0000000004532834
1	1.0000000004532834
2	1.0000000004532834
3	1.0000000004532834
4	1.0000000004532832
5	1.000000000453283
6	1.0000000004532819
7	1.0000000004532785
8	1.0000000004532685
9	1.0000000004532412
10	1.0000000004531702
11	1.0000000004529976
12	1.0000000004525977
13	1.0000000004517127
14	1.0000000004498293
15	1.000000000445963
16	1.0000000004382812
17	1.0000000004234648
18	1.0000000003956575
19	1.0000000003447669
20	1.0000000002537783
21	1.0000000000945901
22	0.9999999998216668
23	0.9999999993625348
24	0.9999999986037759
25	0.9999999973706921
26	0.9999999953982082
27	0.9999999922897965
28	0.9999999874602454
29	0.9999999800568956
30	0.9999999688525233
31	0.9999999521013104
32	0.9999999273472785
33	0.9999998911721599
34	0.9999998388668931
35	0.9999997640077608
36	0.999999657914618
37	0.9999995089647011
38	0.9999993017311715
39	0.9999990159108759
40	0.9999986250008523
41	0.9999980946779385
42	0.9999973808305684
43	0.9999964271865637
44	0.9999951624756119
45	0.9999934970603133
46	0.99999131896538
47	0.9999884892309773
48	0.9999848365135389
49	0.9999801508558923
50	0.9999741765484408
51	0.9999666040047012
52	0.9999570605779277
53	0.9999451002510733
54	0.9999301921401478
55	0.9999117077612932
56	0.9998889070247281
57	0.9998609229341938
58	0.9998267449886877
59	0.9997852013040461
60	0.999734939495242
61	0.9996744063858977
62	0.9996018266392435
63	0.9995151804342324
64	0.9994121803413625
65	0.999290247584482
66	0.9991464879069256
67	0.9989776672921549
68	0.9987801878200256
69	0.9985500639691824
70	0.9982828997032112
71	0.9979738667023419
72	0.9976176841229965
73	0.9972086002836396
74	0.9967403766865917
75	0.9962062747911125
76	0.9955990459526698
77	0.9949109249364505
78	0.9941336273995341
79	0.9932583517155439
80	0.9922757854879192
81	0.9911761170632934
82	0.9899490523149761
83	0.9885838369185658
84	0.9870692842877105
85	0.9853938092785688
86	0.9835454677073238
87	0.9815120016569747
88	0.9792808904785014
89	0.9768394073183692
90	0.9741746809302766
91	0.9712737624551749
92	0.9681236967810359
93	0.9647115980237732
94	0.9610247286042556
95	0.9570505813346013
96	0.9527769638709175
97	0.9481920848403571
98	0.9432846409086213
99	0.9380439040206362
100	0.9324598080226775
101	0.926523033859215
102	0.9202250925325306
103	0.9135584050179358
104	0.906516378342193
105	0.8990934770574345
106	0.8912852893771733
107	0.8830885872845122
108	0.8745013799748057
109	0.8655229600551329
110	0.8561539419901869
111	0.8463962923576733
112	0.8362533515550431
113	0.8257298466823084
114	0.8148318954116832
115	0.8035670007427321
116	0.7919440366304268
117	0.7799732245618779
118	0.7676661012443942
119	0.755035477651844
120	0.7420953897570516
121	0.7288610413541755
122	0.7153487394458502
123	0.7015758227345388
124	0.6875605838153843
125	0.6733221857183044
126	0.6588805734897129
127	0.6442563815387403
128	0.6294708374989813
129	0.6145456633745089
130	0.5995029747482253
131	0.5843651788316735
132	0.5691548721284827
133	0.5538947384689852
134	0.5386074481516577
135	0.5233155588983962
136	0.5080414192958158
137	0.4928070753543781
138	0.4776341807718767
139	0.46254391143833656
140	0.4475568846664449
141	0.43269308357594644
142	0.4179717870027471
143	0.40341150524448954
144	0.389029921894802
145	0.37484384195894627
146	0.3608691463848393
147	0.34712075308600226
148	0.33361258447743464
149	0.3203575414922325
150	0.30736748399639713
151	0.2946532174721083
152	0.2822244857960812
153	0.2700899698997565
154	0.25825729206219433
155	0.24673302555479926
156	0.23552270932948385
157	0.2246308674186258
158	0.2140610326961621
159	0.20381577463434147
160	0.19389673067991123
161	0.18430464086670473
162	0.17503938527854257
163	0.16610002397685347
164	0.15748483901122867
165	0.14919137813798944
166	0.1412164998815029
167	0.13355641958514392
168	0.1262067561131831
169	0.1191625788811893
170	0.11241845491047943
171	0.10596849562144206
172	0.09980640310092159
173	0.0939255156000096
174	0.08831885204028884
175	0.08297915532857042
176	0.07789893430222689
177	0.07307050414914497
178	0.06848602516790601
179	0.0641375397548784
180	0.06001700752531992
181	0.05611633849520375
182	0.05242742426918471
183	0.048942167197815675
184	0.045652507483730315
185	0.04255044823196587
186	0.03962807845386605
187	0.03687759404705023
188	0.034291316785748004
189	0.03186171136637843
190	0.029581400562611423
191	0.0274431785523103
192	0.02544002248575008
193	0.023565102370378486
194	0.021811789352183607
195	0.020173662477508077
196	0.01864451402196413
197	0.01721835347501957
198	0.015889410269907145
199	0.014652135348826973
200	0.013501201653030865
201	0.012431503626367727
202	0.01143815581929813
203	0.010516490678319106
204	0.009662055603243448
205	0.00887060935191122
206	0.008138117868736134
207	0.007460749610060888
208	0.006834870435667066
209	0.006257038132006208
210	0.0057239966288345915
211	0.005232669966987674
212	0.004780156071058905
213	0.0043637203767865175
214	0.003980789359031606
215	0.003628944002378848
216	0.003305913252630901
217	0.0030095674838197385
218	0.002737912011839843
219	0.002489080682433667
220	0.0022613295580404666
221	0.0020530307249643893
222	0.0018626662394329225
223	0.0016888222284067373
224	0.0015301831584688293
225	0.0013855262837651182
226	0.0012537162817892063
227	0.0011337000837982106
228	0.0010245019048108718
229	0.0009252184764685932
230	0.0008350144845291192
231	0.00075311821140486
232	0.000678817382946425
233	0.000611455217599474
234	0.0005504266751217199
235	0.0004951749012290505
236	0.0004451878638371707
237	0.00039999517596994364
238	0.0003591650999096996
239	0.0003223017267603606
240	0.0002890423252736105
241	0.00025905485354405606
242	0.00023203562700420207
243	0.00020770713603722219
244	0.0001858160064683526
245	0.00016613109618807812
246	0.00014844172119624733
247	0.0001325560044303363
248	0.00011829934084815806
249	0.00010551297237063058
250	9.405266644935534e-05
251	8.378749220269264e-05
252	7.459868825904884e-05
253	6.637861665385356e-05
254	5.9029797344169524e-05
255	5.246401812930278e-05
256	4.6601514994741015e-05
257	4.1370218128064966e-05
258	3.6705059087252616e-05
259	3.254733483236386e-05
260	2.8844124559504055e-05
261	2.55477554999923e-05
262	2.261531406675105e-05
263	2.0008198943222894e-05
264	1.7691712916888176e-05
265	1.563469045913841e-05
266	1.3809158245412785e-05
267	1.2190025993800147e-05
268	1.0754805176528845e-05
269	9.483353326773659e-06
270	8.35764182295554e-06
271	7.361545184207468e-06
272	6.4806500540093164e-06
273	5.70208218427902e-06
274	5.014349859619724e-06
275	4.4072023211664625e-06
276	3.871501861786763e-06
277	3.399108369524332e-06
278	2.982775194409516e-06
279	2.6160553053824034e-06
280	2.2932167893816863e-06
281	2.0091668239471647e-06
282	1.759383328270593e-06
283	1.5398535658119703e-06
284	1.3470190346774732e-06
285	1.177726040226465e-06
286	1.0291813981275012e-06
287	8.989127655980741e-07
288	7.847331441116592e-07
289	6.847091387005681e-07
290	5.97132597375232e-07
291	5.204952893601338e-07
292	4.534663130424484e-07
293	3.94871953958769e-07
294	3.436777400139189e-07
295	2.9897246562787697e-07
296	2.5995397882530377e-07
297	2.2591654558878384e-07
298	1.9623962425275897e-07
299	1.703778994707596e-07
300	1.478524404844389e-07
301	1.282428621898776e-07
302	1.1118037995624558e-07
303	9.634166041691368e-08
304	8.3443380627953e-08
305	7.223741717012816e-08
306	6.250659504703905e-08
307	5.406093368606503e-08
308	4.673433405564364e-08
309	4.03816569415156e-08
310	3.4876147839436006e-08
311	3.010716878069862e-08
312	2.5978201762874878e-08
313	2.2405092360046204e-08
314	1.9314505578835885e-08
315	1.6642569149113768e-08
316	1.4333682228082334e-08
317	1.233946998693943e-08
318	1.06178667707372e-08
319	9.132312501873133e-09
320	7.851048760718171e-09
321	6.746502545683768e-09
322	5.794747109863865e-09
323	4.975030510583432e-09
324	4.269363608258079e-09
325	3.66216022679484e-09
326	3.1399230527203594e-09
327	2.6909696163327115e-09
328	2.3051933762303863e-09
329	1.9738555282560925e-09
330	1.6894036898779388e-09
331	1.445314079079026e-09
332	1.235954219882581e-09
333	1.0564635709064746e-09
334	9.026497943562683e-10
335	7.708986655687979e-10
336	6.580958720098298e-10
337	5.615591694277586e-10
338	4.789795551563322e-10
339	4.0837028744074543e-10
340	3.480227278845313e-10
341	2.964681141202934e-10
342	2.5244448376006374e-10
343	2.1486807049798278e-10
344	1.8280858061637285e-10
345	1.5546783458710122e-10
346	1.3216132529004783e-10
347	1.1230230276107128e-10
348	9.538804636688288e-11
349	8.098802979529076e-11
350	6.873372304954904e-11
351	5.83098094522419e-11
352	4.94466251193975e-11
353	4.1913654006424366e-11
354	3.5513933934520006e-11
355	3.0079248401360396e-11
356	2.5465995833263917e-11
357	2.1551642572142438e-11
358	1.8231678593692975e-11
359	1.541700597234724e-11
360	1.303169966123384e-11
361	1.1011088432211099e-11
362	9.300110988241174e-12
363	7.851908463245545e-12
364	6.6266198898437595e-12
365	5.590351853551636e-12
366	4.714297559408586e-12
367	3.973983997495032e-12
368	3.348628880388703e-12
369	2.8205916017899004e-12
370	2.374904686513265e-12
371	1.9988741157452766e-12
372	1.681738559529684e-12
373	1.4143789669851194e-12
374	1.1890711850991335e-12
375	9.992753262215982e-13
376	8.394565061047979e-13
377	7.04932348853754e-13
378	5.917433200602146e-13
379	4.965425199142963e-13
380	4.1650205736787095e-13
381	3.4923354581844776e-13
382	2.927206200911515e-13
383	2.452616821730905e-13
384	2.054213464861774e-13
385	1.7198928075047603e-13
386	1.4394533109739266e-13
387	1.204299846940769e-13
388	1.0071936374019646e-13
389	8.42040647371666e-14
390	7.037125936489473e-14
391	5.87895606715503e-14
392	4.909623276738369e-14
393	4.098638568400325e-14
394	3.42038511189508e-14
395	2.853348080576644e-14
396	2.379464840869706e-14
397	1.9835769146152255e-14
398	1.6529679659822378e-14
399	1.3769744704145874e-14
400	1.1466577663545033e-14
401	9.545279250773324e-15
402	7.943113458402546e-15
403	6.607552319145997e-15
404	5.494631613937679e-15
405	4.567568634717662e-15
406	3.795600704794268e-15
407	3.1530095905117672e-15
408	2.6183023800142933e-15
409	2.1735240081481048e-15
410	1.8036804985530035e-15
411	1.4962552832015297e-15
412	1.2408037381941081e-15
413	1.028613420764847e-15
414	8.52419472625548e-16
415	7.061663253383098e-16
416	5.848082521605286e-16
417	4.841424982703661e-16
418	4.0066972178780963e-16
419	3.3147732063204167e-16
420	2.7414192961255166e-16
421	2.266479690644627e-16
422	1.8731962842061137e-16
423	1.5476409025229027e-16
424	1.2782415508791154e-16
425	1.0553872535916274e-16
426	8.71098570972798e-17
427	7.187529807687897e-17
428	5.928560736535755e-17
429	4.888509906446788e-17
430	4.029597696298267e-17
431	3.3205130675939093e-17
432	2.735315084362397e-17
433	2.2525193809511364e-17
434	1.8543387168279467e-17
435	1.5260518587901684e-17
436	1.255479297330212e-17
437	1.0325478705560076e-17
438	8.48929349588232e-18
439	6.977405290914536e-18
440	5.7329444554242e-18
441	4.7089408109262015e-18
442	3.8666135869835315e-18
443	3.1739544171313934e-18
444	2.6045535785590137e-18
445	2.1366280645207717e-18
446	1.7522170677218517e-18
447	1.4365162732025023e-18
448	1.1773272042015836e-18
449	9.646018960146836e-19
450	7.900665262688278e-19
451	6.469104183254999e-19
452	5.295291520558129e-19
453	4.333124417632682e-19
454	3.544690402671075e-19
455	2.898822558998787e-19
456	2.3699077109808184e-19
457	1.936903654412701e-19
458	1.5825290413186327e-19
459	1.2925958140798797e-19
460	1.055459292209352e-19
461	8.615653297152523e-20
462	7.030775339276029e-20
463	5.735704943201374e-20
464	4.6777741731311616e-20
465	3.813825875707162e-20
466	3.108507503899292e-20
467	2.5328689358174712e-20
468	2.0632105069410935e-20
469	1.6801369193083517e-20
470	1.3677804901767133e-20
471	1.113163640155585e-20
472	9.056758326213404e-21
473	7.36644557651686e-21
474	5.989835664528226e-21
475	4.869045401178369e-21
476	3.9568083025975904e-21
477	3.214539301665e-21
478	2.610749993204828e-21
479	2.119751339663343e-21
480	1.7205920357115823e-21
481	1.396190001778855e-21
482	1.1326221003109351e-21
483	9.185434352703698e-22
484	7.447127448649866e-22
485	6.036046274553764e-22
486	4.890928140667959e-22
487	3.96191552243827e-22
488	3.2084450579000134e-22
489	2.597524943470736e-22
490	2.1023297079412087e-22
491	1.7010542480518623e-22
492	1.3759795836526023e-22
493	1.1127114535656887e-22
494	8.995599680792127e-23
495	7.270343424938051e-23
496	5.874314899756498e-23
497	4.7450114135706794e-23
498	3.8317334062155596e-23
499	3.093367657512907e-23
500	2.4965845051561247e-23
501	2.014372198374533e-23
502	1.6248457025373813e-23
503	1.3102788559279643e-23
504	1.0563182376525757e-23
505	8.513448235401521e-24
506	6.859558029822654e-24
507	5.525440642435141e-24
508	4.449570417846559e-24
509	3.582200307404758e-24
510	2.883118532670061e-24
511	2.3198302539124852e-24
512	1.866084163418352e-24
513	1.500678927701619e-24
514	1.2064966119743874e-24
515	9.697201520021105e-25
516	7.792000150712266e-25
517	6.2594175771609565e-25
518	5.026915239971051e-25
519	4.0360086348299646e-25
520	3.2395576927552315e-25
521	2.5995769544443034e-25
522	2.0854663391982526e-25
523	1.6725821401092623e-25
524	1.3410831531789062e-25
525	1.0749992362048874e-25
526	8.614796364998102e-26
527	6.901865661892586e-26
528	5.528060987692553e-26
529	4.4265380233520656e-26
530	3.5435685026173804e-26
531	2.8359785144584493e-26
532	2.2690847566336227e-26
533	1.815032418494476e-26
534	1.4514569100749995e-26
535	1.1604066436379287e-26
536	9.274761892856917e-27
537	7.41108916024814e-27
538	5.920361378906805e-27
539	4.728261711414237e-27
540	3.775218644491456e-27
541	3.013493253123538e-27
542	2.4048392347395307e-27
543	1.918623604014023e-27
544	1.5303177779287918e-27
545	1.2202863862919595e-27
546	9.72815331509313e-28
547	7.753320529071931e-28
548	6.177801584110649e-28
549	4.921180004313683e-28
550	3.919167410158694e-28
551	3.1203825427630915e-28
552	2.483770781909299e-28
553	1.9765373575807558e-28
554	1.572492444132568e-28
555	1.250726413625652e-28
556	9.945496672924063e-29
557	7.906444326558696e-29
558	6.283863295922059e-29
559	4.9930187175265617e-29
560	3.966347828726419e-29
561	3.149993946236078e-29
562	2.501037145063748e-29
563	1.985282185316794e-29
564	1.5754920269140066e-29
565	1.2499775503008406e-29
566	9.914719540240609e-30
567	7.862326025578692e-30
568	6.2332455292065084e-30
569	4.9404916071500644e-30
570	3.9148850826377144e-30
571	3.101422730260145e-30
572	2.456383551022044e-30
573	1.9450234228101067e-30
574	1.5397389728945525e-30
575	1.2186055501663203e-30
576	9.64213379598665e-31
577	7.627413250394669e-31
578	6.032199418667739e-31
579	4.76945287186765e-31
580	3.7701276753520504e-31
581	2.9794653890985278e-31
582	2.354049485800291e-31
583	1.859464761588259e-31
584	1.468437957112487e-31
585	1.1593610333893763e-31
586	9.151186529416264e-32
587	7.221574374420627e-32
588	5.697473350674096e-32
589	4.493955942135504e-32
590	3.543819320885666e-32
591	2.7938992752564506e-32
592	2.2021479266844659e-32
593	1.735317555933887e-32
594	1.3671252884453314e-32
595	1.0767991738444383e-32
596	8.479266918658422e-33
597	6.675430063421687e-33
598	5.2540923091774905e-33
599	4.134412499715414e-33
600	3.252578013681813e-33
601	2.5582300826521286e-33
602	2.011636907474145e-33
603	1.5814586934451796e-33
604	1.2429811006215393e-33
605	9.7671928175956e-34
606	7.673150381691627e-34
607	6.0266576061614985e-34
608	4.732366102257585e-34
609	3.7151752558989822e-34
610	2.915946668008959e-34
611	2.2881226139077734e-34
612	1.7950584752785905e-34
613	1.407918911285947e-34
614	1.1040190376491666e-34
615	8.655168024245294e-35
616	6.783824553049829e-35
617	5.315865895295859e-35
618	4.1646055262216345e-35
619	3.2619275589872166e-35
620	2.554321029198495e-35
621	1.9997583130529946e-35
622	1.5652385895660813e-35
623	1.2248551253110197e-35
624	9.582750483338858e-36
625	7.495438620704328e-36
626	5.861455552498215e-36
627	4.582638374438021e-36
628	3.582016000216014e-36
629	2.7992482297816027e-36
630	2.187043361862468e-36
631	1.708345072023604e-36
632	1.3341238906724863e-36
633	1.0416437494274596e-36
634	8.1310172647508e-37
635	6.3456089563583e-37
636	4.951133189948947e-37
637	3.862237041851377e-37
638	3.0121485132095796e-37
639	2.34864353264398e-37
640	1.8308856867585678e-37
641	1.4269504012442528e-37
642	1.1118857866539215e-37
643	8.66194173694587e-38
644	6.746433480385102e-38
645	5.2533611405683e-38
646	4.089822191730949e-38
647	3.1832875927921343e-38
648	2.4771467144275794e-38
649	1.9272236165910174e-38
650	1.4990535183021373e-38
651	1.1657540660693453e-38
652	9.06361883659226e-39
653	7.045330039174423e-39
654	5.475278155378291e-39
655	4.254184171911666e-39
656	3.304697889453051e-39
657	2.5665677523557452e-39
658	1.9928715931004743e-39
659	1.547075937704318e-39
660	1.2007422582490456e-39
661	9.317382512371852e-40
662	7.228432636728599e-40
663	5.606612617073907e-40
664	4.347737114964032e-40
665	3.3707957157956243e-40
666	2.612811834517908e-40
667	2.0248389883416476e-40
668	1.5688435165251798e-40
669	1.2152780274558325e-40
670	9.411929447239392e-41
671	7.28767155098427e-41
672	5.641650031173676e-41
673	4.36647348290705e-41
674	3.378803669366545e-41
675	2.6139823008959773e-41
676	2.0218549405803908e-41
677	1.5635260427933787e-41
678	1.2088380711587053e-41
679	9.344135585327694e-42
680	7.221347336613735e-42
681	5.5796318629740284e-42
682	4.3102372161046343e-42
683	3.328934280717224e-42
684	2.5705011298702366e-42
685	1.984444746380468e-42
686	1.5316832503454328e-42
687	1.181973555292945e-42
688	9.119174081581596e-43
689	7.0341610282084595e-43
690	5.424731695742589e-43
691	4.182668835453193e-43
692	3.224319435670319e-43
693	2.4850326970365346e-43
694	1.9148542417091986e-43
695	1.4751935471659897e-43
696	1.1362451880551082e-43
697	8.74993810331298e-44
698	6.736710362958947e-44
699	5.185621825739773e-44
700	3.990836887247719e-44
701	3.070699959189703e-44
702	2.362224429768342e-44
703	1.8168346168835265e-44
704	1.397076538242992e-44
705	1.0740776111725099e-44
706	8.255851766930102e-45
707	6.344522823594159e-45
708	4.874689885681158e-45
709	3.744605468128771e-45
710	2.8759165758698756e-45
711	2.208298297529248e-45
712	1.6953154611347672e-45
713	1.3012319956552291e-45
714	9.985514889596463e-46
715	7.661217754200954e-46
716	5.87674511519446e-46
717	4.507001492689791e-46
718	3.455814633904924e-46
719	2.6492635189379734e-46
720	2.0305418873224854e-46
721	1.556004724715216e-46
722	1.192125905416625e-46
723	9.131574896285754e-47
724	6.993292307153242e-47
725	5.354639071318796e-47
726	4.099126664889842e-47
727	3.137365941558125e-47
728	2.400776927763238e-47
729	1.8367553763547504e-47
730	1.4049594778292332e-47
731	1.074457723505357e-47
732	8.215386645433664e-48
733	6.280293090054118e-48
734	4.800043035120291e-48
735	3.667952906140195e-48
736	2.8023079395783076e-48
737	2.1405310650360074e-48
738	1.634710563987956e-48
739	1.2481705867185634e-48
740	9.528418949747565e-49
741	7.272465219233696e-49
742	5.549533199483321e-49
743	4.23394615028556e-49
744	3.2295972337457902e-49
745	2.463006960442461e-49
746	1.8780071283756503e-49
747	1.4316710325716462e-49
748	1.0911984109434957e-49
749	8.3153163930673815e-50
750	6.335318881321677e-50
751	4.825839881359815e-50
752	3.675294498867287e-50
753	2.7985061671785987e-50
754	2.1304696848453172e-50
755	1.621584166673582e-50
756	1.234010218693744e-50
757	9.388867708338802e-51
758	7.142051285220013e-51
759	5.431853743155795e-51
760	4.130366665613877e-51
761	3.140108536291005e-51
762	2.386801498476241e-51
763	1.8138593601213916e-51
764	1.3781822794798044e-51
765	1.0469490104670541e-51
766	7.951705620600392e-52
767	6.0382491029171946e-52
768	4.584350357248937e-52
769	3.479851368674302e-52
770	2.640947579821759e-52
771	2.0038957932696568e-52
772	1.520221345340814e-52
773	1.1530680325268007e-52
774	8.744188759929474e-53
775	6.629803783861865e-53
776	5.025721952003779e-53
777	3.8090172844073415e-53
778	2.886318176757666e-53
779	2.186715644263328e-53
780	1.656369929234538e-53
781	1.254409549691554e-53
782	9.49813690151629e-54
783	7.190426113181762e-54
784	5.442369579361429e-54
785	4.1184965082943496e-54
786	3.1160664643942484e-54
787	2.3571766503708593e-54
788	1.7827688000177695e-54
789	1.348079375882021e-54
790	1.0191861595715112e-54
791	7.703875424549993e-55
792	5.8221412066672815e-55
793	4.3992033107238e-55
794	3.323404595104449e-55
795	2.5102116951303853e-55
796	1.8956384011932017e-55
797	1.4312606459975544e-55
798	1.080438648676126e-55
799	8.154544491257428e-56
800	6.153434498477385e-56
801	4.642520204545148e-56
802	3.5019378386668156e-56
803	2.641079885611045e-56
804	1.9914673070439834e-56
805	1.5013551136042504e-56
806	1.13165055390311e-56
807	8.528251182406026e-57
808	6.42578838396471e-57
809	4.8407394904561085e-57
810	3.6459937694013705e-57
811	2.745611683580507e-57
812	2.0671945420782164e-57
813	1.556118587382269e-57
814	1.1711787870724062e-57
815	8.812983015450331e-58
816	6.630434021770884e-58
817	4.987470414907306e-58
818	3.75092273080352e-58
819	2.820430313987793e-58
820	2.12037248887489e-58
821	1.593780608016752e-58
822	1.1977455501673284e-58
823	8.999539825372125e-59
824	6.760764506465832e-59
825	5.077981815926546e-59
826	3.8133472935204987e-59
827	2.863132994683633e-59
828	2.1492982535920774e-59
829	1.6131394396501624e-59
830	1.2105068463215059e-59
831	9.082026504493493e-60
832	6.812688174933867e-60
833	5.109454609896773e-60
834	3.831342032366015e-60
835	2.8724184234004903e-60
836	2.1531036627410474e-60
837	1.6136252770853457e-60
838	1.209096614106029e-60
839	9.058159107354219e-61
840	6.784839255337739e-61
841	5.0811254093082384e-61
842	3.8045303478367015e-61
843	2.8481511491347393e-61
844	2.1317973090981724e-61
845	1.595327074905384e-61
846	1.193643301738415e-61
847	8.929362444022032e-62
848	6.678630973070507e-62
849	4.994311263979841e-62
850	3.7340917040582886e-62
851	2.7913585215018002e-62
852	2.086255919426865e-62
853	1.5589813322924447e-62
854	1.164757917351381e-62
855	8.700654082970333e-63
856	6.498148919450653e-63
857	4.8523150910304507e-63
858	3.622679863722067e-63
859	2.7041613311234903e-63
860	2.0181663844896503e-63
861	1.5059242156550405e-63
862	1.1234948721305942e-63
863	8.380326720464414e-64
864	6.249895193441825e-64
865	4.6602208178780446e-64
866	3.4742597315376643e-64
867	2.5896444715612926e-64
868	1.9299236569570954e-64
869	1.4380112595285449e-64
870	1.0712890432106745e-64
871	7.979456422013268e-65
872	5.9424052626000125e-65
873	4.424595657341772e-65
874	3.2938765677721627e-65
875	2.451678449448704e-65
876	1.824493002671091e-65
877	1.3575112733353379e-65
878	1.009874216415944e-65
879	7.511276793438628e-66
880	5.585768555094845e-66
881	4.1531234625691424e-66
882	3.0873760204058773e-66
883	2.2947059229187215e-66
884	1.7052474812387322e-66
885	1.2669827788131944e-66
886	9.411892685534744e-67
887	6.990467576032632e-67
888	5.191089695054161e-67
889	3.8541972096408475e-67
890	2.8610962525724032e-67
891	2.1235093823464993e-67
892	1.5757928407736802e-67
893	1.1691421776356906e-67
894	8.67279024426128e-68
895	6.432409870062099e-68
896	4.7699296206457055e-68
897	3.5365000598656897e-68
898	2.6215542397502504e-68
899	1.942976495054722e-68
900	1.4397921751089043e-68
901	1.0667328655165031e-68
902	7.901966576468996e-69
903	5.852459111751376e-69
904	4.333764582927163e-69
905	3.2086032034404883e-69
906	2.3751471378600236e-69
907	1.7578785821939955e-69
908	1.300801774255846e-69
909	9.624037274337512e-70
910	7.11913849659707e-70
911	5.265281518947955e-70
912	3.893496601771926e-70
913	2.8786051049716586e-70
914	2.1278867454010546e-70
915	1.5726753984823348e-70
916	1.1621277754317255e-70
917	8.586040088494034e-71
918	6.342437897837447e-71
919	4.68429086368652e-71
920	3.459042048796585e-71
921	2.553831404510053e-71
922	1.885180925470617e-71
923	1.3913561745949245e-71
924	1.026710748818593e-71
925	7.57499657754927e-72
926	5.587806428820078e-72
927	4.121211294708335e-72
928	3.0390165310372435e-72
929	2.2406082585282362e-72
930	1.6516709374204545e-72
931	1.2173231532761142e-72
932	8.970425292780219e-73
933	6.609140989787619e-73
934	4.86857501750963e-73
935	3.585779810771638e-73
936	2.6405251340623323e-73
937	1.9441150623996768e-73
938	1.431128498928693e-73
939	1.053320011874161e-73
940	7.75116737138086e-74
941	5.70294262349332e-74
942	4.195232472485577e-74
943	3.0855901283524576e-74
944	2.2690582767194908e-74
945	1.6683159651354012e-74
946	1.2264115634218262e-74
947	9.014039886754537e-75
948	6.624117918668822e-75
949	4.867007410109337e-75
950	3.5753730766676746e-75
951	2.6260691700555324e-75
952	1.9284857154146108e-75
953	1.4159639383171263e-75
954	1.0394736685814254e-75
955	7.62957517422576e-76
956	5.599030279853815e-76
957	4.108193609548253e-76
958	3.0138015153346985e-76
959	2.210569021373902e-76
960	1.6211351831723337e-76
961	1.188666798915493e-76
962	8.714185754081994e-77
963	6.387329254328415e-77
964	4.680989143578973e-77
965	3.429902962483171e-77
966	2.512765332172823e-77
967	1.840551433395489e-77
968	1.3479380784744259e-77
969	9.87001726708114e-78
970	7.225899186846349e-78
971	5.289223610010408e-78
972	3.8709541751790585e-78
973	2.8325020526320835e-78
974	2.0722806199119267e-78
975	1.5158389240239845e-78
976	1.108622603335093e-78
977	8.106634934771582e-79
978	5.92684736542202e-79
979	4.332445792265317e-79
980	3.166422236530207e-79
981	2.3138267504861332e-79
982	1.690515656313894e-79
983	1.2349060890146326e-79
984	9.019346435555304e-80
985	6.5863170583510246e-80
986	4.8087993078905535e-80
987	3.510404413721173e-80
988	2.5621476753299763e-80
989	1.869724829643665e-80
990	1.364199200564581e-80
991	9.951864835301268e-81
992	7.258681743031828e-81
993	5.293436098138155e-81
994	3.859617370400451e-81
995	2.813698200050807e-81
996	2.0508669226833188e-81
997	1.4945972552924432e-81
998	1.0890244647452171e-81
999	7.93373832567956e-82
1000	5.778896448762947e-82
1001	4.208610948218331e-82
1002	3.064499115409289e-82
1003	2.2310386556372407e-82
1004	1.6239834092612753e-82
1005	1.1819061778233563e-82
1006	8.600255660998097e-83
1007	6.25700768153061e-83
1008	4.55144191339368e-83
1009	3.3102312435692214e-83
1010	2.4071031280679173e-83
1011	1.7500808723248294e-83
1012	1.2721801597035414e-83
1013	9.246262512067136e-84
1014	6.719097503576375e-84
1015	4.881831796536292e-84
1016	3.5463520473263494e-84
1017	2.5757758514943254e-84
1018	1.8705162990931823e-84
1019	1.3581325428542019e-84
1020	9.859390421151235e-85
1021	7.15624571765662e-85
1022	5.193351465989332e-85
1023	3.7682308208204537e-85
1024	2.733723660579555e-85
1025	1.9828920782938457e-85
1026	1.4380398319977529e-85
1027	1.0427258617956672e-85
1028	7.559564652823145e-86
1029	5.479625232608486e-86
1030	3.971297093410495e-86
1031	2.8776725099569105e-86
1032	2.0848645565645337e-86
1033	1.5102256124185883e-86
1034	1.0937884726052429e-86
1035	7.920496327358253e-87
1036	5.734545651009664e-87
1037	4.151195746165617e-87
1038	3.004519381284896e-87
1039	2.1742246939395966e-87
1040	1.5731186244331875e-87
1041	1.1380102505420883e-87
1042	8.231112641932223e-88
1043	5.952489024508324e-88
1044	4.303941563282368e-88
1045	3.111443007362943e-88
1046	2.2489773063529305e-88
1047	1.6253094151275978e-88
1048	1.1743966427175836e-88
1049	8.484403985378913e-89
1050	6.1285210515839365e-89
1051	4.4260655964576684e-89
1052	3.196007920197616e-89
1053	2.3074149414547806e-89
1054	1.665602725383401e-89
1055	1.2021122678845153e-89
1056	8.67454162700334e-90
1057	6.25858214246886e-90
1058	4.514745855608644e-90
1059	3.2562564778856796e-90
1060	2.3481825769732834e-90
1061	1.6930628992974064e-90
1062	1.2205127315956893e-90
1063	8.797100208542805e-91
1064	6.339642707106335e-91
1065	4.567915464516861e-91
1066	3.290784024443834e-91
1067	2.3703297253003943e-91
1068	1.7070499119618647e-91
1069	1.2291694675786822e-91
1070	8.84922850182003e-92
1071	6.369820138020842e-92
1072	4.584342506221289e-92
1073	3.2987931625670557e-92
1074	2.3733471533085117e-92
1075	1.707244083314584e-92
1076	1.2278862715924332e-92
1077	8.829759256491348e-93
1078	6.348451198379724e-93
1079	4.5636772637885605e-93
1080	3.28012422023102e-93
1081	2.357186242978968e-93
1082	1.6936581500774696e-93
1083	1.2167066403002434e-93
1084	8.73925225121879e-94
1085	6.276115944700822e-94
1086	4.506464338201497e-94
1087	3.235260293704417e-94
1088	2.3222599706993268e-94
1089	1.6666360633020738e-94
1090	1.1959115348249347e-94
1091	8.5799683534613e-95
1092	6.154611997099803e-95
1093	4.4141190725705845e-95
1094	3.165306660732996e-95
1095	2.2694255041572005e-95
1096	1.6268386167449122e-95
1097	1.1660077208440346e-95
1098	8.35577622681498e-96
1099	5.986880727628703e-96
1100	4.288869692599157e-96
1101	3.071945778261911e-96
1102	2.199949433135571e-96
1103	1.575216738817242e-96
1104	1.12770735655282e-96
1105	8.07199702831917e-97
1106	5.77688957353855e-97
1107	4.1336684468827677e-97
1108	2.9573704085547667e-97
1109	2.1154575923332544e-97
1110	1.5129739469094235e-97
1111	1.0818999700332659e-97
1112	7.735195751672624e-98
1113	5.529477012910842e-98
1114	3.9520766666807273e-98
1115	2.8241985637050135e-98
1116	2.0178722355310577e-98
1117	1.4415200216937927e-98
1118	1.029618356375325e-98
1119	7.352930570661143e-99
1120	5.250168607684222e-99
1121	3.74812995359441e-99
1122	2.675374845104084e-99
1123	1.9093399281957176e-99
1124	1.3624183740820644e-99
1125	9.720002071886481e-100
1126	6.933473448095175e-100
1127	4.944973806037293e-100
1128	3.5261905651496683e-100
1129	2.514063327316415e-100
1130	1.7921539035553562e-100
1131	1.277329824532843e-100
1132	9.102474447859445e-101
1133	6.485516293075415e-101
1134	4.6201738333318154e-101
1135	3.290794458248656e-101
1136	2.343537366973427e-101
1137	1.6686747579127355e-101
1138	1.1879555828814882e-101
1139	8.45585264225043e-102
1140	6.017877040201657e-102
1141	4.28211097201015e-102
1142	3.0465003624865914e-102
1143	2.167071606051088e-102
1144	1.5412532467819848e-102
1145	1.0959821104477981e-102
1146	7.792227926131231e-103
1147	5.539219227594027e-103
1148	3.9369888713385297e-103
1149	2.7977477199399556e-103
1150	1.9878410107940373e-103
1151	1.4121586052534054e-103
1152	1.0030302816881463e-103
1153	7.123170699510925e-104
1154	5.0577970711154064e-104
1155	3.5906923192061036e-104
1156	2.5487294081328078e-104
1157	1.808831090809528e-104
1158	1.28351529055596e-104
1159	9.106108679547086e-105
1160	6.459417603503874e-105
1161	4.581235827896235e-105
1162	3.2486332685374064e-105
1163	2.30328394663188e-105
1164	1.63276254301003e-105
1165	1.1572503806609935e-105
1166	8.200878768965272e-106
1167	5.810616431411671e-106
1168	4.116354607653449e-106
1169	2.9156279828905096e-106
1170	2.0648104794993627e-106
1171	1.462032538364337e-106
1172	1.0350531155054539e-106
1173	7.326507380793704e-107
1174	5.1851353952731664e-107
1175	3.6690359377476896e-107
1176	2.5958081030648686e-107
1177	1.836208336471364e-107
1178	1.2986737956584406e-107
1179	9.183472944214729e-108
1180	6.492957697349178e-108
1181	4.58993931572379e-108
1182	3.244143528771131e-108
1183	2.292566389966057e-108
1184	1.619841512846964e-108
1185	1.144331542272591e-108
1186	8.082764990626677e-109
1187	5.708168317663098e-109
1188	4.030531537399503e-109
1189	2.8454870147690823e-109
1190	2.0085360047333722e-109
1191	1.417527067518711e-109
1192	1.0002575146840889e-109
1193	7.057014427345257e-110
1194	4.9780459927990584e-110
1195	3.510957060341913e-110
1196	2.475830116665133e-110
1197	1.7456005569049763e-110
1198	1.2305452977579374e-110
1199	8.673193545221351e-111
1200	6.1120819144804104e-111
1201	4.3065350432025496e-111
1202	3.0338596934289115e-111
1203	2.1369368175059874e-111
1204	1.5049308656757546e-111
1205	1.0596686627743837e-111
1206	7.460231462350615e-112
1207	5.251255838202898e-112
1208	3.6957510754583037e-112
1209	2.6005840871849393e-112
1210	1.8296488149082969e-112
1211	1.2870434843167528e-112
1212	9.052058253950094e-113
1213	6.365464385871342e-113
1214	4.475499078389538e-113
1215	3.1461648339523955e-113
1216	2.2113123321164745e-113
1217	1.55398675289421e-113
1218	1.0918755456255453e-113
1219	7.67056867755012e-114
1220	5.387788957155393e-114
1221	3.783747718331311e-114
1222	2.6568213019801498e-114
1223	1.8652243946587765e-114
1224	1.3092675116427314e-114
1225	9.188703779508865e-115
1226	6.447756961608259e-115
1227	4.523677204453437e-115
1228	3.1732412333685726e-115
1229	2.22557941485267e-115
1230	1.56067193290728e-115
1231	1.09423009231584e-115
1232	7.670685724621817e-116
1233	5.376358480652141e-116
1234	3.7676515683541584e-116
1235	2.639865030320905e-116
1236	1.8493588144595668e-116
1237	1.2953558757433873e-116
1238	9.071632906024485e-117
1239	6.351996899361192e-117
1240	4.446963036088869e-117
1241	3.112756758743286e-117
1242	2.1784884604432617e-117
1243	1.524381772357048e-117
1244	1.066499423568774e-117
1245	7.460293057814682e-118
1246	5.2177050551899885e-118
1247	3.648644315705471e-118
1248	2.551008386902723e-118
1249	1.7832843111144136e-118
1250	1.2464005308636696e-118
1251	8.710096878148846e-119
1252	6.085785745554683e-119
1253	4.25146525334485e-119
1254	2.969538092111085e-119
1255	2.0738027566557043e-119
1256	1.448019009484544e-119
1257	1.0109026542288639e-119
1258	7.056228835262912e-120
1259	4.9245234642309625e-120
1260	3.43624395257978e-120
1261	2.3973529467147456e-120
1262	1.6722768003773227e-120
1263	1.1663060798179797e-120
1264	8.132893572247322e-121
1265	5.670296922639961e-121
1266	3.952707366279971e-121
1267	2.7549369398890184e-121
1268	1.9198035313672642e-121
1269	1.3376115855686235e-121
1270	9.318185586239844e-122
1271	6.490240280840143e-122
1272	4.5197901081634886e-122
1273	3.1470512679355177e-122
1274	2.190874062535266e-122
1275	1.5249620683907474e-122
1276	1.061276839025073e-122
1277	7.384589108042732e-123
1278	5.137501646430772e-123
1279	3.573597110021506e-123
1280	2.485347748673644e-123
1281	1.7282106838814173e-123
1282	1.2015286746370895e-123
1283	8.352173574100591e-124
1284	5.804873835936387e-124
1285	4.033796144545957e-124
1286	2.80261201975385e-124
1287	1.9468830812260188e-124
1288	1.352211432575558e-124
1289	9.390250155436971e-125
1290	6.519848900756083e-125
1291	4.5261161485358644e-125
1292	3.1415330779584993e-125
1293	2.1801448122197696e-125
1294	1.5127138846530557e-125
1295	1.0494360395416123e-125
1296	7.279186886235667e-126
1297	5.0482105682047826e-126
1298	3.500416593955127e-126
1299	2.426775879323266e-126
1300	1.6821598065186616e-126
1301	1.165822581179029e-126
1302	8.078398752984437e-127
1303	5.596876244761679e-127
1304	3.876981234442595e-127
1305	2.685154336690744e-127
1306	1.859397953560502e-127
1307	1.2873687650470234e-127
1308	8.911710962705911e-128
1309	6.168033222175748e-128
1310	4.2683476517413986e-128
1311	2.95325070317999e-128
1312	2.0429995872056734e-128
1313	1.4130699298688392e-128
1314	9.772066744655317e-129
1315	6.756730074009555e-129
1316	4.6710452059096656e-129
1317	3.228634682681396e-129
1318	2.2312645332356832e-129
1319	1.541737777836056e-129
1320	1.0651168226068826e-129
1321	7.357177462935121e-130
1322	5.081038170975718e-130
1323	3.5084953160908116e-130
1324	2.4222364892009366e-130
1325	1.6720118859324059e-130
1326	1.1539562275453215e-130
1327	7.962811702115595e-131
1328	5.493772509935581e-131
1329	3.7896752192490417e-131
1330	2.6137279674676125e-131
1331	1.8023778011746244e-131
1332	1.242677128183528e-131
1333	8.566388950504078e-132
1334	5.904243509185454e-132
1335	4.0687190077108595e-132
1336	2.8033548752474512e-132
1337	1.9311916740605912e-132
1338	1.3301468236211789e-132
1339	9.160109387827213e-133
1340	6.307083673348576e-133
1341	4.341935394715185e-133
1342	2.9885803091780084e-133
1343	2.056711092674488e-133
1344	1.4151693474634463e-133
1345	9.735769337014427e-134
1346	6.696669336606514e-134
1347	4.605471801812144e-134
1348	3.166766699738531e-134
1349	2.1771314779628898e-134
1350	1.4965108384129678e-134
1351	1.0284937900946037e-134
1352	7.067243494600458e-135
1353	4.855399675604554e-135
1354	3.3352350031464553e-135
1355	2.2906271046968524e-135
1356	1.5729279374078183e-135
1357	1.0799153333221968e-135
1358	7.413051454531483e-136
1359	5.087808095302035e-136
1360	3.4913292303344235e-136
1361	2.3953955396805076e-136
1362	1.6431983593578093e-136
1363	1.127013314910849e-136
1364	7.728485094740101e-137
1365	5.298902721344906e-137
1366	3.632484249331227e-137
1367	2.4897040559074406e-137
1368	1.7061526345303407e-137
1369	1.1689990980832404e-137
1370	8.008230871292536e-138
1371	5.48510671053592e-138
1372	3.7562945225531695e-138
1373	2.5719364044890405e-138
1374	1.7607059014341463e-138
1375	1.205145246164294e-138
1376	8.247416254892e-139
1377	5.64315993901771e-139
1378	3.860581264694979e-139
1379	2.6406382187748154e-139
1380	1.805888568507134e-139
1381	1.2348062043329874e-139
1382	8.441749064399046e-140
1383	5.770212755445335e-140
1384	3.943455445815309e-140
1385	2.69455929724979e-140
1386	1.8408746524510145e-140
1387	1.257437265280746e-140
1388	8.587644208771563e-141
1389	5.863910548505922e-141
1390	4.003374127393256e-141
1391	2.7326910692479644e-141
1392	1.8650066500324264e-141
1393	1.2726110494020895e-141
1394	8.68233266775637e-142
1395	5.9224656608857905e-142
1396	4.039187809025013e-142
1397	2.7542976910798296e-142
1398	1.8778159075537507e-142
1399	1.2800308097615598e-142
1400	8.723948127527688e-143
1401	5.94471361008561e-143
1402	4.050176774775707e-143
1403	2.758939445354074e-143
1404	1.8790376143338014e-143
1405	1.2795399883477706e-143
1406	8.71158751816594e-144
1407	5.930151167993455e-144
1408	4.0360748480702167e-144
1409	2.746487413456866e-144
1410	1.86861975631247e-144
1411	1.2711275978266471e-144
1412	8.645342737322835e-145
1413	5.878954578186597e-145
1414	3.997079472450878e-145
1415	2.7171287459786812e-145
1416	1.846725613031204e-145
1417	1.2549291748110548e-145
1418	8.526302036602276e-146
1419	5.791977015748279e-146
1420	3.9338476065827413e-146
1421	2.6713622500975785e-146
1422	1.8137296529380689e-146
1423	1.231223237619023e-146
1424	8.356520831580292e-147
1425	5.670725275383652e-147
1426	3.847477525246997e-147
1427	2.609984425518908e-147
1428	1.7702069636736634e-147
1429	1.2004233735387169e-147
1430	8.138963003631052e-148
1431	5.5173165620960054e-148
1432	3.739477220998304e-148
1433	2.534066489089095e-148
1434	1.7169166303516054e-148
1435	1.163066267278826e-148
1436	7.877415020413132e-149
1437	5.334417106047174e-149
1438	3.611720670645986e-149
1439	2.444923310276879e-149
1440	1.6547797307272905e-149
1441	1.119796153328677e-149
1442	7.576376343095341e-150
1443	5.125165083125615e-150
1444	3.4663937356649975e-150
1445	2.344075514510549e-150
1446	1.5848528376253332e-150
1447	1.0713463211110063e-150
1448	7.240930550432274e-151
1449	4.89308095424295e-151
1450	3.30593187894718e-151
1451	2.233206281005489e-151
1452	1.5082980943031652e-151
1453	1.0185184153571946e-151
1454	6.87660234221281e-152
1455	4.641968806621523e-152
1456	3.1329521806545295e-152
1457	2.1141145524301675e-152
1458	1.4263510487207865e-152
1459	9.621603494160049e-153
1460	6.489206051388592e-153
1461	4.37581256658482e-153
1462	2.950182309109592e-153
1463	1.9886664767450828e-153
1464	1.3402874925647083e-153
1465	9.03143682964092e-154
1466	6.084691476134833e-154
1467	4.098671044547374e-154
1468	2.7603891424687317e-154
1469	1.8587469134946798e-154
1470	1.2513905487221237e-154
1471	8.423413071527186e-155
1472	5.668992738477066e-155
1473	3.814575669814312e-155
1474	2.566309645252913e-155
1475	1.7262127599734802e-155
1476	1.1609191888621102e-155
1477	7.806062314703809e-156
1478	5.24788550061581e-156
1479	3.5274344880202547e-156
1480	2.370586390507811e-156
1481	1.5928496945353735e-156
1482	1.0700792465247359e-156
1483	7.187521817690769e-157
1484	4.826857254928984e-157
1485	3.2409455504585546e-157
1486	2.1757098000827565e-157
1487	1.4603337069449635e-157
1488	9.79997829339569e-158
1489	6.575366042081923e-158
1490	4.4109945932341235e-158
1491	2.958522253697956e-158
1492	1.983968774537267e-158
1493	1.3301985047695627e-158
1494	8.917018377064012e-159
1495	5.976465330311427e-159
1496	4.0048904090826094e-159
1497	2.683232527235222e-159
1498	1.797410926579881e-159
1499	1.2038095684561256e-159
1500	8.061010789802189e-160
1501	5.396876297371581e-160
1502	3.612572953082845e-160
1503	2.41775305737798e-160
1504	1.617813145722751e-160
1505	1.0823452951057937e-160
1506	7.239762390061368e-161
1507	4.8417654627530975e-161
1508	3.2374576063280016e-161
1509	2.1643390183608526e-161
1510	1.4466627350051103e-161
1511	9.667853409975072e-162
1512	6.459717495489605e-162
1513	4.3153661399713357e-162
1514	2.882321218934319e-162
1515	1.9248090958668951e-162
1516	1.2851488993299653e-162
1517	8.579059631042114e-163
1518	5.725933824307944e-163
1519	3.8209672104090977e-163
1520	2.549297931282377e-163
1521	1.7005449679942815e-163
1522	1.1341639519018526e-163
1523	7.562818852059121e-164
1524	5.042102189154274e-164
1525	3.3609312007580463e-164
1526	2.2398945972720794e-164
1527	1.492503882028073e-164
1528	9.943132585110018e-165
1529	6.622939864414352e-165
1530	4.410604936271509e-165
1531	2.9367381077976017e-165
1532	1.9550232929838814e-165
1533	1.3012425520435506e-165
1534	8.659326715955984e-166
1535	5.761419372011761e-166
1536	3.8326070103046955e-166
1537	2.549050701353684e-166
1538	1.6950479394249394e-166
1539	1.1269503138044398e-166
1540	7.491120239329629e-167
1541	4.9786079312108655e-167
1542	3.3081728148595405e-167
1543	2.1977965984310824e-167
1544	1.4598418009299535e-167
1545	9.694893125840347e-168
1546	6.437231565474454e-168
1547	4.273405027111727e-168
1548	2.836401727963415e-168
1549	1.882262233561759e-168
1550	1.2488525359150002e-168
1551	8.28439461555007e-169
1552	5.494509428403753e-169
1553	3.6434728446900216e-169
1554	2.4155751931235682e-169
1555	1.6011939319424613e-169
1556	1.0611715585671631e-169
1557	7.031459816727731e-170
1558	4.6582583246927826e-170
1559	3.0854587891890516e-170
1560	2.0433086951907672e-170
1561	1.3529015900050145e-170
1562	8.956046950757484e-171
1563	5.927675016817815e-171
1564	3.9225656217670625e-171
1565	2.595217714198617e-171
1566	1.7167025861414922e-171
1567	1.1353609408764796e-171
1568	7.50741456918201e-172
1569	4.9632293858606195e-172
1570	3.280618523949789e-172
1571	2.1680260295635152e-172
1572	1.4324865810724428e-172
1573	9.46310982735984e-173
1574	6.250206741495762e-173
1575	4.1273567242636816e-173
1576	2.725001127952437e-173
1577	1.7987812804095305e-173
1578	1.1871537279781975e-173
1579	7.833438278441015e-174
1580	5.167907006017827e-174
1581	3.408738520812485e-174
1582	2.2479640182347477e-174
1583	1.4821823104457633e-174
1584	9.770806969164133e-175
1585	6.439849422850241e-175
1586	4.2436288895005456e-175
1587	2.7958599995936266e-175
1588	1.8416611052522928e-175
1589	1.2128866526479858e-175
1590	7.9863227172769e-176
1591	5.2576244906950634e-176
1592	3.460575086966329e-176
1593	2.277314042376375e-176
1594	1.4983505725295364e-176
1595	9.856432467164417e-177
1596	6.482489066198968e-177
1597	4.262648246538468e-177
1598	2.802417208936823e-177
1599	1.842050824100946e-177
1600	1.2105587715505252e-177
1601	7.953998999848026e-178
1602	5.2251708812678e-178
1603	3.431869035521962e-178
1604	2.253596120397082e-178
1605	1.4795735784430312e-178
1606	9.712076128059546e-179
1607	6.373860394749163e-179
1608	4.1822299010726956e-179
1609	2.7436459848015803e-179
1610	1.7995461401059326e-179
1611	1.1800830426210479e-179
1612	7.737074000767653e-180
1613	5.07172218629413e-180
1614	3.3239050789878412e-180
1615	2.1779913369326574e-180
1616	1.4268489077367593e-180
1617	9.345747785642736e-181
1618	6.120181220257633e-181
1619	4.0070853124172933e-181
1620	2.623052013603798e-181
1621	1.7167187393457567e-181
1622	1.1233245479037525e-181
1623	7.348947285230547e-182
1624	4.806829520808992e-182
1625	3.1434455073294024e-182
1626	2.0552596925969826e-182
1627	1.3435101436299105e-182
1628	8.78068896113175e-183
1629	5.737590631243573e-183
1630	3.748381349394595e-183
1631	2.4483367100950933e-183
1632	1.5988643124283133e-183
1633	1.0439148692748227e-183
1634	6.814460678927289e-184
1635	4.447446667945819e-184
1636	2.902035905719609e-184
1637	1.8932480066629976e-184
1638	1.2348802632356078e-184
1639	8.052944855757463e-185
1640	5.250456384001069e-185
1641	3.422565424548953e-185
1642	2.2305848857435526e-185
1643	1.4534428616074221e-185
1644	9.46867699447274e-186
1645	6.1672661186272155e-186
1646	4.016132590181965e-186
1647	2.6147807576055547e-186
1648	1.7020578620874611e-186
1649	1.1077074550535946e-186
1650	7.207546831375209e-187
1651	4.688796881406904e-187
1652	3.0496277768045337e-187
1653	1.9830955237750475e-187
1654	1.2892933243379192e-187
1655	8.380521589585874e-188
1656	5.44629918480901e-188
1657	3.538693807818405e-188
1658	2.2987695564718413e-188
1659	1.4929964041107046e-188
1660	9.694666510213494e-189
1661	6.29386883696477e-189
1662	4.085198054388395e-189
1663	2.6510570406498622e-189
1664	1.7200278071478279e-189
1665	1.1157379786958873e-189
1666	7.236011175749164e-190
1667	4.691874831608199e-190
1668	3.0416111651778557e-190
1669	1.9713828238361364e-190
1670	1.2774624762091208e-190
1671	8.276279628500709e-191
1672	5.36082819231443e-191
1673	3.471668601752325e-191
1674	2.2477819705358495e-191
1675	1.455055514973076e-191
1676	9.417037725631404e-192
1677	6.093380980129529e-192
1678	3.941953878438198e-192
1679	2.5496104832638805e-192
1680	1.648713267066383e-192
1681	1.0659217779433442e-192
1682	6.889922727458861e-193
1683	4.452583643133951e-193
1684	2.8768581445534666e-193
1685	1.8583749405000307e-193
1686	1.2002084235999156e-193
1687	7.749761600391048e-194
1688	5.0029741904802685e-194
1689	3.2290616276560955e-194
1690	2.083686898106562e-194
1691	1.3443010811841228e-194
1692	8.670986261561716e-195
1693	5.591756029335521e-195
1694	3.605251784315206e-195
1695	2.3239702161304186e-195
1696	1.4977281379761539e-195
1697	9.65034402205893e-196
1698	6.216699557982131e-196
1699	4.0039084684313283e-196
1700	2.578193332187522e-196
1701	1.6597925085102378e-196
1702	1.0683141930668692e-196
1703	6.87465605715035e-197
1704	4.422925557172071e-197
1705	2.8449514622642205e-197
1706	1.8295596273611172e-197
1707	1.1763177453924167e-197
1708	7.561518176584474e-198
1709	4.8595887850279416e-198
1710	3.122454421623604e-198
1711	2.0058509427935223e-198
1712	1.2882705092672553e-198
1713	8.272203854729378e-199
1714	5.310568830436211e-199
1715	3.408524356316241e-199
1716	2.18724383913257e-199
1717	1.4032444631480179e-199
1718	9.000667156971098e-200
1719	5.771931779869636e-200
1720	3.7006046755922366e-200
1721	2.3720787679134073e-200
1722	1.5201635713679742e-200
1723	9.739938840060397e-201
1724	6.2391686386356725e-201
1725	3.995781170486814e-201
1726	2.558474164478232e-201
1727	1.6378142083526588e-201
1728	1.04821985554774e-201
1729	6.707244966871205e-202
1730	4.290815915004205e-202
1731	2.7443494714317147e-202
1732	1.7548607165643573e-202
1733	1.1218879512962637e-202
1734	7.170671008013188e-203
1735	4.5821940839654687e-203
1736	2.927456290462198e-203
1737	1.86986607108069e-203
1738	1.1940805171626752e-203
1739	7.623591868817576e-204
1740	4.8661833016760174e-204
1741	3.1054173502285997e-204
1742	1.981317409811271e-204
1743	1.2638356158075519e-204
1744	8.059896436809478e-205
1745	5.138904579265289e-205
1746	3.2757726242884413e-205
1747	2.087655963875675e-205
1748	1.3301664189143706e-205
1749	8.4733428222579e-206
1750	5.39641333154835e-206
1751	3.436031576081311e-206
1752	2.187310698412593e-206
1753	1.3920828371088363e-206
1754	8.857697232530323e-207
1755	5.6347884156022315e-207
1756	3.583730166435067e-207
1757	2.2787347620072172e-207
1758	1.4486147933608938e-207
1759	9.206882375476674e-208
1760	5.8502266337340515e-208
1761	3.716490952448308e-208
1762	2.3604436553527678e-208
1763	1.498836431382539e-208
1764	9.515130794481817e-209
1765	6.039139724038129e-209
1766	3.8320843542730954e-209
1767	2.4310538787949395e-209
1768	1.541890460756406e-209
1769	9.777138007577933e-210
1770	6.198250551079482e-210
1771	3.928488986027623e-210
1772	2.4893207149479566e-210
1773	1.5770117819768934e-210
1774	9.98820999740729e-211
1775	6.324685032264171e-211
1776	4.00394885382994e-211
1777	2.534173755646477e-211
1778	1.6035495126538887e-211
1779	1.014439950976786e-211
1780	6.41605631089695e-212
1781	4.05702522870698e-212
1782	2.5647487984374215e-212
1783	1.6209865544236296e-212
1784	1.0242625786264224e-212
1785	6.470537826019866e-213
1786	4.086641110895191e-213
1787	2.5804148196989585e-213
1788	1.6289559001260738e-213
1789	1.0280772787724062e-213
1790	6.486922234019377e-214
1791	4.092116414989854e-214
1792	2.580794878651124e-214
1793	1.6272529816489876e-214
1794	1.0257761650786051e-214
1795	6.464663600281669e-215
1796	4.0731923165923883e-215
1797	2.565780014482869e-215
1798	1.6158434971619475e-215
1799	1.0173594036243743e-215
1800	6.403900883664898e-216
1801	4.030043598512635e-216
1802	2.5355354592082852e-216
1803	1.5948663265477884e-216
1804	1.0029364135401118e-216
1805	6.305461455898035e-217
1806	3.963278300492277e-217
1807	2.4904987898623964e-217
1808	1.5646313378113447e-217
1809	9.827238347796774e-218
1810	6.170844197950808e-218
1811	3.8739244883694856e-218
1812	2.4313699705701907e-218
1813	1.5256120955619666e-218
1814	9.5704029681471e-219
1815	6.002182555776098e-219
1816	3.763404490647804e-219
1817	2.3590935711527682e-219
1818	1.4784336945763102e-219
1819	9.262981553512956e-220
1820	5.802188774695117e-220
1821	3.6334974746381045e-220
1822	2.2748337765660753e-220
1823	1.4238561457463091e-220
1824	8.909924912641964e-221
1825	5.574081320485312e-221
1826	3.486291722651113e-221
1827	2.1799431029722728e-221
1828	1.3627539273876925e-221
1829	8.516877799573437e-222
1830	5.321498193218992e-222
1831	3.324128394680796e-222
1832	2.075925995318532e-222
1833	1.2960924718709174e-222
1834	8.09002734107674e-223
1835	5.04839940930923e-223
1836	3.149538904578435e-223
1837	1.9643986839088824e-223
1838	1.2249024773683228e-223
1839	7.635938931500095e-224
1840	4.758962337597241e-224
1841	2.965178273785459e-224
1842	1.8470468129336619e-224
1843	1.150253010923993e-224
1844	7.161385752541576e-225
1845	4.457473805608006e-225
1846	2.773756948266363e-225
1847	1.7255824155282676e-225
1848	1.0732243983411443e-225
1849	6.6731781995905e-226
1850	4.148222932087644e-226
1851	2.5779735653449087e-226
1852	1.601701795414731e-226
1853	9.948818776887553e-227
1854	6.177999318718313e-227
1855	3.835398492682567e-227
1856	2.3804510398298547e-227
1857	1.4770457867769918e-227
1858	9.162509285561735e-228
1859	5.682251895351916e-228
1860	3.522994299623018e-228
1861	2.1836781123196687e-228
1862	1.3531637083816945e-228
1863	8.382950832076233e-229
1864	5.1919221197873364e-229
1865	3.2147255959551856e-229
1866	1.9899581822674328e-229
1867	1.231482115494056e-229
1868	7.618968855419696e-230
1869	4.7124638329246e-230
1870	2.9139588614800508e-230
1871	1.801366854863282e-230
1872	1.113279197367111e-230
1873	6.878424980631448e-231
1874	4.2487062854266253e-231
1875	2.623656738364656e-231
1876	1.6197191881836872e-231
1877	9.99665384585166e-232
1878	6.168102759395815e-232
1879	3.804787189111685e-232
1880	2.346339050410414e-232
1881	1.4465471614561181e-232
1882	8.915704358643321e-233
1883	5.493634411524476e-233
1884	3.3841116669720777e-233
1885	2.0840601528832394e-233
1886	1.2830874229256622e-233
1887	7.897369845092768e-234
1888	4.8594680898059793e-234
1889	2.9893365818030474e-234
1890	1.8384021494289974e-234
1891	1.1302789413008127e-234
1892	6.947202557864069e-235
1893	4.2688735300890774e-235
1894	2.622378700532148e-235
1895	1.6104828841063586e-235
1896	9.88769799611545e-236
1897	6.068934310961754e-236
1898	3.7239825140559475e-236
1899	2.2844442798369727e-236
1900	1.400977088748053e-236
1901	8.589320517162084e-237
1902	5.264579432171913e-237
1903	3.2258594242810235e-237
1904	1.9760769739143546e-237
1905	1.2101486593324953e-237
1906	7.408833215869977e-238
1907	4.5345784590377394e-238
1908	2.77459634870263e-238
1909	1.6972204891020208e-238
1910	1.0378917617681183e-238
1911	6.345136702845947e-239
1912	3.877973140578229e-239
1913	2.369426710875866e-239
1914	1.4472921498196194e-239
1915	8.837783303543283e-240
1916	5.39516185933838e-240
1917	3.2926029735136164e-240
1918	2.0088512578159444e-240
1919	1.2252634899763939e-240
1920	7.47109515764442e-241
1921	4.554197636240837e-241
1922	2.7753136715840445e-241
1923	1.690770403752099e-241
1924	1.0297441254673818e-241
1925	6.269687509290687e-242
1926	3.81622626106336e-242
1927	2.322168578738853e-242
1928	1.412617364393925e-242
1929	8.590654688539866e-243
1930	5.222743141127181e-243
1931	3.174252801306937e-243
1932	1.928655010431831e-243
1933	1.1714871691697134e-243
1934	7.113612820985816e-244
1935	4.318295562345107e-244
1936	2.6206179268367307e-244
1937	1.5898787479279362e-244
1938	9.642574479227041e-245
1939	5.84642588639462e-245
1940	3.543692994315229e-245
1941	2.1472849056353533e-245
1942	1.3007413190806242e-245
1943	7.87697790987338e-246
1944	4.76865042584693e-246
1945	2.8860128112212717e-246
1946	1.7460942008355985e-246
1947	1.0560961779756158e-246
1948	6.385654165965165e-247
1949	3.859874425662731e-247
1950	2.3324188896086205e-247
1951	1.408981367187253e-247
1952	8.508813557196965e-248
1953	5.136857921964026e-248
1954	3.10020647085245e-248
1955	1.870457864386342e-248
1956	1.1281561462494895e-248
1957	6.802275190059747e-249
1958	4.1001770012824457e-249
1959	2.470666690264206e-249
1960	1.4882934965963861e-249
1961	8.962426308407376e-250
1962	5.3954158175800516e-250
1963	3.247029775503901e-250
1964	1.9534817830451944e-250
1965	1.1748811059111575e-250
1966	7.063820380405556e-251
1967	4.245670260341382e-251
1968	2.5510177116778125e-251
1969	1.532290094889478e-251
1970	9.20086230342916e-252
1971	5.52300952831736e-252
1972	3.314228776060625e-252
1973	1.9881461650601532e-252
1974	1.1922654905318102e-252
1975	7.147533133871523e-253
1976	4.283488654084818e-253
1977	2.5662384247639302e-253
1978	1.5369297686367608e-253
1979	9.201706441474214e-254
1980	5.507312911216954e-254
1981	3.295094327956964e-254
1982	1.9708445120391195e-254
1983	1.1784006550805762e-254
1984	7.043513947574961e-255
1985	4.2086349805630465e-255
1986	2.513901781916843e-255
1987	1.5011019835601057e-255
1988	8.960384007609217e-256
1989	5.34684084657004e-256
1990	3.189493952239164e-256
1991	1.9019534252921494e-256
1992	1.1337863339323497e-256
1993	6.756401943414176e-257
1994	4.0248743943538935e-257
1995	2.3968532805547525e-257
1996	1.426863746457783e-257
1997	8.491319069986118e-258
1998	5.051485222519592e-258
1999	3.004096978553211e-258
2000	1.7859093400569276e-258
2001	1.06134145777558e-258
2002	6.305227619951648e-259
2003	3.744518567069797e-259
2004	2.2230050159952904e-259
2005	1.3192703047512484e-259
2006	7.826645708001597e-260
2007	4.641579116659992e-260
2008	2.751716478719219e-260
2009	1.6307564473444435e-260
2010	9.660990664318221e-261
2011	5.721382768564182e-261
2012	3.3870902634184176e-261
2013	2.0044655819003443e-261
2014	1.1858128215525837e-261
2015	7.01259927494984e-262
2016	4.1455950841207385e-262
2017	2.4498491857617727e-262
2018	1.4472250170871606e-262
2019	8.546270697796165e-263
2020	5.044994856923335e-263
2021	2.977062391225369e-263
2022	1.7561349824427013e-263
2023	1.0355479735006188e-263
2024	6.104140806462173e-264
2025	3.5968346394018334e-264
2026	2.1186422364313855e-264
2027	1.2474858228511581e-264
2028	7.342670881068269e-265
2029	4.3202866855082564e-265
2030	2.541035541384303e-265
2031	1.493991707069071e-265
2032	8.78060644404379e-266
2033	5.158688649480229e-266
2034	3.0296481969831366e-266
2035	1.7786183220278615e-266
2036	1.0437839012635407e-266
2037	6.1231555416516165e-267
2038	3.5906778675404862e-267
2039	2.1048136060150363e-267
2040	1.233350377920739e-267
2041	7.224279089400172e-268
2042	4.229970678563843e-268
2043	2.475794397121174e-268
2044	1.4485241806804002e-268
2045	8.471697757114988e-269
2046	4.95277113494762e-269
2047	2.8944012719499566e-269
2048	1.6908359099652818e-269
2049	9.87361055097332e-270
2050	5.763441575256699e-270
2051	3.362936985134668e-270
2052	1.9614898066419537e-270
2053	1.143624443689133e-270
2054	6.665157322255526e-271
2055	3.8829923364701245e-271
2056	2.26126449665803e-271
2057	1.3163289815715478e-271
2058	7.65958632026391e-272
2059	4.455264786453274e-272
2060	2.5904105385912296e-272
2061	1.505532326794796e-272
2062	8.746564728554415e-273
2063	5.079376639731317e-273
2064	2.948548813645015e-273
2065	1.7109241410401566e-273
2066	9.923782494834766e-274
2067	5.753701018047384e-274
2068	3.3345745625034204e-274
2069	1.9317733852112433e-274
2070	1.1186495162232433e-274
2071	6.475205033045457e-275
2072	3.7465725010226763e-275
2073	2.1668826510384897e-275
2074	1.252727984606588e-275
2075	7.23932041883008e-276
2076	4.1817488655267495e-276
2077	2.414552854669245e-276
2078	1.3935854226699336e-276
2079	8.03985226795309e-277
2080	4.636386378216478e-277
2081	2.6725616517666075e-277
2082	1.539897732816749e-277
2083	8.868936315843667e-278
2084	5.105827920623537e-278
2085	2.938158766884645e-278
2086	1.690044960843943e-278
2087	9.717054342703953e-279
2088	5.584494108982874e-279
2089	3.2080810377521454e-279
2090	1.842122735107298e-279
2091	1.0573115647740242e-279
2092	6.065938951431596e-280
2093	3.4785893451077844e-280
2094	1.9939662470218935e-280
2095	1.1424610183234237e-280
2096	6.542946332067237e-281
2097	3.745528734646677e-281
2098	2.143187366819452e-281
2099	1.2257835855971664e-281
2100	7.007668242269117e-282
2101	4.004411961856469e-282
2102	2.2872248570487707e-282
2103	1.3058198813416963e-282
2104	7.451803532074369e-283
2105	4.2505254456335455e-283
2106	2.42340692755366e-283
2107	1.38105813981534e-283
2108	7.866813586018196e-284
2109	4.47905526492333e-284
2110	2.5490246072472143e-284
2111	1.449976810294558e-284
2112	8.244168873834305e-285
2113	4.6852294542911345e-285
2114	2.661413637144907e-285
2115	1.5110915566749065e-285
2116	8.575617947899107e-286
2117	4.864471542767781e-286
2118	2.7580418697522137e-286
2119	1.5630048729201617e-286
2120	8.853468333611658e-287
2121	5.012559136493201e-287
2122	2.8365985492178914e-287
2123	1.604456202964589e-287
2124	9.070867066555196e-288
2125	5.1257804701480226e-288
2126	2.8950814003942152e-288
2127	1.634370230380847e-288
2128	9.2220675395495e-289
2129	5.201081336543511e-289
2130	2.9318772225374843e-289
2131	1.651900906147382e-289
2132	9.302668973805703e-290
2133	5.236194721403835e-290
2134	2.9458317028178345e-290
2135	1.656468831517058e-290
2136	9.309815317788324e-291
2137	5.229745868346522e-291
2138	2.936304458072092e-291
2139	1.6477898170695704e-291
2140	9.242341744675091e-292
2141	5.181326390503313e-292
2142	2.9032058826233133e-292
2143	1.625892796818487e-292
2144	9.100859137797019e-293
2145	5.09153240552257e-293
2146	2.847013206044282e-293
2147	1.591125773676999e-293
2148	8.887769926445434e-294
2149	4.9619634355191075e-294
2150	2.7687642059188047e-294
2151	1.5441490832944375e-294
2152	8.607212197309234e-295
2153	4.79518088156549e-295
2154	2.670028215125326e-295
2155	1.485915949962018e-295
2156	8.264932936427604e-296
2157	4.59462712093737e-296
2158	2.5528553328350254e-296
2159	1.4176410251945174e-296
2160	7.868095286466914e-297
2161	4.36450853047148e-297
2162	2.4197060045554262e-297
2163	1.3407582959702796e-297
2164	7.425028545683983e-298
2165	4.1096478476254434e-298
2166	2.2733642872349704e-298
2167	1.25687037398482e-298
2168	6.944933001492432e-299
2169	3.8353130835337086e-299
2170	2.1168390733737183e-299
2171	1.1676916819453664e-299
2172	6.437554324255157e-300
2173	3.5470315600635346e-300
2174	1.9532582387466336e-300
2175	1.074988398419532e-300
2176	5.912843938794976e-301
2177	3.2503984484165744e-301
2178	1.7857610470391634e-301
2179	9.805181816405671e-302
2180	5.380622407730009e-302
2181	2.950889376126927e-302
2182	1.617394162098783e-302
2183	8.859726523539313e-303
2184	4.850262353527871e-303
2185	2.6536862279058032e-303
2186	1.4510162837858735e-303
2187	7.929253799131734e-304
2188	4.330405858802067e-304
2189	2.363524231088829e-304
2190	1.2892157647253741e-304
2191	7.027877041623338e-305
2192	3.828728749374563e-305
2193	2.0845668745925827e-305
2194	1.1342446373071222e-305
2195	6.16774172258368e-306
2196	3.351760891298702e-306
2197	1.8203132882447515e-306
2198	9.879713592273265e-307
2199	5.358787197657308e-307
2200	2.9047678881673626e-307
2201	1.5735405630417385e-307
2202	8.518533622002269e-308
2203	4.60862031251759e-308
2204	2.491695647287903e-308
2205	1.3462812923366395e-308
2206	7.26929258403462e-309
2207	3.922498313405887e-309
2208	2.115175495313736e-309
2209	1.13983452738388e-309
2210	6.13829415693267e-310
2211	3.30341233790484e-310
2212	1.7765841442235e-310
2213	9.548065190472e-311
2214	5.12802636901e-311
2215	2.752257570347e-311
2216	1.4761500669e-311
2217	7.911761813504e-312
2218	4.237559331584e-312
2219	2.26807231853e-312
2220	1.213095900104e-312
2221	6.483792424e-313
2222	3.4630390527e-313
2223	1.8483259883e-313
2224	9.858054346e-314
2225	5.2540457936e-314
2226	2.7982405405e-314
2227	1.489235239e-314
2228	7.9200358e-315
2229	4.208962564e-315
2230	2.235144187e-315
2231	1.1860884e-315
2232	6.2893833e-316
2233	3.33255247e-316
2234	1.7645026e-316
2235	9.3356026e-317
2236	4.935551e-317
2237	2.6073563e-317
2238	1.37637e-317
2239	7.26003e-318
2240	3.826553e-318
2241	2.015314e-318
2242	1.06057e-318
2243	5.57696e-319
2244	2.93035e-319
2245	1.53847e-319
2246	8.071e-320
2247	4.2307e-320
2248	2.216e-320
2249	1.1596e-320
2250	6.06e-321
2251	3.167e-321
2252	1.655e-321
2253	8.65e-322
2254	4.5e-322
2255	2.3e-322
2256	1.24e-322
2257	6.4e-323
2258	3.5e-323
2259	1.5e-323
2260	1e-323
2261	5e-324
2262	0.0
2263	0.0
2264	0.0
2265	0.0
2266	0.0
2267	0.0
2268	0.0
2269	0.0
2270	0.0
2271	0.0
2272	0.0
2273	0.0
2274	0.0
2275	0.0
2276	0.0
2277	0.0
2278	0.0
2279	0.0
2280	0.0
2281	0.0
2282	0.0
2283	0.0
2284	0.0
2285	0.0
2286	0.0
2287	0.0
2288	0.0
2289	0.0
2290	0.0
2291	0.0
2292	0.0
2293	0.0
2294	0.0
2295	0.0
2296	0.0
2297	0.0
2298	0.0
2299	0.0
2300	0.0
2301	0.0
2302	0.0
2303	0.0
2304	0.0
2305	0.0
2306	0.0
2307	0.0
2308	0.0
2309	0.0
2310	0.0
2311	0.0
2312	0.0
2313	0.0
2314	0.0
2315	0.0
2316	0.0
2317	0.0
2318	0.0
2319	0.0
2320	0.0
2321	0.0
2322	0.0
2323	0.0
2324	0.0
2325	0.0
2326	0.0
2327	0.0
2328	0.0
2329	0.0
2330	0.0
2331	0.0
2332	0.0
2333	0.0
2334	0.0
2335	0.0
2336	0.0
2337	0.0
2338	0.0
2339	0.0
2340	0.0
2341	0.0
2342	0.0
2343	0.0
2344	0.0
2345	0.0
2346	0.0
2347	0.0
2348	0.0
2349	0.0
2350	0.0
2351	0.0
2352	0.0
2353	0.0
2354	0.0
2355	0.0
2356	0.0
2357	0.0
2358	0.0
2359	0.0
2360	0.0
2361	0.0
2362	0.0
2363	0.0
2364	0.0
2365	0.0
2366	0.0
2367	0.0
2368	0.0
2369	0.0
2370	0.0
2371	0.0
2372	0.0
2373	0.0
2374	0.0
2375	0.0
2376	0.0
2377	0.0
2378	0.0
2379	0.0
2380	0.0
2381	0.0
2382	0.0
2383	0.0
2384	0.0
2385	0.0
2386	0.0
2387	0.0
2388	0.0
2389	0.0
2390	0.0
2391	0.0
2392	0.0
2393	0.0
2394	0.0
2395	0.0
2396	0.0
2397	0.0
2398	0.0
2399	0.0
2400	0.0
2401	0.0
2402	0.0
2403	0.0
2404	0.0
2405	0.0
2406	0.0
2407	0.0
2408	0.0
2409	0.0
2410	0.0
2411	0.0
2412	0.0
2413	0.0
2414	0.0
2415	0.0
2416	0.0
2417	0.0
2418	0.0
2419	0.0
2420	0.0
2421	0.0
2422	0.0
2423	0.0
2424	0.0
2425	0.0
2426	0.0
2427	0.0
2428	0.0
2429	0.0
2430	0.0
2431	0.0
2432	0.0
2433	0.0
2434	0.0
2435	0.0
2436	0.0
2437	0.0
2438	0.0
2439	0.0
2440	0.0
2441	0.0
2442	0.0
2443	0.0
2444	0.0
2445	0.0
2446	0.0
2447	0.0
2448	0.0
2449	0.0
2450	0.0
2451	0.0
2452	0.0
2453	0.0
2454	0.0
2455	0.0
2456	0.0
2457	0.0
2458	0.0
2459	0.0
2460	0.0
2461	0.0
2462	0.0
2463	0.0
2464	0.0
2465	0.0
2466	0.0
2467	0.0
2468	0.0
2469	0.0
2470	0.0
2471	0.0
2472	0.0
2473	0.0
2474	0.0
2475	0.0
2476	0.0
2477	0.0
2478	0.0
2479	0.0
2480	0.0
2481	0.0
2482	0.0
2483	0.0
2484	0.0
2485	0.0
2486	0.0
2487	0.0
2488	0.0
2489	0.0
2490	0.0
2491	0.0
2492	0.0
2493	0.0
2494	0.0
2495	0.0
2496	0.0
2497	0.0
2498	0.0
2499	0.0
2500	0.0
