k	pvalue
0	1.0000000004513843
1	1.0000000004513843
2	1.0000000004513843
3	1.0000000004513843
4	1.0000000004513843
5	1.0000000004513838
6	1.000000000451383
7	1.0000000004513794
8	1.0000000004513692
9	1.0000000004513405
10	1.0000000004512668
11	1.000000000451087
12	1.00000000045067
13	1.0000000004497454
14	1.0000000004477752
15	1.000000000443726
16	1.0000000004356706
17	1.0000000004201175
18	1.0000000003908982
19	1.0000000003373757
20	1.0000000002416047
21	1.0000000000739306
22	0.9999999997862793
23	0.9999999993021111
24	0.9999999985016146
25	0.9999999972002157
26	0.9999999951178353
27	0.9999999918355089
28	0.9999999867349714
29	0.9999999789155598
30	0.9999999670812777
31	0.999999949389048
32	0.9999999232470487
33	0.9999998850495221
34	0.999999829831577
35	0.9999997508242329
36	0.9999996388862927
37	0.9999994817855741
38	0.9999992632976142
39	0.9999989620852202
40	0.9999985503172294
41	0.9999979919796597
42	0.9999972408271605
43	0.9999962379174602
44	0.9999949086664861
45	0.9999931593571912
46	0.9999908730310381
47	0.9999879046877905
48	0.9999840757169605
49	0.9999791674831937
50	0.9999729139882878
51	0.9999649935346561
52	0.9999550193191076
53	0.9999425288920135
54	0.9999269724254551
55	0.9999076997449452
56	0.9998839460928928
57	0.9998548166081858
58	0.9998192695251044
59	0.9997760981161802
60	0.9997239114274447
61	0.9996611138805624
62	0.9995858838443461
63	0.9994961513077332
64	0.9993895748170626
65	0.9992635178719215
66	0.99911502500539
67	0.9989407978055954
68	0.9987371711654469
69	0.9985000900755898
70	0.9982250873012991
71	0.9979072623065401
72	0.9975412618070764
73	0.9971212623486622
74	0.9966409553154176
75	0.9960935347769088
76	0.9954716885797941
77	0.9947675930807722
78	0.9939729119017315
79	0.9930787990652913
80	0.9920759068393287
81	0.9909543985827081
82	0.989703966841494
83	0.988313856895824
84	0.9867728959028206
85	0.9850695277210703
86	0.983191853438008
87	0.9811276775538815
88	0.9788645597057342
89	0.9763898717430551
90	0.9736908598944648
91	0.9707547116931111
92	0.9675686272584783
93	0.9641198944651611
94	0.9603959674659144
95	0.9563845479780003
96	0.9520736686895045
97	0.9474517780967598
98	0.9425078260461198
99	0.9372313492237326
100	0.9316125558162408
101	0.9256424085538982
102	0.919312705345722
103	0.9126161567241177
104	0.9055464593339103
105	0.8980983647276969
106	0.890267742765609
107	0.8820516389624681
108	0.8734483251783416
109	0.864457343108973
110	0.8550795400996343
111	0.8453170968787397
112	0.8351735468850914
113	0.8246537869438454
114	0.8137640791301309
115	0.8025120437446183
116	0.790906643411099
117	0.7789581583912385
118	0.7666781532950059
119	0.7540794354458755
120	0.7411760052367593
121	0.7279829988848916
122	0.7145166240607438
123	0.7007940889267882
124	0.6868335251759554
125	0.6726539057064385
126	0.6582749576087007
127	0.6437170711718754
128	0.6290012056400365
129	0.6141487924640255
130	0.5991816368016994
131	0.5841218180187705
132	0.5689915899341154
133	0.5538132815378604
134	0.5386091988881477
135	0.5234015288637365
136	0.5082122454150522
137	0.49306301891657567
138	0.4779751291791941
139	0.46296938263300763
140	0.44806603413976615
141	0.4332847138403197
142	0.4186443593868795
143	0.40416315385319546
144	0.38985846955862574
145	0.37574681798512605
146	0.36184380591003545
147	0.3481640978227286
148	0.3347213846402572
149	0.321528358686484
150	0.30859669485132085
151	0.2959370378018824
152	0.28355899507595306
153	0.2714711358503769
154	0.25968099514301257
155	0.24819508317686695
156	0.23701889960902445
157	0.22615695230503818
158	0.21561278032153633
159	0.20538898074585082
160	0.1954872390313958
161	0.18590836246116985
162	0.17665231636895715
163	0.16771826274835894
164	0.15910460088347467
165	0.15080900964163463
166	0.14282849107780193
167	0.13515941501184942
168	0.12779756425360259
169	0.12073818016604723
170	0.11397600827415796
171	0.10750534364513714
172	0.10132007578520368
173	0.0954137328181794
174	0.0897795247317467
175	0.08441038549816439
176	0.07929901389721461
177	0.07443791289001525
178	0.06981942741288438
179	0.06543578048052828
180	0.06127910750728946
181	0.057341488773916
182	0.053614979985182165
183	0.050091640880616364
184	0.0467635618764973
185	0.04362288873210797
186	0.04066184524694467
187	0.03787275400813883
188	0.035248055218747555
189	0.03278032364780468
190	0.030462283752105912
191	0.028286823027651654
192	0.026247003655517177
193	0.02433607251270089
194	0.022547469623260766
195	0.0208748351288372
196	0.019312014860532148
197	0.01785306459612762
198	0.01649225308784231
199	0.015224063946306503
200	0.014043196466245089
201	0.012944565478561718
202	0.011923300312175743
203	0.01097474294714084
204	0.01009444543833056
205	0.009278166686369459
206	0.008521868629575878
207	0.007821711927516349
208	0.007174051203402967
209	0.006575429909040481
210	0.0060225748723932125
211	0.005512390584133395
212	0.005041953275789126
213	0.00460850483836472
214	0.004209446626589278
215	0.0038423331902866227
216	0.0035048659707752816
217	0.003194886996720485
218	0.00291037261048867
219	0.0026494272528129123
220	0.0024102773304765933
221	0.0021912651887718484
222	0.001990843207695501
223	0.0018075680382132937
224	0.001640094992455983
225	0.0014871725994094675
226	0.0013476373355251544
227	0.0012204085377044392
228	0.001104483504299592
229	0.0009989327881184374
230	0.0009028956839172182
231	0.0008155759115093122
232	0.0007362374944008842
233	0.0006642008327814803
234	0.0005988389687410072
235	0.0005395740407473006
236	0.0004858739236931628
237	0.00043724905020096563
238	0.0003932494083491831
239	0.00035346171055126345
240	0.0003175067279658077
241	0.0002850367845411069
242	0.0002557334045898711
243	0.00022930510764493782
244	0.00020548534425760337
245	0.00018403056636101756
246	0.00016471842582620232
247	0.00014734609488237168
248	0.00013172870215139804
249	0.00011769787815383065
250	0.00010510040427655743
251	9.379695934602669e-05
252	8.366095812228494e-05
253	7.45774762146096e-05
254	6.644225611619668e-05
255	5.9160789260487596e-05
256	5.26474692128098e-05
257	4.6824811325898335e-05
258	4.1622734404595415e-05
259	3.69779001418959e-05
260	3.2833106304017864e-05
261	2.9136729855038646e-05
262	2.5842216420740325e-05
263	2.2907612695718494e-05
264	2.029513859674594e-05
265	1.7970796158207323e-05
266	1.5904012351628918e-05
267	1.406731319051943e-05
268	1.2436026653630672e-05
269	1.0988012124139612e-05
270	9.70341419903223e-06
271	8.564438872091222e-06
272	7.555150235372336e-06
273	6.661285977969677e-06
274	5.870090087338401e-06
275	5.170161277619355e-06
276	4.551315781484491e-06
277	4.004463247209224e-06
278	3.521494581214555e-06
279	3.0951806684604287e-06
280	2.719080989076224e-06
281	2.387461229757387e-06
282	2.0952190630158345e-06
283	1.837817336625483e-06
284	1.6112239798313603e-06
285	1.411857992367669e-06
286	1.236540937328284e-06
287	1.0824534097180356e-06
288	9.470959993435336e-07
289	8.282543098280475e-07
290	7.239676351977058e-07
291	6.325009319174584e-07
292	5.523197576766352e-07
293	4.820678788469316e-07
294	4.205472765610864e-07
295	3.6670030697897873e-07
296	3.195937946992351e-07
297	2.784048596084928e-07
298	2.4240829689675693e-07
299	2.1096534765556634e-07
300	1.8351371355612282e-07
301	1.5955868370809148e-07
302	1.386652550485457e-07
303	1.2045113961810125e-07
304	1.0458056295320199e-07
305	9.075876765759747e-08
306	7.872714510284927e-08
307	6.82589262308984e-08
308	5.915536966847986e-08
309	5.12423918846351e-08
310	4.436758999408625e-08
311	3.839761309090708e-08
312	3.3215842743808404e-08
313	2.8720347546901827e-08
314	2.482208044416173e-08
315	2.1443290974109487e-08
316	1.851612765194604e-08
317	1.5981408454492753e-08
318	1.3787539830743309e-08
319	1.1889566856560629e-08
320	1.024833911238042e-08
321	8.829778611567048e-09
322	7.604237665919672e-09
323	6.54593596330593e-09
324	5.632467368183697e-09
325	4.84436805482157e-09
326	4.1647385597461544e-09
327	3.5789132073021964e-09
328	3.0741711318925324e-09
329	2.6394838029731655e-09
330	2.265294563653641e-09
331	1.943326229266167e-09
332	1.6664132661179805e-09
333	1.4283554896368536e-09
334	1.2237905913546018e-09
335	1.048083131097687e-09
336	8.972279192386879e-10
337	7.677659682553032e-10
338	6.56711417024239e-10
339	5.614880287028819e-10
340	4.798740368012974e-10
341	4.0995426686043145e-10
342	3.500785954656244e-10
343	2.9882592630166386e-10
344	2.5497296651770233e-10
345	2.1746717752148032e-10
346	1.8540335397271786e-10
347	1.580033545327564e-10
348	1.3459856903532307e-10
349	1.1461476021837849e-10
350	9.755896492435967e-11
351	8.30081805524989e-11
352	7.059959825299244e-11
353	6.002217552401547e-11
354	5.100936806887787e-11
355	4.3332864484942867e-11
356	3.6797188022086547e-11
357	3.123504764784182e-11
358	2.6503336324098572e-11
359	2.247968803056999e-11
360	1.9059516921427715e-11
361	1.6153472299972436e-11
362	1.3685252040389353e-11
363	1.1589724849312319e-11
364	9.811318495182828e-12
365	8.302636973263794e-12
366	7.0232746349279466e-12
367	5.938799693055925e-12
368	5.01988330971785e-12
369	4.241553755130903e-12
370	3.5825579656335626e-12
371	3.0248152818663985e-12
372	2.5529502676816885e-12
373	2.1538933400640448e-12
374	1.8165395192764312e-12
375	1.5314569702308644e-12
376	1.2906381799814016e-12
377	1.0872876276547753e-12
378	9.156406741179356e-13
379	7.708091483519231e-13
380	6.48649752430976e-13
381	5.456519615512561e-13
382	4.588425721451276e-13
383	3.8570446051026355e-13
384	3.24107465879935e-13
385	2.7224961350173673e-13
386	2.2860715202239293e-13
387	1.9189210129305763e-13
388	1.610161967877137e-13
389	1.3506027963012406e-13
390	1.1324832059974773e-13
391	9.492538574887785e-14
392	7.953895326634657e-14
393	6.662307842406551e-14
394	5.578497795465057e-14
395	4.669366884818694e-14
396	3.907035088509369e-14
397	3.268026858090542e-14
398	2.732582775869267e-14
399	2.2840775673407035e-14
400	1.9085282336627087e-14
401	1.594178515595248e-14
402	1.3311479832600104e-14
403	1.1111358186155473e-14
404	9.271708652743161e-15
405	7.734008022016838e-15
406	6.449143872736383e-15
407	5.375916421225864e-15
408	4.4797763550792145e-15
409	3.7317618939142026e-15
410	3.1076039771068593e-15
411	2.5869732765424358e-15
412	2.1528467994674424e-15
413	1.790975292430581e-15
414	1.4894355756771138e-15
415	1.2382544079215996e-15
416	1.0290925719979416e-15
417	8.549796401737944e-16
418	7.100913729746247e-16
419	5.895629688820848e-16
420	4.893324496658989e-16
421	4.0600936744754995e-16
422	3.367647803968812e-16
423	2.7923908587794395e-16
424	2.3146484124442387e-16
425	1.9180215889594697e-16
426	1.5888464682537964e-16
427	1.3157418987538302e-16
428	1.0892313972785857e-16
429	9.014271126603998e-17
430	7.457657613611613e-17
431	6.167880680824381e-17
432	5.0995461024550573e-17
433	4.2149211302918927e-17
434	3.482652058348592e-17
435	2.876694606589806e-17
436	2.375422124083462e-17
437	1.960882313617669e-17
438	1.6181779618672544e-17
439	1.3349511683833781e-17
440	1.100953926623134e-17
441	9.076907249921836e-18
442	7.48121193004206e-18
443	6.164127908154214e-18
444	5.0773519149379945e-18
445	4.180893864731587e-18
446	3.4416569944270892e-18
447	2.8322585914779905e-18
448	2.330050880469034e-18
449	1.9163083734358212e-18
450	1.5755536128068276e-18
451	1.2949979293333783e-18
452	1.0640777530865984e-18
453	8.740702812237297e-19
454	7.17775028689338e-19
455	5.892500568330633e-19
456	4.835935649983188e-19
457	3.967631041196858e-19
458	3.2542598164847207e-19
459	2.668355174930582e-19
460	2.187287176970722e-19
461	1.7924168683877242e-19
462	1.4683972712807392e-19
463	1.20259593192144e-19
464	9.846180433598202e-20
465	8.059127545132725e-20
466	6.594482607160758e-20
467	5.3944374620499464e-20
468	4.411483024687583e-20
469	3.6065864915496284e-20
470	2.947688957059673e-20
471	2.4084675150983073e-20
472	1.9673156121264728e-20
473	1.6065034412600144e-20
474	1.3114868078762684e-20
475	1.0703383929976424e-20
476	8.73279886834887e-21
477	7.122972242602688e-21
478	5.808242617175729e-21
479	4.734828032490338e-21
480	3.858690048917984e-21
481	3.1437793874170944e-21
482	2.5605954437776162e-21
483	2.085003890085922e-21
484	1.6972664247337607e-21
485	1.3812448539118534e-21
486	1.1237483833800208e-21
487	9.139985178622547e-22
488	7.431905121751721e-22
489	6.0413406306069305e-22
490	4.9095901407560125e-22
491	3.9887438380418114e-22
492	3.2397111592140124e-22
493	2.6306066735126585e-22
494	2.1354296323031446e-22
495	1.7329840846985625e-22
496	1.4059959984451582e-22
497	1.140391663531923e-22
498	9.247080929717705e-23
499	7.496114197856879e-23
500	6.07503626332787e-23
501	4.922015005093012e-23
502	3.9867463188446785e-23
503	3.228316538436861e-23
504	2.613458992850191e-23
505	2.115132446751792e-23
506	1.7113623386906385e-23
507	1.3842965125967897e-23
508	1.1194359645788752e-23
509	9.05008350394925e-24
510	7.314579086822887e-24
511	5.9103028848552616e-24
512	4.774347216009892e-24
513	3.855692105218382e-24
514	3.1129704230709605e-24
515	2.512650948793879e-24
516	2.0275616305377117e-24
517	1.63568969078642e-24
518	1.3192069564039959e-24
519	1.0636783645413683e-24
520	8.574194026597103e-25
521	6.909746067080846e-25
522	5.566944305288789e-25
523	4.483920281117368e-25
524	3.61064935129273e-25
525	2.906694416877903e-25
526	2.339377323805718e-25
527	1.8822972886885444e-25
528	1.5141308297108253e-25
529	1.2176599878587557e-25
530	9.789856306044401e-26
531	7.86890765405292e-26
532	6.323254021159916e-26
533	5.0798987537633863e-26
534	4.0799790142764984e-26
535	3.276041869476947e-26
536	2.629842837372852e-26
537	2.1105671728654028e-26
538	1.6933931099964324e-26
539	1.3583316382781815e-26
540	1.0892898448641188e-26
541	8.733149498229889e-27
542	6.99984342909087e-27
543	5.6091355809737844e-27
544	4.493594901362742e-27
545	3.59900503717226e-27
546	2.881786040066893e-27
547	2.3069168423836446e-27
548	1.8462616922070675e-27
549	1.477222363200716e-27
550	1.181653015402981e-27
551	9.449867567780159e-28
552	7.5553279253730985e-28
553	6.039109962817597e-28
554	4.825971552590682e-28
555	3.85557324137792e-28
556	3.079539045811539e-28
557	2.459094432960541e-28
558	1.9631686426382126e-28
559	1.5668704700372604e-28
560	1.250264334383405e-28
561	9.973877323997005e-29
562	7.954626772326955e-29
563	6.342629896270188e-29
564	5.056067710842895e-29
565	4.029493977635611e-29
566	3.2105721091081097e-29
567	2.557459721681554e-29
568	2.036712837755001e-29
569	1.6216069249310986e-29
570	1.2907922142651716e-29
571	1.0272170206051043e-29
572	8.172658726223367e-30
573	6.500697727767853e-30
574	5.1695435147939014e-30
575	4.1099846035259546e-30
576	3.266811929591204e-30
577	2.5959969020228013e-30
578	2.0624359301813493e-30
579	1.638148168716797e-30
580	1.3008357754921816e-30
581	1.0327340562870284e-30
582	8.196933607066408e-31
583	6.504462051892402e-31
584	5.16022400939356e-31
585	4.092824144362077e-31
586	3.2454515308612333e-31
587	2.572911433310607e-31
588	2.039258895706251e-31
589	1.615912592966977e-31
590	1.280151850025449e-31
591	1.0139192867525622e-31
592	8.02867177671388e-32
593	6.355981080062311e-32
594	5.030604894354252e-32
595	3.980674725372673e-32
596	3.149141607235563e-32
597	2.4907311453825664e-32
598	1.9695219331463076e-32
599	1.5570201954547765e-32
600	1.2306293486306457e-32
601	9.72433771325402e-33
602	7.682325126501943e-33
603	6.067717621377331e-33
604	4.7913534551814205e-33
605	3.782608281814495e-33
606	2.9855543407681283e-33
607	2.3559126452246944e-33
608	1.8586350262810874e-33
609	1.4659863313047338e-33
610	1.1560236861781241e-33
611	9.113909030503018e-34
612	7.183629549954964e-34
613	5.660888297518069e-34
614	4.459917202343016e-34
615	3.5129397049128244e-34
616	2.7664091882213414e-34
617	2.1780312055673197e-34
618	1.7144067465875534e-34
619	1.3491674622442717e-34
620	1.0615005043341397e-34
621	8.349818523076164e-35
622	6.566538344000945e-35
623	5.162959034415243e-35
624	4.058483173849034e-35
625	3.1895677051685103e-35
626	2.506126763213352e-35
627	1.968690767600908e-35
628	1.546163309615853e-35
629	1.2140504576149486e-35
630	9.530633122220849e-36
631	7.480153902240471e-36
632	5.869528377630102e-36
633	4.604684680031232e-36
634	3.611608986702047e-36
635	2.832081957597314e-36
636	2.220318591066305e-36
637	1.7403206825521396e-36
638	1.3637912425998661e-36
639	1.06849197314143e-36
640	8.369499771649251e-37
641	6.554396818730798e-37
642	5.131815936012539e-37
643	4.017118478469564e-37
644	3.1438626091154685e-37
645	2.459902774561451e-37
646	1.9243227287883093e-37
647	1.5050245242308633e-37
648	1.1768336027577774e-37
649	9.200098488417086e-38
650	7.190778977901029e-38
651	5.619084536876895e-38
652	4.3899691499271575e-38
653	3.4289705955360547e-38
654	2.6777655937089377e-38
655	2.090681948471652e-38
656	1.631962256378288e-38
657	1.273617715571331e-38
658	9.937451539102106e-39
659	7.752075939907864e-39
660	6.046000594203486e-39
661	4.714391388584248e-39
662	3.675280374646187e-39
663	2.864592275738009e-39
664	2.232249663131991e-39
665	1.7391235340631388e-39
666	1.3546463207575422e-39
667	1.0549438438371784e-39
668	8.213737126518903e-40
669	6.393819913390181e-40
670	4.9760902528953894e-40
671	3.87190284152916e-40
672	3.012098093077574e-40
673	2.342730509491464e-40
674	1.8217308853997208e-40
675	1.4162987704886582e-40
676	1.1008658671472906e-40
677	8.555057020458919e-41
678	6.646920526168916e-41
679	5.163298590362298e-41
680	4.0099898484151476e-41
681	3.1136420505030944e-41
682	2.417149837667821e-41
683	1.8760656846558746e-41
684	1.4558015709956817e-41
685	1.1294476427096802e-41
686	8.76072195272171e-42
687	6.793970587097401e-42
688	5.267657104134071e-42
689	4.083395988718707e-42
690	3.1647234228624625e-42
691	2.4522253845890888e-42
692	1.8997456587501032e-42
693	1.4714350184418852e-42
694	1.139455473720138e-42
695	8.821945482337326e-43
696	6.828765721221612e-43
697	5.2848295399226205e-43
698	4.089128650359859e-43
699	3.1633094414870168e-43
700	2.4466045887565342e-43
701	1.891895705664899e-43
702	1.4626552878520983e-43
703	1.1305720889285475e-43
704	8.737075813775007e-44
705	6.750650280639561e-44
706	5.214790508546237e-44
707	4.027540937955572e-44
708	3.1099613399308907e-44
709	2.400944027844383e-44
710	1.853195290634473e-44
711	1.4301201805428225e-44
712	1.1034080924095125e-44
713	8.511618782221709e-45
714	6.564484396334074e-45
715	5.061760816514441e-45
716	3.902251426172406e-45
717	3.0077490019667524e-45
718	2.317825491624056e-45
719	1.785799774447636e-45
720	1.3756177226994891e-45
721	1.0594386558483453e-45
722	8.157686390721937e-46
723	6.2801702520431565e-46
724	4.833805078837902e-46
725	3.719805542348552e-46
726	2.8619682416715757e-46
727	2.2015215189836127e-46
728	1.6931471064681048e-46
729	1.3019076087854806e-46
730	1.0008740586719823e-46
731	7.692944105404032e-47
732	5.911799238204675e-47
733	4.542143110892412e-47
734	3.4891212802560976e-47
735	2.6796959041004524e-47
736	2.0576392373634197e-47
737	1.5796734014323147e-47
738	1.212494586920585e-47
739	9.304795212889283e-48
740	7.139181375251782e-48
741	5.476519955363063e-48
742	4.200255146922222e-48
743	3.220783158007361e-48
744	2.4692336809986912e-48
745	1.892682930676625e-48
746	1.45046943490293e-48
747	1.111359114644342e-48
748	8.513643145274408e-49
749	6.5206627121822755e-49
750	4.9932507010722245e-49
751	3.822877852548435e-49
752	2.9262603333236796e-49
753	2.2394999664934206e-49
754	1.713581617067894e-49
755	1.310914102087022e-49
756	1.0026733109309464e-49
757	7.66761900897223e-50
758	5.862427943935995e-50
759	4.481366913791013e-50
760	3.424991934813461e-50
761	2.617126635914046e-50
762	1.9994296438816433e-50
763	1.527227693918148e-50
764	1.1663202043337292e-50
765	8.905293161738716e-51
766	6.798218601713605e-51
767	5.1887002381601205e-51
768	3.959484587264023e-51
769	3.0208935357546814e-51
770	2.304352626867126e-51
771	1.7574350341812312e-51
772	1.3400669955577433e-51
773	1.0216230884110932e-51
774	7.78703113023569e-52
775	5.934309761696494e-52
776	4.521532624759492e-52
777	3.444437800941468e-52
778	2.623422936410851e-52
779	1.9977246449430854e-52
780	1.5209689905865865e-52
781	1.1577707493106839e-52
782	8.81134754411821e-53
783	6.704705377635888e-53
784	5.100758221790639e-53
785	3.879783696944255e-53
786	2.9505167749167054e-53
787	2.243399010846159e-53
788	1.70542601683171e-53
789	1.2962155589821653e-53
790	9.850076975496756e-54
791	7.483764770913018e-54
792	5.684847295346437e-54
793	4.317533443855351e-54
794	3.278467706835322e-54
795	2.4889975171405143e-54
796	1.8892804480370704e-54
797	1.4337943687408025e-54
798	1.0879172017802658e-54
799	8.253219766519351e-55
800	6.2599321674332465e-55
801	4.747167495557367e-55
802	3.599301707982837e-55
803	2.7284800147984398e-55
804	2.067960252473405e-55
805	1.5670488689728574e-55
806	1.1872492235990076e-55
807	8.993325371760283e-56
808	6.8111090393553865e-56
809	5.15744412345573e-56
810	3.9045452299933907e-56
811	2.955463967618226e-56
812	2.2366612822992605e-56
813	1.6923655138195434e-56
814	1.280287676415504e-56
815	9.683680896425939e-57
816	7.323065789927108e-57
817	5.536878809021857e-57
818	4.185590823034534e-57
819	3.163502972749884e-57
820	2.3905591943350368e-57
821	1.8061365824357496e-57
822	1.3643366999307846e-57
823	1.0304157124416834e-57
824	7.780784277878579e-58
825	5.874275635279616e-58
826	4.4340987743241975e-58
827	3.346390002783329e-58
828	2.5250381568989578e-58
829	1.9049324870943116e-58
830	1.4368503391447068e-58
831	1.0835871237757632e-58
832	8.17027250498341e-59
833	6.159276548086188e-59
834	4.642408713813529e-59
835	3.4984655196672743e-59
836	2.6359212401591306e-59
837	1.9856738549200806e-59
838	1.4955609299490294e-59
839	1.1262143572887886e-59
840	8.479276782103138e-60
841	6.382890832164222e-60
842	4.803932788737379e-60
843	3.6149090737658806e-60
844	2.7196864065752397e-60
845	2.0457913051988224e-60
846	1.5385971340393834e-60
847	1.1569368386407523e-60
848	8.697923184094675e-61
849	6.537966936013447e-61
850	4.91350217600135e-61
851	3.691993371830156e-61
852	2.7736524800357225e-61
853	2.083361328932853e-61
854	1.56458303294006e-61
855	1.1747735084386791e-61
856	8.819241364887346e-62
857	6.619572049180891e-62
858	4.967641473389765e-62
859	3.7272821141792406e-62
860	2.796121385621516e-62
861	2.097208242376436e-62
862	1.5727109606946125e-62
863	1.1791746599040737e-62
864	8.839531995299183e-63
865	6.625251359213227e-63
866	4.964750681585953e-63
867	3.7197569824858576e-63
868	2.786466160289928e-63
869	2.0869646995671265e-63
870	1.5627827171173418e-63
871	1.170049687185807e-63
872	8.758550943185725e-64
873	6.555148094954505e-64
874	4.905181577679344e-64
875	3.6698646208521406e-64
876	2.745158432881971e-64
877	2.0530864690817957e-64
878	1.5352162685575245e-64
879	1.1477688235080632e-64
880	8.57949767634056e-65
881	6.411976393500606e-65
882	4.791203585770798e-65
883	3.579480751862415e-65
884	2.6737338412919823e-65
885	1.9968207855137456e-65
886	1.4910177639172276e-65
887	1.113138998317842e-65
888	8.308810789315952e-66
889	6.20085060979211e-66
890	4.6268629348792964e-66
891	3.451795071202454e-66
892	2.574698714735461e-66
893	1.9201312132664738e-66
894	1.4317213962495571e-66
895	1.0673559530713177e-66
896	7.955788486993133e-67
897	5.9289857590804047e-67
898	4.417747089399825e-67
899	3.2911266200267774e-67
900	2.4513858158147166e-67
901	1.8255852490745137e-67
902	1.3593020572318647e-67
903	1.0119365280932075e-67
904	7.53206483458754e-68
905	5.605293261593189e-68
906	4.1706733462228334e-68
907	3.10268435813676e-68
908	2.3077705813433864e-68
909	1.7162135263059245e-68
910	1.2760676341590114e-68
911	9.486364014271717e-69
912	7.050982396693313e-69
913	5.239903170799839e-69
914	3.8933254842951715e-69
915	2.8922911996163064e-69
916	2.1482617977684747e-69
917	1.5953512367988146e-69
918	1.1845390221963616e-69
919	8.793594083790303e-70
920	6.526907718510014e-70
921	4.843648039711054e-70
922	3.5938650298154876e-70
923	2.6660915524246392e-70
924	1.97748180999175e-70
925	1.4664731289093322e-70
926	1.0873263847622174e-70
927	8.060648428099316e-71
928	5.974537600879337e-71
929	4.4275442970982395e-71
930	3.280543935343619e-71
931	2.430262354245814e-71
932	1.8000511579413995e-71
933	1.3330331628425972e-71
934	9.870098946979773e-72
935	7.306788480817158e-72
936	5.408241420481763e-72
937	4.002304610953637e-72
938	2.96134340373952e-72
939	2.1907458472775066e-72
940	1.620391077295033e-72
941	1.1983187044225672e-72
942	8.86032211361459e-73
943	6.550152159952138e-73
944	4.841478415546931e-73
945	3.577909672112827e-73
946	2.64365959082095e-73
947	1.9530191830772686e-73
948	1.4425548267547957e-73
949	1.065327204068051e-73
950	7.866084417812347e-74
951	5.807097419248642e-74
952	4.2863197995310634e-74
953	3.1632608393012533e-74
954	2.334051538219962e-74
955	1.7219118153617165e-74
956	1.2700956377822715e-74
957	9.366708872762138e-75
958	6.906574877272349e-75
959	5.091708788963391e-75
960	3.7530948871255757e-75
961	2.7659269892302697e-75
962	2.0380605582085886e-75
963	1.501477006717291e-75
964	1.1059755884976113e-75
965	8.145123513384246e-76
966	5.997567018451789e-76
967	4.415479479010664e-76
968	3.250169282753425e-76
969	2.3919905825340833e-76
970	1.760104065436999e-76
971	1.2949191290927996e-76
972	9.525162419940566e-77
973	7.005313879877048e-77
974	5.151198632551955e-77
975	3.7871674305694705e-77
976	2.78385267508964e-77
977	2.0459901869947096e-77
978	1.5034411140788367e-77
979	1.1045742090104975e-77
980	8.11388776617439e-78
981	5.9592106423201105e-78
982	4.375968047693483e-78
983	3.212811409926943e-78
984	2.3584247930772126e-78
985	1.7309501391164777e-78
986	1.2702021192152342e-78
987	9.319376927517433e-79
988	6.836388133121944e-79
989	5.0140926676730364e-79
990	3.67691703669606e-79
991	2.6958837193908098e-79
992	1.9762612322356036e-79
993	1.44848311319693e-79
994	1.0614717271082807e-79
995	7.777309000313651e-80
996	5.697393627418756e-80
997	4.1730065242303755e-80
998	3.0559615652186775e-80
999	2.2375498340459566e-80
1000	1.6380364763060625e-80
1001	1.1989483162951238e-80
1002	8.774116886153545e-81
1003	6.419961847895982e-81
1004	4.696643267531251e-81
1005	3.435332800163422e-81
1006	2.512327133091027e-81
1007	1.837002343846385e-81
1008	1.3429795463330736e-81
1009	9.816468330392325e-82
1010	7.17409860780938e-82
1011	5.242103978868448e-82
1012	3.8297476161784524e-82
1013	2.7974409544857003e-82
1014	2.0430451761071072e-82
1015	1.491836726641169e-82
1016	1.08915808276184e-82
1017	7.950361172999276e-83
1018	5.802419573106424e-83
1019	4.234067208629518e-83
1020	3.089105408994529e-83
1021	2.253378188497172e-83
1022	1.6434702151502395e-83
1023	1.1984391759785627e-83
1024	8.737688942953304e-84
1025	6.369474459908685e-84
1026	4.642341378872634e-84
1027	3.382961174332983e-84
1028	2.464809928611501e-84
1029	1.7955452376413257e-84
1030	1.3077832706795257e-84
1031	9.523612733195412e-85
1032	6.934165670601621e-85
1033	5.047929150747325e-85
1034	3.674166661533125e-85
1035	2.6738130026904617e-85
1036	1.9454935720072705e-85
1037	1.415321724890648e-85
1038	1.0294545140300583e-85
1039	7.486619836193227e-86
1040	5.4436606062980424e-86
1041	3.957518508595254e-86
1042	2.8766136376950407e-86
1043	2.0905800126724518e-86
1044	1.5190733448977587e-86
1045	1.1036144923292745e-86
1046	8.016462409793724e-87
1047	5.822035531062723e-87
1048	4.2275979591194804e-87
1049	3.069299409113353e-87
1050	2.22798155600722e-87
1051	1.6170025211879987e-87
1052	1.1733743327624299e-87
1053	8.513129945330444e-88
1054	6.17545190205403e-88
1055	4.4789378607146524e-88
1056	3.2479411673921154e-88
1057	2.3548763260757035e-88
1058	1.7070840184457756e-88
1059	1.23728156537994e-88
1060	8.966212978447118e-89
1061	6.496454949636385e-89
1062	4.7062033991184796e-89
1063	3.408724060048046e-89
1064	2.4685384650815444e-89
1065	1.787371631004104e-89
1066	1.2939477509877895e-89
1067	9.36581437480132e-90
1068	6.777995670318742e-90
1069	4.904378406070398e-90
1070	3.548081669273258e-90
1071	2.5664346133114086e-90
1072	1.8560675073706318e-90
1073	1.3420982428927856e-90
1074	9.702906157111202e-91
1075	7.013686430482958e-91
1076	5.068948260593744e-91
1077	3.6628267489001185e-91
1078	2.646317256711173e-91
1079	1.911588726657335e-91
1080	1.3806196154036198e-91
1081	9.969666984406311e-92
1082	7.198040810720503e-92
1083	5.196070132662281e-92
1084	3.750271909666979e-92
1085	2.7063101666678e-92
1086	1.9526277028056123e-92
1087	1.4086023072640468e-92
1088	1.0159782751626433e-92
1089	7.326685172266319e-93
1090	5.282721643376102e-93
1091	3.8083338979028155e-93
1092	2.744981414416007e-93
1093	1.9782032101343644e-93
1094	1.4253762077999664e-93
1095	1.0268694234623287e-93
1096	7.3965305928584e-94
1097	5.326819938426917e-94
1098	3.835615836254621e-94
1099	2.761400005425492e-94
1100	1.987699258817104e-94
1101	1.4305372478578423e-94
1102	1.029377826098255e-94
1103	7.405895763698297e-95
1104	5.327304644947516e-95
1105	3.831462907290045e-95
1106	2.75517301585e-95
1107	1.980889676382255e-95
1108	1.4239635268119418e-95
1109	1.0234452385944273e-95
1110	7.354574041659862e-96
1111	5.284180112931819e-96
1112	3.795988390468431e-96
1113	2.7264611692758233e-96
1114	1.9579470299614994e-96
1115	1.4058200798211914e-96
1116	1.0092197260065404e-96
1117	7.243840935152251e-97
1118	5.198514599385242e-97
1119	3.7300686117469095e-97
1120	2.675971994479123e-97
1121	1.919435399566573e-97
1122	1.376552026022599e-97
1123	9.870495495311131e-98
1124	7.07640165031487e-98
1125	5.072396476278396e-98
1126	3.63530711575548e-98
1127	2.604930967950694e-98
1128	1.8662874225778535e-98
1129	1.3368664928736121e-98
1130	9.574690537505312e-99
1131	6.856281695972859e-99
1132	4.908849957995684e-99
1133	3.5139700970512957e-99
1134	2.5150322776610505e-99
1135	1.7997669083749274e-99
1136	1.287704337292029e-99
1137	9.211773497411635e-100
1138	6.588666698725431e-100
1139	4.711715076993661e-100
1140	3.368896705728691e-100
1141	2.408371958740893e-100
1142	1.7214191069276943e-100
1143	1.230203236081708e-100
1144	8.790109764777285e-101
1145	6.279700290730652e-101
1146	4.485498530543549e-101
1147	3.20338916291709e-101
1148	2.2873670697089575e-101
1149	1.6330113517240537e-101
1150	1.1656541583073763e-101
1151	8.319120264204217e-102
1152	5.936251017817574e-102
1153	4.23520344896141e-102
1154	3.0210885951870494e-102
1155	2.1546652388415957e-102
1156	1.536467243989706e-102
1157	1.0954535323541815e-102
1158	7.808934215358009e-103
1159	5.565660543770787e-103
1160	3.9661470087453717e-103
1161	2.825843064923892e-103
1162	2.0130492753504793e-103
1163	1.433797776205426e-103
1164	1.0210535637712386e-103
1165	7.270031126310257e-104
1166	5.175485930787123e-104
1167	3.683775091016033e-104
1168	2.6215744113749464e-104
1169	1.865341594847624e-104
1170	1.3270328006841528e-104
1171	9.439131429232761e-105
1172	6.712889464169499e-105
1173	4.773248455988831e-105
1174	3.3934828732704512e-105
1175	2.4121502340164043e-105
1176	1.714312963567988e-105
1177	1.2181560434156366e-105
1178	8.654516128919152e-106
1179	6.147658088310679e-106
1180	4.3662003434663875e-106
1181	3.100449392929497e-106
1182	2.2012666880405173e-106
1183	1.562599554214033e-106
1184	1.1090464705647722e-106
1185	7.870073682162718e-107
1186	5.583864254447433e-107
1187	3.9611190700895305e-107
1188	2.8094928254551455e-107
1189	1.9923467900448374e-107
1190	1.412631580036697e-107
1191	1.0014282739325325e-107
1192	7.098028531182989e-108
1193	5.0301690200277656e-108
1194	3.5641367028692115e-108
1195	2.5249515976388096e-108
1196	1.7884577388390547e-108
1197	1.2665758980278441e-108
1198	8.968311002343619e-109
1199	6.349170589266166e-109
1200	4.494177459716263e-109
1201	3.1806092333710935e-109
1202	2.250594644510404e-109
1203	1.5922494408676378e-109
1204	1.1262940188153284e-109
1205	7.965614593079275e-110
1206	5.632661221295039e-110
1207	3.982307505546815e-110
1208	2.815028286046855e-110
1209	1.9895622566546338e-110
1210	1.405915092862323e-110
1211	9.933160022101562e-111
1212	7.01685559935024e-111
1213	4.9559213368305006e-111
1214	3.499717722021103e-111
1215	2.4709750788831894e-111
1216	1.744337185964339e-111
1217	1.2311734098005954e-111
1218	8.688298196916624e-112
1219	6.130231856765275e-112
1220	4.324598198606284e-112
1221	3.0502911439550315e-112
1222	2.151114269264181e-112
1223	1.5167440959739554e-112
1224	1.0692709736739474e-112
1225	7.53684983936453e-113
1226	5.311516755698448e-113
1227	3.7426037182490695e-113
1228	2.636669629369584e-113
1229	1.8572234530602034e-113
1230	1.3079741456944823e-113
1231	9.210022781355601e-114
1232	6.4840862188288015e-114
1233	4.564186436678015e-114
1234	3.2122140415686564e-114
1235	2.2603311387684023e-114
1236	1.5902526862504574e-114
1237	1.1186305403170271e-114
1238	7.867443935186783e-115
1239	5.532317265398161e-115
1240	3.889617733129615e-115
1241	2.7342182214494473e-115
1242	1.9217010113713506e-115
1243	1.3504075067236746e-115
1244	9.48790293132419e-116
1245	6.665027906460778e-116
1246	4.6812307202535634e-116
1247	3.2873386101481663e-116
1248	2.3081027562215714e-116
1249	1.620287673690679e-116
1250	1.1372485472944097e-116
1251	7.980772149442123e-117
1252	5.599647333422327e-117
1253	3.928282090989144e-117
1254	2.755312543054883e-117
1255	1.9322586784015174e-117
1256	1.3548332381425619e-117
1257	9.498009099031721e-118
1258	6.657412482878914e-118
1259	4.66556753328359e-118
1260	3.269110549013564e-118
1261	2.2902391259731084e-118
1262	1.6041985942638213e-118
1263	1.123470038530269e-118
1264	7.866669465499539e-119
1265	5.507396418431593e-119
1266	3.855030180803896e-119
1267	2.697958214324925e-119
1268	1.8878549799431364e-119
1269	1.3207724364780016e-119
1270	9.238751849892262e-120
1271	6.461368760070501e-120
1272	4.5181605024743104e-120
1273	3.158818443320048e-120
1274	2.208073573871739e-120
1275	1.5432214860018916e-120
1276	1.078372513329836e-120
1277	7.534165676114516e-121
1278	5.262926582873895e-121
1279	3.675743747692195e-121
1280	2.566781456791527e-121
1281	1.7920837017053046e-121
1282	1.250988733506688e-121
1283	8.731205264839103e-122
1284	6.09285257480644e-122
1285	4.251016523836108e-122
1286	2.9654496032825013e-122
1287	2.068301817522415e-122
1288	1.4423241328146181e-122
1289	1.0056280921757897e-122
1290	7.010314032844267e-123
1291	4.886108175049274e-123
1292	3.404977058043917e-123
1293	2.3724156974749286e-123
1294	1.6526955323375012e-123
1295	1.1511193678957561e-123
1296	8.016287628078406e-124
1297	5.58150891297977e-124
1298	3.885575325932535e-124
1299	2.7044838955250996e-124
1300	1.8820831289336229e-124
1301	1.3095392399317884e-124
1302	9.110107918442126e-125
1303	6.336563550495666e-125
1304	4.406657666210679e-125
1305	3.064009126761924e-125
1306	2.1300803967842848e-125
1307	1.4805637545776956e-125
1308	1.0289242066611232e-125
1309	7.149320823304583e-126
1310	4.966738500413323e-126
1311	3.4498712459356626e-126
1312	2.395849527730467e-126
1313	1.663570559715645e-126
1314	1.1549094245998683e-126
1315	8.016404304450396e-127
1316	5.563348465782193e-127
1317	3.8602715233764545e-127
1318	2.6780850036629103e-127
1319	1.8576151831154455e-127
1320	1.2882851827692052e-127
1321	8.932913152798501e-128
1322	6.192970722632392e-128
1323	4.292692029531421e-128
1324	2.9749878871230616e-128
1325	2.0614148996629216e-128
1326	1.4281385201616683e-128
1327	9.892360700964392e-129
1328	6.851003913263588e-129
1329	4.7438737610221735e-129
1330	3.284253270786289e-129
1331	2.2733418240598656e-129
1332	1.5733212183171927e-129
1333	1.0886658195229983e-129
1334	7.531756644156149e-130
1335	5.209816745999016e-130
1336	3.6030730320731696e-130
1337	2.4914266477206123e-130
1338	1.7224536355174354e-130
1339	1.1906149829007624e-130
1340	8.22847751110206e-131
1341	5.685804749197416e-131
1342	3.928155593594687e-131
1343	2.713374118201383e-131
1344	1.873936639852439e-131
1345	1.2939703570445547e-131
1346	8.93342351759867e-132
1347	6.166456366076848e-132
1348	4.2557638009865036e-132
1349	2.9365909427944973e-132
1350	2.0259720524232394e-132
1351	1.3974860213734023e-132
1352	9.637968281280328e-133
1353	6.645803274385509e-133
1354	4.5817713147826425e-133
1355	3.158226298268791e-133
1356	2.1765916633427785e-133
1357	1.4998040655630202e-133
1358	1.0332749734764939e-133
1359	7.117395239356137e-134
1360	4.901737100546343e-134
1361	3.3752245664899124e-134
1362	2.3236944946890773e-134
1363	1.599480871829718e-134
1364	1.1007855180834013e-134
1365	7.574430198661123e-135
1366	5.2109967291613975e-135
1367	3.584389317451933e-135
1368	2.4650915749632177e-135
1369	1.6950184039140435e-135
1370	1.1653039650173052e-135
1371	8.009906450295219e-136
1372	5.504768312536294e-136
1373	3.7824569588431146e-136
1374	2.5985570809830038e-136
1375	1.7848996781276462e-136
1376	1.225797163935989e-136
1377	8.416792704280138e-137
1378	5.778270049719169e-137
1379	3.966177899647295e-137
1380	2.721884319602803e-137
1381	1.867627335009306e-137
1382	1.28124985908623e-137
1383	8.788210615193843e-138
1384	6.02684559768337e-138
1385	4.132402570630179e-138
1386	2.8329446877818575e-138
1387	1.9417640098974818e-138
1388	1.330692302850038e-138
1389	9.11762346334275e-139
1390	6.246092861283493e-139
1391	4.2781692415488e-139
1392	2.9297474886452827e-139
1393	2.0059730327040964e-139
1394	1.3732279185870458e-139
1395	9.39902396786041e-140
1396	6.431991364657954e-140
1397	4.400790304421367e-140
1398	3.010498313679173e-140
1399	2.059057884796587e-140
1400	1.408059934958298e-140
1401	9.627113852594872e-141
1402	6.581023159040891e-141
1403	4.4979335784292646e-141
1404	3.073653642717255e-141
1405	2.0999988141902521e-141
1406	1.4345159047905992e-141
1407	9.797467785871073e-142
1408	6.69028226500321e-142
1409	4.5676952507782895e-142
1410	3.1179693735516777e-142
1411	2.1279850650264395e-142
1412	1.4520690682546124e-142
1413	9.906674697516038e-143
1414	6.757567951137768e-143
1415	4.608661304516908e-143
1416	3.1425411742788603e-143
1417	2.1424413143632087e-143
1418	1.4603556226525138e-143
1419	9.952450236657008e-144
1420	6.781457710521971e-144
1421	4.6199546931921224e-144
1422	3.1468348486822255e-144
1423	2.143047124226425e-144
1424	1.4591871158272264e-144
1425	9.933715243018736e-145
1426	6.761356588587087e-145
1427	4.6012660862029e-145
1428	3.130705305157536e-145
1429	2.129748500019487e-145
1430	1.4485573799963766e-145
1431	9.850636510549551e-146
1432	6.697520503195819e-146
1433	4.552866700182561e-146
1434	3.0944032029631536e-146
1435	2.102760983457423e-146
1436	1.4286436574284788e-146
1437	9.704627752070096e-147
1438	6.591052327889974e-147
1439	4.475602513985767e-147
1440	3.038568890055133e-147
1441	2.0625640809704252e-147
1442	1.399801826062092e-147
1443	9.498310438118016e-148
1444	6.443870720211837e-148
1445	4.370869994541153e-148
1446	2.9642138143207735e-148
1447	2.009887216147684e-148
1448	1.3625558974810255e-148
1449	9.23543598257924e-149
1450	6.258652900045904e-149
1451	4.240574290804826e-149
1452	2.872690152331242e-149
1453	1.9456877751215464e-149
1454	1.3175822164745744e-149
1455	8.920772478875768e-150
1456	6.038753747910301e-150
1457	4.0870716355932224e-150
1458	2.7656499244292046e-150
1459	1.8711221649414933e-150
1460	1.2656890259603292e-150
1461	8.55996075394844e-151
1462	5.7881046330752923e-151
1463	3.913098385294721e-151
1464	2.6449953220067943e-151
1465	1.787511106877531e-151
1466	1.2077922599329344e-151
1467	8.15934581393666e-152
1468	5.5110962373409984e-152
1469	3.7216896863555785e-152
1470	2.5128223364978834e-152
1471	1.696300622335282e-152
1472	1.144888579286129e-152
1473	7.72579073333061e-153
1474	5.212450265381438e-153
1475	3.516091154683164e-153
1476	2.3713600303760387e-153
1477	1.5990203261392707e-153
1478	1.0780267628482768e-153
1479	7.266480637889913e-154
1480	4.8970852951004705e-154
1481	3.299667170000227e-154
1482	2.2229079162064036e-154
1483	1.4972407130145186e-154
1484	1.0082786044068796e-154
1485	6.788724625356466e-155
1486	4.569982107029839e-155
1487	3.075809413955609e-155
1488	2.0697739066261256e-155
1489	1.3925311064275165e-155
1490	9.3671044533532e-156
1491	6.299763257606798e-156
1492	4.236053643874994e-156
1493	2.847849122766153e-156
1494	1.914215170336274e-156
1495	1.2864198384014453e-156
1496	8.643563949188731e-157
1497	5.806588669641063e-157
1498	3.9000243104899294e-157
1499	2.6189761982393603e-157
1500	1.7583839888245027e-157
1501	1.1803580535074323e-157
1502	7.921941632816829e-158
1503	5.315783423675874e-158
1504	3.5663226665934463e-158
1505	2.3921678510822082e-158
1506	1.6042803742489417e-158
1507	1.0756882933130806e-158
1508	7.211242644744902e-159
1509	4.833383058328032e-159
1510	3.2389907372868355e-159
1511	2.170128871186946e-159
1512	1.4537128043978642e-159
1513	9.736187357477141e-160
1514	6.519531513870719e-160
1515	4.3647659241510626e-160
1516	2.9216122260079284e-160
1517	1.9552449699765195e-160
1518	1.3082679827864317e-160
1519	8.752036556547258e-161
1520	5.853806324555003e-161
1521	3.9145724452560835e-161
1522	2.6172609209794376e-161
1523	1.7495499609424892e-161
1524	1.1692900687674281e-161
1525	7.813303573365908e-162
1526	5.219917056268268e-162
1527	3.4866544904807764e-162
1528	2.328469599158232e-162
1529	1.554706876552705e-162
1530	1.037869371235543e-162
1531	6.927125254691699e-163
1532	4.622527400156123e-163
1533	3.084054158994426e-163
1534	2.057218806278846e-163
1535	1.3720024995276621e-163
1536	9.148400845925012e-164
1537	6.0988966365768205e-164
1538	4.065117509500235e-164
1539	2.7090100558786983e-164
1540	1.8049440750388646e-164
1541	1.2023542451821298e-164
1542	8.00786287521532e-165
1543	5.332320534790884e-165
1544	3.550023583581285e-165
1545	2.36298810961354e-165
1546	1.5725594723714335e-165
1547	1.0463278926755457e-165
1548	6.960551389331701e-166
1549	4.6295048077526465e-166
1550	3.0785089784028364e-166
1551	2.0467332044083245e-166
1552	1.3604948654880998e-166
1553	9.041643417927897e-167
1554	6.0077600053828454e-167
1555	3.991098459224991e-167
1556	2.650860717234639e-167
1557	1.760337386029563e-167
1558	1.1687439764852639e-167
1559	7.758133746967204e-168
1560	5.148840952706358e-168
1561	3.4164570245450067e-168
1562	2.266504845802711e-168
1563	1.5033201518716582e-168
1564	9.969201559486501e-169
1565	6.609723270420302e-169
1566	4.38147273025048e-169
1567	2.903827516698431e-169
1568	1.9241340229962888e-169
1569	1.2747163394750206e-169
1570	8.443168351945313e-170
1571	5.591276106242404e-170
1572	3.701944928131825e-170
1573	2.450543543904139e-170
1574	1.6218410187432619e-170
1575	1.0731673535587122e-170
1576	7.099697934609598e-171
1577	4.695971651093011e-171
1578	3.1054473251873467e-171
1579	2.053221970357366e-171
1580	1.3572523506019487e-171
1581	8.970118805316539e-172
1582	5.927186727692694e-172
1583	3.91572129866966e-172
1584	2.5863519031716157e-172
1585	1.7079535811952578e-172
1586	1.1276570634591072e-172
1587	7.443727854921871e-173
1588	4.912655575587011e-173
1589	3.2415629660506376e-173
1590	2.138478304356371e-173
1591	1.4104815280951987e-173
1592	9.301265715539687e-174
1593	6.132375213929454e-174
1594	4.042288754580797e-174
1595	2.6640220683595606e-174
1596	1.755335349494407e-174
1597	1.1563627692897719e-174
1598	7.61622468565908e-175
1599	5.015300558550887e-175
1600	3.301913376745649e-175
1601	2.17343073644973e-175
1602	1.4303333826224477e-175
1603	9.411091801132627e-176
1604	6.1909020471824555e-176
1605	4.071729946377939e-176
1606	2.6774109349810175e-176
1607	1.7602001551410314e-176
1608	1.1569642901043186e-176
1609	7.603064127119758e-177
1610	4.995374737283336e-177
1611	3.2813921504468312e-177
1612	2.1550569901689287e-177
1613	1.4150437510183148e-177
1614	9.289479489614725e-178
1615	6.097098578728325e-178
1616	4.000970024034187e-178
1617	2.6249288861153504e-178
1618	1.721788765424442e-178
1619	1.1291514577892875e-178
1620	7.403455159871807e-179
1621	4.853181580948617e-179
1622	3.1807415986747314e-179
1623	2.0842025002992152e-179
1624	1.3654035567345672e-179
1625	8.943173533995085e-180
1626	5.8564132429575755e-180
1627	3.8342560806568913e-180
1628	2.5098038281680847e-180
1629	1.6425084690309584e-180
1630	1.0746933249254623e-180
1631	7.030245560070475e-181
1632	4.5979618453432905e-181
1633	3.006554436024115e-181
1634	1.9655384088823686e-181
1635	1.2847027914102024e-181
1636	8.395225857911685e-182
1637	5.484923808360803e-182
1638	3.582755944879688e-182
1639	2.3397646568152693e-182
1640	1.5276904571461133e-182
1641	9.972561104862134e-183
1642	6.508577939077647e-183
1643	4.246914222260884e-183
1644	2.7705676348407455e-183
1645	1.8070568812011068e-183
1646	1.178372504829001e-183
1647	7.682472238481243e-184
1648	5.007568872433002e-184
1649	3.2633248320734584e-184
1650	2.1261849190147025e-184
1651	1.384997610159296e-184
1652	9.019951184034702e-185
1653	5.8730869697562133e-185
1654	3.823276148788266e-185
1655	2.4883519256077062e-185
1656	1.6191785601503504e-185
1657	1.0533783850086928e-185
1658	6.8514214606563205e-186
1659	4.455367119506086e-186
1660	2.8966281363813815e-186
1661	1.882817987678098e-186
1662	1.2235738405827297e-186
1663	7.949836283525016e-187
1664	5.164071531285153e-187
1665	3.353762326459596e-187
1666	2.1776004006426846e-187
1667	1.4136108561959358e-187
1668	9.174602107992918e-188
1669	5.95319614695969e-188
1670	3.862056617368919e-188
1671	2.5049120076873418e-188
1672	1.624320069881874e-188
1673	1.0530668618459125e-188
1674	6.825671535821467e-189
1675	4.423233124333871e-189
1676	2.8657557996349554e-189
1677	1.8562793744013497e-189
1678	1.2021321382247947e-189
1679	7.783334353448778e-190
1680	5.038295983556164e-190
1681	3.26066422592818e-190
1682	2.109758722401882e-190
1683	1.3647833449797021e-190
1684	8.826707732068729e-191
1685	5.707393123404243e-191
1686	3.6896123192324354e-191
1687	2.3846656108027013e-191
1688	1.540912381365346e-191
1689	9.954787665757987e-192
1690	6.42968289648291e-192
1691	4.1519345834034265e-192
1692	2.6804933886213444e-192
1693	1.7301436571441207e-192
1694	1.1164844315480566e-192
1695	7.203211316456983e-193
1696	4.646249335379492e-193
1697	2.9962747556433487e-193
1698	1.9318055954411976e-193
1699	1.2452247928114956e-193
1700	8.024806087790075e-194
1701	5.170394444620821e-194
1702	3.3305429609484796e-194
1703	2.1449073157361138e-194
1704	1.3810329473493967e-194
1705	8.889993823552853e-195
1706	5.721378510498961e-195
1707	3.681303249266616e-195
1708	2.3681221007460705e-195
1709	1.5230286074036431e-195
1710	9.792946767104057e-196
1711	6.2953514286454775e-196
1712	4.04601702133622e-196
1713	2.599779182974906e-196
1714	1.6701140767317634e-196
1715	1.0726464928820922e-196
1716	6.887597998706916e-197
1717	4.421600958416662e-197
1718	2.8378652327776003e-197
1719	1.820976505868015e-197
1720	1.1681998794422212e-197
1721	7.492557704746781e-198
1722	4.80444300376384e-198
1723	3.0800366863692917e-198
1724	1.9740971072078137e-198
1725	1.2649716650145194e-198
1726	8.10387305400227e-199
1727	5.190436595800376e-199
1728	3.323643720704445e-199
1729	2.1277677908856007e-199
1730	1.3618619116745363e-199
1731	8.714467901949938e-200
1732	5.575033918338524e-200
1733	3.5657662697105335e-200
1734	2.280115412826525e-200
1735	1.4576701726575613e-200
1736	9.316656048365308e-201
1737	5.953318191327638e-201
1738	3.803261996011137e-201
1739	2.429133516026914e-201
1740	1.5511164377407252e-201
1741	9.902279102039237e-202
1742	6.320094199330812e-202
1743	4.0328256028994568e-202
1744	2.5727211076461656e-202
1745	1.6408664336937336e-202
1746	1.0462871236515136e-202
1747	6.669995380948939e-203
1748	4.2510583170477227e-203
1749	2.7087276637049284e-203
1750	1.7255607256512407e-203
1751	1.0989847063073949e-203
1752	6.997604924488321e-204
1753	4.4545458216288975e-204
1754	2.8350032083985716e-204
1755	1.8038468499587636e-204
1756	1.1474707506091835e-204
1757	7.297587481970731e-205
1758	4.639942403286586e-205
1759	2.9494519961122396e-205
1760	1.874413512615381e-205
1761	1.190925735999222e-205
1762	7.564827375870112e-206
1763	4.8040586267994146e-206
1764	3.0500880513401765e-206
1765	1.9360257225581275e-206
1766	1.2285827215800344e-206
1767	7.794568580360381e-207
1768	4.943949499219391e-207
1769	3.135090614062305e-207
1770	1.987559607580846e-207
1771	1.2597491741908661e-207
1772	7.98255135632171e-208
1773	5.0569998582703565e-208
1774	3.2028574124869974e-208
1775	2.0280355928272097e-208
1776	1.2838275949578177e-208
1777	8.125140243762581e-209
1778	5.141003639825694e-209
1779	3.252053654436595e-209
1780	2.0566486151812849e-209
1781	1.300334111327457e-209
1782	8.219438192210693e-210
1783	5.194233760851027e-210
1784	3.2816547011059664e-210
1785	2.0727941058989564e-210
1786	1.3089142472408289e-210
1787	8.26338195064398e-211
1788	5.215499602727112e-211
1789	3.290980564672137e-211
1790	2.076088599071616e-211
1791	1.3093551713116725e-211
1792	8.255814439703579e-212
1793	5.20418949079107e-212
1794	3.279720650070818e-212
1795	2.0663840115286432e-212
1796	1.301593848927101e-212
1797	8.196530669807921e-213
1798	5.1602961242946615e-213
1799	3.2479475304780746e-213
1800	2.0437748829893757e-213
1801	1.2857206838206048e-213
1802	8.086294813037396e-214
1803	5.084423591958658e-214
1804	3.1961189887891295e-214
1805	2.008598152338509e-214
1806	1.2619784202771798e-214
1807	7.926827233696597e-215
1808	4.977775378339194e-215
1809	3.1250680515471203e-215
1810	1.9614253622569806e-215
1811	1.2307562791973084e-215
1812	7.720761570133735e-216
1813	4.8421235849679716e-216
1814	3.035981261186677e-216
1815	1.9030475132297622e-216
1816	1.1925795089027777e-216
1817	7.471573269030023e-217
1818	4.6797604130395976e-217
1819	2.9303659486378346e-217
1820	1.834453111023162e-217
1821	1.1480947333022222e-217
1822	7.183482229983832e-218
1823	4.4934337352575417e-218
1824	2.8100077522920755e-218
1825	1.7568002508778506e-218
1826	1.0980516644410307e-218
1827	6.861333351699344e-219
1828	4.2862692790084425e-219
1829	2.676920053557085e-219
1830	1.6713838398837306e-219
1831	1.0432819030522705e-219
1832	6.510459716871422e-220
1833	4.061682511801519e-220
1834	2.5332873396273847e-220
1835	1.579599261640735e-220
1836	9.84675670636578e-221
1837	6.136533857668776e-221
1838	3.823283730943329e-221
1839	2.3814047416326397e-221
1840	1.4829039231088912e-221
1841	9.231573932227183e-222
1842	5.74541296900876e-222
1843	3.57478009054418e-222
1844	2.223616118407152e-222
1845	1.3827781854526677e-222
1846	8.596610864109181e-223
1847	5.342984061811288e-223
1848	3.3198783393796924e-223
1849	2.0622530574019604e-223
1850	1.2806871662667987e-223
1851	7.951064726607811e-224
1852	4.935014871105601e-224
1853	3.062191894024779e-224
1854	1.8995770470251728e-224
1855	1.1780448122300632e-224
1856	7.303766971551459e-225
1857	4.5270158712425765e-225
1858	2.805155546045635e-225
1859	1.737726848553853e-225
1860	1.0761814859110016e-225
1861	6.662984028725741e-226
1862	4.124118036839218e-226
1863	2.551950623559501e-226
1864	1.5786727768831645e-226
1865	9.763160990778768e-227
1866	6.036247860782599e-227
1867	3.7309700725137823e-227
1868	2.3054428286578386e-227
1869	1.4241792092128758e-227
1870	8.795335715457712e-228
1871	5.430220895062172e-228
1872	3.351657776843272e-228
1873	2.0681342918901028e-228
1874	1.2757762044142144e-228
1875	7.867681154550991e-229
1876	4.850598124126669e-229
1877	2.9896470725900057e-229
1878	1.8421306654963217e-229
1879	1.1347406601479402e-229
1880	6.9879255698213775e-230
1881	4.30204735209776e-230
1882	2.6477510940105932e-230
1883	1.629123361023525e-230
1884	1.0020869865632556e-230
1885	6.162136275312555e-231
1886	3.788186819507545e-231
1887	2.3281206376878777e-231
1888	1.4303863644782943e-231
1889	8.785668593705432e-232
1890	5.3947289971599175e-232
1891	3.311597859036101e-232
1892	2.0322563131283436e-232
1893	1.2467864681853265e-232
1894	7.646772524694374e-233
1895	4.688528227342356e-233
1896	2.8738688954646333e-233
1897	1.7610399196967552e-233
1898	1.0788052706974843e-233
1899	6.60675657538843e-234
1900	4.0448713676788153e-234
1901	2.4756660622370816e-234
1902	1.5147819603066565e-234
1903	9.265709334397614e-235
1904	5.6660118588271764e-235
1905	3.463748228688674e-235
1906	2.1168249977691556e-235
1907	1.29328179787493e-235
1908	7.898974548797023e-236
1909	4.823001212538619e-236
1910	2.9439667577335887e-236
1911	1.7964580172296718e-236
1912	1.095896771352153e-236
1913	6.683291302732702e-237
1914	4.074544504559923e-237
1915	2.4833357094814914e-237
1916	1.513070817632422e-237
1917	9.216166037774654e-238
1918	5.61187899282196e-238
1919	3.41611935125666e-238
1920	2.0788552946266906e-238
1921	1.2646831340295751e-238
1922	7.691396330880802e-239
1923	4.6762142969028045e-239
1924	2.842163927851022e-239
1925	1.7269075794501538e-239
1926	1.0489482751637615e-239
1927	6.369477459761543e-240
1928	3.866500223489648e-240
1929	2.3463701443047231e-240
1930	1.4234394703994126e-240
1931	8.63267170361e-241
1932	5.2337735851038536e-241
1933	3.172107262279704e-241
1934	1.9219574408355466e-241
1935	1.1641324051665031e-241
1936	7.048933924462687e-242
1937	4.266843243123246e-242
1938	2.5819739754907897e-242
1939	1.5619196677582135e-242
1940	9.445542833076584e-243
1941	5.71026520296278e-243
1942	3.4510122186094556e-243
1943	2.0849579849293435e-243
1944	1.2592397982450585e-243
1945	7.602906087712818e-244
1946	4.5889210955372164e-244
1947	2.768860400871557e-244
1948	1.670131861633722e-244
1949	1.0070694403561104e-244
1950	6.070531983388217e-245
1951	3.6580739885265256e-245
1952	2.2036181408670516e-245
1953	1.3270217213367929e-245
1954	7.98872150124661e-246
1955	4.807660639716164e-246
1956	2.8923264970654075e-246
1957	1.7394723547748996e-246
1958	1.0457892209946024e-246
1959	6.285313125392928e-247
1960	3.776291516299819e-247
1961	2.2680867072454545e-247
1962	1.3617865709189236e-247
1963	8.173600380471354e-248
1964	4.904247942019826e-248
1965	2.941614816678544e-248
1966	1.763815928635892e-248
1967	1.057242193481297e-248
1968	6.335037412967373e-249
1969	3.7946965221760254e-249
1970	2.272258723096813e-249
1971	1.3601633531374108e-249
1972	8.139104293388082e-250
1973	4.8687122066783e-250
1974	2.911409075073757e-250
1975	1.7403784047361255e-250
1976	1.0400043481073834e-250
1977	6.2126562687522794e-251
1978	3.709965605117998e-251
1979	2.214687789601605e-251
1980	1.3216147950632918e-251
1981	7.884001636180954e-252
1982	4.701512902545821e-252
1983	2.802704747668758e-252
1984	1.6701886677061885e-252
1985	9.949513768195787e-253
1986	5.924967826173385e-253
1987	3.5270987692491835e-253
1988	2.098922496302513e-253
1989	1.2485961968646088e-253
1990	7.424959763231788e-254
1991	4.4137970273353626e-254
1992	2.6228679812096756e-254
1993	1.5580664912652944e-254
1994	9.252107842935833e-255
1995	5.49212213664106e-255
1996	3.2589983906693976e-255
1997	1.9331796713938713e-255
1998	1.146315227096364e-255
1999	6.794841389814626e-256
2000	4.0262214345593154e-256
2001	2.3848370451888422e-256
2002	1.4120891908612592e-256
2003	8.35809994572906e-257
2004	4.9453228270355744e-257
2005	2.9249808833682387e-257
2006	1.7293876549264153e-257
2007	1.0221208629937216e-257
2008	6.038823884259794e-258
2009	3.566500773477461e-258
2010	2.1055800707317127e-258
2011	1.242625643419953e-258
2012	7.330736390794449e-259
2013	4.3230798987306243e-259
2014	2.548454684044399e-259
2015	1.5017518872780353e-259
2016	8.8461988369353e-260
2017	5.2089725247662625e-260
2018	3.066083048899641e-260
2019	1.80406364650641e-260
2020	1.061098019884286e-260
2021	6.238705327814814e-261
2022	3.666640849536261e-261
2023	2.154154312395228e-261
2024	1.2650840895482978e-261
2025	7.426697354195576e-262
2026	4.358182479540503e-262
2027	2.55651324132193e-262
2028	1.4990745550772185e-262
2029	8.786796432460945e-263
2030	5.148368658187099e-263
2031	3.0153660642977602e-263
2032	1.7653928777259952e-263
2033	1.0331733787003084e-263
2034	6.044148696443653e-264
2035	3.534489957395538e-264
2036	2.0660823335593124e-264
2037	1.2072503384010128e-264
2038	7.051401825895309e-265
2039	4.1170067851925633e-265
2040	2.4027869538715459e-265
2041	1.4017678059949322e-265
2042	8.174545195346469e-266
2043	4.7651588689828794e-266
2044	2.7766235339820698e-266
2045	1.6172680536313248e-266
2046	9.416119595359896e-267
2047	5.480074097316421e-267
2048	3.1880487687078552e-267
2049	1.8539033719078177e-267
2050	1.0776367513054927e-267
2051	6.261529081609068e-268
2052	3.6367266807582613e-268
2053	2.111362083672563e-268
2054	1.2252821522681124e-268
2055	7.107720931183565e-269
2056	4.1214025316237276e-269
2057	2.388799153000537e-269
2058	1.3839924015828412e-269
2059	8.015059825936727e-270
2060	4.63979025428926e-270
2061	2.6847754458411194e-270
2062	1.5528701575847635e-270
2063	8.977995733959817e-271
2064	5.188481028491743e-271
2065	2.9972099796720635e-271
2066	1.730651860277881e-271
2067	9.988893187276412e-272
2068	5.7628808384497695e-272
2069	3.323349564117209e-272
2070	1.9156934812456897e-272
2071	1.1037967835414325e-272
2072	6.357184625419701e-273
2073	3.659760037337453e-273
2074	2.1059689723806403e-273
2075	1.211329741609208e-273
2076	6.964393906697857e-274
2077	4.002342810196731e-274
2078	2.2990834042080023e-274
2079	1.320091773209058e-274
2080	7.576383439971928e-275
2081	4.346379624530325e-275
2082	2.4923022873700767e-275
2083	1.4285011181144727e-275
2084	8.184020664453911e-276
2085	4.6866073174345745e-276
2086	2.6825979027318087e-276
2087	1.5348191402663335e-276
2088	8.77733928798019e-277
2089	5.017322989367869e-277
2090	2.8667126465571354e-277
2091	1.6371882814758798e-277
2092	9.345765599326326e-278
2093	5.332518355545895e-278
2094	3.041238462291115e-278
2095	1.733678843519281e-278
2096	9.878393001247848e-279
2097	5.626040299482203e-279
2098	3.202710429171062e-279
2099	1.822343370784954e-279
2100	1.0364297059777362e-279
2101	5.891772849630769e-280
2102	3.3477115721189994e-280
2103	1.9012768454943392e-280
2104	1.0792880260503765e-280
2105	6.123834087736446e-281
2106	3.4729850179969785e-281
2107	1.968680395181305e-281
2108	1.1154232885790102e-281
2109	6.316780003008562e-282
2110	3.575548825258223e-282
2111	2.022925789730654e-282
2112	1.1439494214348965e-282
2113	6.465806161338974e-283
2114	3.6528082302441896e-283
2115	2.0626177130501126e-283
2116	1.1641196816221146e-283
2117	6.566937382845023e-284
2118	3.702659748279827e-284
2119	2.0866506667930465e-284
2120	1.1753576254159513e-284
2121	6.6171955094994345e-285
2122	3.723581590493816e-285
2123	2.0942574254462136e-285
2124	1.177282913093286e-285
2125	6.614735857490861e-286
2126	3.7147052359912983e-286
2127	2.0850462258858517e-286
2128	1.16973041904156e-286
2129	6.558944102318911e-287
2130	3.6758637357399307e-287
2131	2.0590243374763517e-287
2132	1.1527614050798364e-287
2133	6.450487104421029e-288
2134	3.607613393041931e-288
2135	2.0166063020586286e-288
2136	1.1266658991962402e-288
2137	6.291313464166067e-289
2138	3.511226810690164e-289
2139	1.9586059219570858e-289
2140	1.0919558818926918e-289
2141	6.084602263857522e-290
2142	3.3886568357504827e-290
2143	1.8862119595219568e-290
2144	1.0493493887585543e-290
2145	5.834661337934362e-291
2146	3.2424725674351875e-291
2147	1.8009484341276383e-291
2148	9.997461560915503e-292
2149	5.546779310581821e-292
2150	3.0757702067255672e-292
2151	1.7046212962420377e-292
2152	9.441959290223135e-293
2153	5.22703834141714e-293
2154	2.8920629996298395e-293
2155	1.5992540568641646e-293
2156	8.838609818357394e-294
2157	4.882096821335001e-294
2158	2.6951557475066894e-294
2159	1.4870155933467004e-294
2160	8.199747349758445e-295
2161	4.518952984290537e-295
2162	2.4890102330042497e-295
2163	1.370143789361881e-295
2164	7.537985664696027e-296
2165	4.144701412145397e-296
2166	2.277608370490375e-296
2167	1.2508688633936195e-296
2168	6.865789905525286e-297
2169	3.766294630039865e-297
2170	2.0648198998017363e-297
2171	1.1313401817243578e-297
2172	6.1950730763972946e-298
2173	3.3903214047228033e-298
2174	1.8542810030852595e-298
2175	1.013560044419989e-298
2176	5.536836237713031e-299
2177	3.0228120197795817e-299
2178	1.6492893746095408e-299
2179	8.993274027835816e-300
2180	4.9008681187243965e-300
2181	2.6690788233888466e-300
2182	1.4527200845179363e-300
2183	7.901937586789598e-301
2184	4.295515688537663e-301
2185	2.3335978907606357e-301
2186	1.2669651480421151e-301
2187	6.874326684092953e-302
2188	3.727532460487817e-302
2189	2.0199349149518848e-302
2190	1.0938981576007937e-302
2191	5.920233931150479e-303
2192	3.202006338322513e-303
2193	1.730715652608406e-303
2194	9.348637786496422e-304
2195	5.046483725376924e-304
2196	2.7223640277818195e-304
2197	1.4676386178717596e-304
2198	7.906904682877218e-305
2199	4.257034136811055e-305
2200	2.2904447835762384e-305
2201	1.231525427227271e-305
2202	6.617235499745046e-306
2203	3.553188344715919e-306
2204	1.9066328250304792e-306
2205	1.0224023998683132e-306
2206	5.4787484556060685e-307
2207	2.933893244558742e-307
2208	1.5700353324919882e-307
2209	8.396058103406187e-308
2210	4.486844745092409e-308
2211	2.39610001986252e-308
2212	1.278691629636182e-308
2213	6.819026137860164e-309
2214	3.633901945983315e-309
2215	1.935160640803863e-309
2216	1.02979896057823e-309
2217	5.4761850325185e-310
2218	2.90999762101006e-310
2219	1.54523527846058e-310
2220	8.199410879347e-311
2221	4.3476574670733e-311
2222	2.3036218873733e-311
2223	1.219688231627e-311
2224	6.453075948423e-312
2225	3.41164282084e-312
2226	1.802344032243e-312
2227	9.5145376803e-313
2228	5.01894043663e-313
2229	2.6455088919e-313
2230	1.39340610093e-313
2231	7.3335784096e-314
2232	3.8567577383e-314
2233	2.026727643e-314
2234	1.0642249673e-314
2235	5.58386503e-315
2236	2.92750859e-315
2237	1.53363357e-315
2238	8.02792945e-316
2239	4.1989658e-316
2240	2.1945036e-316
2241	1.14599767e-316
2242	5.9797486e-317
2243	3.1176847e-317
2244	1.624163e-317
2245	8.454224e-318
2246	4.39706e-318
2247	2.285044e-318
2248	1.1865e-318
2249	6.1557e-319
2250	3.191e-319
2251	1.6528e-319
2252	8.5533e-320
2253	4.423e-320
2254	2.285e-320
2255	1.1793e-320
2256	6.08e-321
2257	3.13e-321
2258	1.616e-321
2259	8.3e-322
2260	4.25e-322
2261	2.17e-322
2262	1.14e-322
2263	6e-323
2264	3e-323
2265	1.5e-323
2266	1e-323
2267	5e-324
2268	0.0
2269	0.0
2270	0.0
2271	0.0
2272	0.0
2273	0.0
2274	0.0
2275	0.0
2276	0.0
2277	0.0
2278	0.0
2279	0.0
2280	0.0
2281	0.0
2282	0.0
2283	0.0
2284	0.0
2285	0.0
2286	0.0
2287	0.0
2288	0.0
2289	0.0
2290	0.0
2291	0.0
2292	0.0
2293	0.0
2294	0.0
2295	0.0
2296	0.0
2297	0.0
2298	0.0
2299	0.0
2300	0.0
2301	0.0
2302	0.0
2303	0.0
2304	0.0
2305	0.0
2306	0.0
2307	0.0
2308	0.0
2309	0.0
2310	0.0
2311	0.0
2312	0.0
2313	0.0
2314	0.0
2315	0.0
2316	0.0
2317	0.0
2318	0.0
2319	0.0
2320	0.0
2321	0.0
2322	0.0
2323	0.0
2324	0.0
2325	0.0
2326	0.0
2327	0.0
2328	0.0
2329	0.0
2330	0.0
2331	0.0
2332	0.0
2333	0.0
2334	0.0
2335	0.0
2336	0.0
2337	0.0
2338	0.0
2339	0.0
2340	0.0
2341	0.0
2342	0.0
2343	0.0
2344	0.0
2345	0.0
2346	0.0
2347	0.0
2348	0.0
2349	0.0
2350	0.0
2351	0.0
2352	0.0
2353	0.0
2354	0.0
2355	0.0
2356	0.0
2357	0.0
2358	0.0
2359	0.0
2360	0.0
2361	0.0
2362	0.0
2363	0.0
2364	0.0
2365	0.0
2366	0.0
2367	0.0
2368	0.0
2369	0.0
2370	0.0
2371	0.0
2372	0.0
2373	0.0
2374	0.0
2375	0.0
2376	0.0
2377	0.0
2378	0.0
2379	0.0
2380	0.0
2381	0.0
2382	0.0
2383	0.0
2384	0.0
2385	0.0
2386	0.0
2387	0.0
2388	0.0
2389	0.0
2390	0.0
2391	0.0
2392	0.0
2393	0.0
2394	0.0
2395	0.0
2396	0.0
2397	0.0
2398	0.0
2399	0.0
2400	0.0
2401	0.0
2402	0.0
2403	0.0
2404	0.0
2405	0.0
2406	0.0
2407	0.0
2408	0.0
2409	0.0
2410	0.0
2411	0.0
2412	0.0
2413	0.0
2414	0.0
2415	0.0
2416	0.0
2417	0.0
2418	0.0
2419	0.0
2420	0.0
2421	0.0
2422	0.0
2423	0.0
2424	0.0
2425	0.0
2426	0.0
2427	0.0
2428	0.0
2429	0.0
2430	0.0
2431	0.0
2432	0.0
2433	0.0
2434	0.0
2435	0.0
2436	0.0
2437	0.0
2438	0.0
2439	0.0
2440	0.0
2441	0.0
2442	0.0
2443	0.0
2444	0.0
2445	0.0
2446	0.0
2447	0.0
2448	0.0
2449	0.0
2450	0.0
2451	0.0
2452	0.0
2453	0.0
2454	0.0
2455	0.0
2456	0.0
2457	0.0
2458	0.0
2459	0.0
2460	0.0
2461	0.0
2462	0.0
2463	0.0
2464	0.0
2465	0.0
2466	0.0
2467	0.0
2468	0.0
2469	0.0
2470	0.0
2471	0.0
2472	0.0
2473	0.0
2474	0.0
2475	0.0
2476	0.0
2477	0.0
2478	0.0
2479	0.0
2480	0.0
2481	0.0
2482	0.0
2483	0.0
2484	0.0
2485	0.0
2486	0.0
2487	0.0
2488	0.0
2489	0.0
2490	0.0
2491	0.0
2492	0.0
2493	0.0
2494	0.0
2495	0.0
2496	0.0
2497	0.0
2498	0.0
2499	0.0
2500	0.0
