k	pvalue
0	1.0000000004490632
1	1.0000000004490632
2	1.0000000004490632
3	1.0000000004490632
4	1.000000000449063
5	1.0000000004490628
6	1.0000000004490615
7	1.0000000004490572
8	1.0000000004490446
9	1.00000000044901
10	1.0000000004489211
11	1.000000000448706
12	1.0000000004482095
13	1.000000000447114
14	1.0000000004447915
15	1.000000000440041
16	1.0000000004306329
17	1.0000000004125467
18	1.0000000003787115
19	1.000000000316984
20	1.0000000002069622
21	1.0000000000150633
22	0.9999999996870524
23	0.9999999991368982
24	0.9999999982304101
25	0.9999999967615749
26	0.9999999944188264
27	0.9999999907376111
28	0.9999999850345499
29	0.9999999763171753
30	0.9999999631616461
31	0.9999999435489486
32	0.999999914647872
33	0.9999998725304621
34	0.9999998118026987
35	0.9999997251297881
36	0.9999996026317244
37	0.9999994311206551
38	0.9999991931471238
39	0.9999988658174934
40	0.9999984193398562
41	0.9999978152505862
42	0.9999970042685031
43	0.9999959237185281
44	0.9999944944618674
45	0.9999926172653539
46	0.9999901685387786
47	0.9999869953660964
48	0.9999829097544951
49	0.9999776820247166
50	0.9999710332669395
51	0.9999626267892177
52	0.9999520584901144
53	0.9999388460939849
54	0.9999224171965113
55	0.9999020960797038
56	0.9998770892697443
57	0.9998464698277982
58	0.9998091603832356
59	0.9997639149404859
60	0.9997092995148684
61	0.9996436716789457
62	0.9995651591289536
63	0.9994716374103029
64	0.9993607069715802
65	0.9992296697474037
66	0.9990755055013609
67	0.9988948481904613
68	0.9986839626414354
69	0.9984387218561549
70	0.9981545852877293
71	0.9978265784498234
72	0.9974492742387402
73	0.9970167763602484
74	0.9965227052604049
75	0.9959601869612512
76	0.9953218451978201
77	0.9945997972420444
78	0.9937856537817061
79	0.9928705231983783
80	0.9918450205574196
81	0.9906992815856229
82	0.9894229818683531
83	0.988005361448352
84	0.9864352549533385
85	0.9847011273197439
86	0.9827911151161406
87	0.9806930734029766
88	0.978394627996067
89	0.9758832329308885
90	0.9731462328541302
91	0.9701709299992407
92	0.9669446553349663
93	0.9634548434111646
94	0.9596891103655594
95	0.9556353344995686
96	0.9512817387818149
97	0.9466169745952716
98	0.9416302060089469
99	0.9363111938282008
100	0.930650378659726
101	0.9246389622182839
102	0.9182689861026974
103	0.9115334072784517
104	0.9044261695234832
105	0.8969422701221463
106	0.8890778211295907
107	0.8808301045743868
108	0.8721976210206073
109	0.8631801309709907
110	0.8537786886594775
111	0.8439956678534226
112	0.8338347793621798
113	0.8233010800285221
114	0.8124009730614431
115	0.8011421996522162
116	0.7895338218990974
117	0.7775861971486965
118	0.7653109439427824
119	0.7527208998371554
120	0.7398300714333093
121	0.7266535770330672
122	0.71320758239045
123	0.6995092300930705
124	0.6855765631567575
125	0.6714284434614578
126	0.6570844656933711
127	0.6425648674875112
128	0.6278904364863088
129	0.6130824150434642
130	0.5981624033080696
131	0.583152261422259
132	0.5680740115565269
133	0.5529497404907782
134	0.5378015034265111
135	0.5226512296868163
136	0.5075206309266089
137	0.4924311124363214
138	0.4774036880787668
139	0.4624588993517119
140	0.44761673901853016
141	0.43289657969681195
142	0.41831710774066705
143	0.4038962626973117
144	0.3896511825630309
145	0.37559815500835186
146	0.3617525746878315
147	0.3481289066967818
148	0.3347406561860222
149	0.32160034409680277
150	0.30871948893176515
151	0.2961085944345532
152	0.2837771430107173
153	0.27173359468612057
154	0.25998539136631166
155	0.24853896613141477
156	0.23739975727606047
157	0.22657222678277575
158	0.21605988290003986
159	0.20586530648283513
160	0.1959901807438719
161	0.18643532405761348
162	0.17720072545659973
163	0.1682855824601749
164	0.15968834087935335
165	0.1514067362479711
166	0.14343783653922593
167	0.13577808583794942
168	0.1284233486522175
169	0.12136895456292483
170	0.11460974292646556
171	0.1081401073634092
172	0.10195403978479185
173	0.09604517372710625
174	0.09040682678704265
175	0.08503204196728169
176	0.07991362776496325
177	0.07504419685466522
178	0.07041620323764274
179	0.0660219777485477
180	0.061853761829730375
181	0.0579037395013918
182	0.05416406747320901
183	0.05062690335949825
184	0.047284431975448474
185	0.044128889706387044
186	0.041152586955393304
187	0.038347928686823865
188	0.035707433094443804
189	0.03322374843286578
190	0.030889668059896312
191	0.028698143745190453
192	0.026642297307354148
193	0.024715430647339123
194	0.022911034250694066
195	0.0212227942350121
196	0.019644598021802937
197	0.018170538714072024
198	0.01679491826216842
199	0.01551224950102652
200	0.014317257141836159
201	0.01320487780049173
202	0.012170259143954306
203	0.011208758233972166
204	0.010315939145501645
205	0.009487569934709431
206	0.008719619028672606
207	0.00800825110587612
208	0.007349822533386794
209	0.0067408764232049995
210	0.0061781373668013525
211	0.005658505903275873
212	0.0051790527729667175
213	0.004737013004717192
214	0.004329779881412901
215	0.003954898824851172
216	0.003610061237525497
217	0.0032930983355185122
218	0.003001975003414759
219	0.002734783698983779
220	0.0024897384323562858
221	0.002265168841530846
222	0.002059514383312605
223	0.001871318656204196
224	0.0016992238693452056
225	0.0015419654693320075
226	0.0013983669346442796
227	0.0012673347454568386
228	0.0011478535348229577
229	0.0010389814255745272
230	0.0009398455557909208
231	0.0008496377943370032
232	0.0007676106467556917
233	0.0006930733507156168
234	0.0006253881592531299
235	0.0005639668092033886
236	0.0005082671714804276
237	0.0004577900792339998
238	0.0004120763293743703
239	0.00037070385250816823
240	0.00033328504596190004
241	0.00029946426427800756
242	0.00026891546134488715
243	0.0002413399781606828
244	0.0002164644701248789
245	0.0001940389676959521
246	0.00017383506424207914
247	0.00015564422493998887
248	0.0001392762106395956
249	0.00012455761070453143
250	0.00011133047895687524
251	9.945106699435044e-05
252	8.878864930643103e-05
253	7.922443478887234e-05
254	7.065055944115374e-05
255	6.296915522547551e-05
256	5.6091490266839965e-05
257	4.9937175779162235e-05
258	4.4433435310359055e-05
259	3.9514432108210895e-05
260	3.512065061698152e-05
261	3.119832832098262e-05
262	2.769893435435826e-05
263	2.4578691495365475e-05
264	2.1798138357534533e-05
265	1.9321728778628726e-05
266	1.711746559075215e-05
267	1.5156566130842811e-05
268	1.3413157019816288e-05
269	1.1863995900561467e-05
270	1.0488217979686125e-05
271	9.267105365290648e-06
272	8.183877333100921e-06
273	7.223499786059555e-06
274	6.372512298048332e-06
275	5.618871250923982e-06
276	4.951807685659182e-06
277	4.361698593282155e-06
278	3.839950469716386e-06
279	3.378894050768743e-06
280	2.9716892296453396e-06
281	2.6122392397450437e-06
282	2.29511326035234e-06
283	2.015476672489083e-06
284	1.769028256854465e-06
285	1.5519436857486823e-06
286	1.3608247163994659e-06
287	1.1926535444483158e-06
288	1.0447518237551538e-06
289	9.14743902389288e-07
290	8.005238649259566e-07
291	7.002260081876776e-07
292	6.121984115750732e-07
293	5.349792943302439e-07
294	4.672758806647293e-07
295	4.079455198513808e-07
296	3.559788323027784e-07
297	3.1048467450619565e-07
298	2.706767356147264e-07
299	2.358615966548394e-07
300	2.054280998418298e-07
301	1.7883789052696172e-07
302	1.5561700795549349e-07
303	1.3534841340695144e-07
304	1.17665355523694e-07
305	1.022454828092505e-07
306	8.880562248515625e-08
307	7.709715321834634e-08
308	6.690190674847799e-08
309	5.8028540227686707e-08
310	5.030932720043549e-08
311	4.359732065916338e-08
312	3.776384656832419e-08
313	3.269629070640525e-08
314	2.8296145679640957e-08
315	2.44772885553572e-08
316	2.1164462786493284e-08
317	1.829194098767564e-08
318	1.5802347709941753e-08
319	1.3645623675556587e-08
320	1.1778115003378169e-08
321	1.0161772803462365e-08
322	8.763450169334436e-09
323	7.554285067782153e-09
324	6.509158937422946e-09
325	5.606221975190578e-09
326	4.82647712920887e-09
327	4.153415740744127e-09
328	3.5726985992041446e-09
329	3.0718769034198267e-09
330	2.6401482695535687e-09
331	2.2681434997754687e-09
332	1.947740334285173e-09
333	1.6719008594654146e-09
334	1.4345296433287916e-09
335	1.2303500216890675e-09
336	1.0547962697787607e-09
337	9.039196689286878e-10
338	7.743067205176261e-10
339	6.630079733458603e-10
340	5.67476119145278e-10
341	4.855121770156528e-10
342	4.152187337588068e-10
343	3.5495933567080793e-10
344	3.033232403934635e-10
345	2.590948367377762e-10
346	2.2122712758706641e-10
347	1.8881874749734217e-10
348	1.610940537054937e-10
349	1.3738588805540485e-10
350	1.1712065885222088e-10
351	9.980543673499684e-11
352	8.501679809472017e-11
353	7.239118404434256e-11
354	6.16165730754606e-11
355	5.242529184657609e-11
356	4.4587811510945426e-11
357	3.790739702227419e-11
358	3.2215494318540083e-11
359	2.7367755498748348e-11
360	2.3240615356248532e-11
361	1.972834416291961e-11
362	1.674051162830559e-11
363	1.4199805677225056e-11
364	1.2040157265528684e-11
365	1.0205129032866755e-11
366	8.646531301662526e-12
367	7.323233885049909e-12
368	6.200146461322748e-12
369	5.24734399409713e-12
370	4.4393169006908206e-12
371	3.754328461445465e-12
372	3.173864376787959e-12
373	2.682161466376566e-12
374	2.2658043089384995e-12
375	1.913380180025846e-12
376	1.6151839906526663e-12
377	1.3629660911171093e-12
378	1.1497168060203637e-12
379	9.694824300795253e-13
380	8.172081584689032e-13
381	6.886040663182551e-13
382	5.800308036994685e-13
383	4.884021471254374e-13
384	4.1110195681699303e-13
385	3.459134399006996e-13
386	2.9095892118658614e-13
387	2.4464858207657003e-13
388	2.0563685038042664e-13
389	1.7278531447167e-13
390	1.4513119870848944e-13
391	1.2186057717897387e-13
392	1.0228562288651718e-13
393	8.582529229921373e-14
394	7.198893318370496e-14
395	6.036237892845577e-14
396	5.059615694073468e-14
397	4.239549373022319e-14
398	3.5511846306946574e-14
399	2.973572967105262e-14
400	2.4890644443838745e-14
401	2.082793793080472e-14
402	1.7422456845661345e-14
403	1.456887118300544e-14
404	1.2178566841636589e-14
405	1.0177020028592685e-14
406	8.501579608500632e-15
407	7.099594739887365e-15
408	5.9268346472748856e-15
409	4.9461554611889695e-15
410	4.126375927943501e-15
411	3.441329626922971e-15
412	2.869066288558082e-15
413	2.3911790123060693e-15
414	1.9922377525153917e-15
415	1.6593124664414698e-15
416	1.3815718841851865e-15
417	1.149946034231161e-15
418	9.5684249957673e-16
419	7.9590793840596605e-16
420	6.618277226278514e-16
421	5.501576637316235e-16
422	4.571827392340328e-16
423	3.79798530781307e-16
424	3.1541175904475804e-16
425	2.618568698674772e-16
426	2.173261067678786e-16
427	1.8031091053146868e-16
428	1.4955282879921397e-16
429	1.240024070990749e-16
430	1.0278477597901481e-16
431	8.51708538245553e-17
432	7.055325754127366e-17
433	5.842615859546934e-17
434	4.836844420008195e-17
435	4.0029646314382133e-17
436	3.3118187642964863e-17
437	2.739156654708115e-17
438	2.2648163893770347e-17
439	1.8720406200960662e-17
440	1.5469062538327837e-17
441	1.277848882034186e-17
442	1.0552663480727288e-17
443	8.711883974473785e-18
444	7.19001489624219e-18
445	5.9321963907546585e-18
446	4.892936515555173e-18
447	4.0345237655383635e-18
448	3.325706473916889e-18
449	2.740594595435407e-18
450	2.257746731632653e-18
451	1.859411407491306e-18
452	1.5308967492892199e-18
453	1.2600470088894214e-18
454	1.0368079676984899e-18
455	8.528662495107195e-19
456	7.01350072217808e-19
457	5.765810550102046e-19
458	4.738684381806619e-19
459	3.893385238718432e-19
460	3.197933557295218e-19
461	2.6259366329959733e-19
462	2.1556193649164065e-19
463	1.7690219441239148e-19
464	1.4513359466165897e-19
465	1.190355132597024e-19
466	9.760212800997337e-20
467	8.000487287990419e-20
468	6.556140924451138e-20
469	5.370999104434748e-20
470	4.398829295187951e-20
471	3.6015930098138233e-20
472	2.948003026799282e-20
473	2.4123329296363816e-20
474	1.973435149410546e-20
475	1.6139312469065758e-20
476	1.3195444321481977e-20
477	1.0785495076866256e-20
478	8.813197198112445e-21
479	7.199535608348305e-21
480	5.8796751174966396e-21
481	4.800431525753252e-21
482	3.918190845902675e-21
483	3.197197765573921e-21
484	2.6081482593906672e-21
485	2.127032656612871e-21
486	1.7341848845813383e-21
487	1.413501383872036e-21
488	1.1517996108242706e-21
489	9.382913417236219e-22
490	7.641503647754464e-22
491	6.221577520290594e-22
492	5.064108768017541e-22
493	4.120847931064825e-22
494	3.3523661325403653e-22
495	2.726451835407974e-22
496	2.216797280353372e-22
497	1.8019225840799239e-22
498	1.4642947601775568e-22
499	1.189606561820585e-22
500	9.661863268152497e-23
501	7.845151700225611e-23
502	6.36832113146737e-23
503	5.168112299391089e-23
504	4.1929775008942366e-23
505	3.400924179454817e-23
506	2.7577533373707413e-23
507	2.235620901404419e-23
508	1.8118631751793727e-23
509	1.468038177955721e-23
510	1.1891434148762641e-23
511	9.629777921377867e-24
512	7.79621264414744e-24
513	6.3101061354491245e-24
514	5.105936978607205e-24
515	4.130477374179003e-24
516	3.3404984049796215e-24
517	2.700901368495868e-24
518	2.1831964993716997e-24
519	1.764264851545389e-24
520	1.4253509191092643e-24
521	1.151243225651048e-24
522	9.296079960084834e-25
523	7.5044746346898675e-25
524	6.056596227803181e-25
525	4.88680530529202e-25
526	3.9419375600896416e-25
527	3.1789444209571057e-25
528	2.5629776507423135e-25
529	2.0658348146653228e-25
530	1.6646979775612749e-25
531	1.3411106007646912e-25
532	1.080147882350127e-25
533	8.697441500226015e-26
534	7.001477262772926e-26
535	5.634792280611487e-26
536	4.533737727519268e-26
537	3.64691230305779e-26
538	2.9328164410264905e-26
539	2.3579536770304975e-26
540	1.8952943524716315e-26
541	1.5230328419230306e-26
542	1.2235824943476521e-26
543	9.827630374510136e-27
544	7.891437657967719e-27
545	6.3351278930810424e-27
546	5.084482622662224e-27
547	4.079720902697068e-27
548	3.272703242036163e-27
549	2.6246745899820246e-27
550	2.104442932520361e-27
551	1.6869098125500467e-27
552	1.351885089840727e-27
553	1.0831312124673635e-27
554	8.675927594849225e-28
555	6.947755024066615e-28
556	5.562461002176471e-28
557	4.4522909710466775e-28
558	3.5628238352269794e-28
559	2.850359120931196e-28
560	2.2798139422509005e-28
561	1.8230307422294038e-28
562	1.4574159268943081e-28
563	1.1648449747505665e-28
564	9.30782088688755e-29
565	7.43572533277255e-29
566	5.938739304154363e-29
567	4.741993444047284e-29
568	3.7855027615690335e-29
569	3.021219500792603e-29
570	2.410667138316042e-29
571	1.9230414036909674e-29
572	1.5336865249833773e-29
573	1.2228728678417122e-29
574	9.748166018160908e-30
575	7.768936713545074e-30
576	6.19009718838804e-30
577	4.930951452404172e-30
578	3.927005569610939e-30
579	3.126727226030132e-30
580	2.488950824637111e-30
581	1.9808000316927208e-30
582	1.5760250044843112e-30
583	1.2536718574620354e-30
584	9.970182471488524e-31
585	7.927220611699993e-31
586	6.301407151321288e-31
587	5.007870012311589e-31
588	3.978942032563943e-31
589	3.1606862286950513e-31
590	2.5101201597924547e-31
591	1.9929992812948182e-31
592	1.58204714744626e-31
593	1.255542729326469e-31
594	9.961930642867795e-32
595	7.902338256381749e-32
596	6.267119081014827e-32
597	4.969133341337875e-32
598	3.9390715548459654e-32
599	3.1218191948337066e-32
600	2.47355984296535e-32
601	1.9594673712704102e-32
602	1.5518678271922546e-32
603	1.2287757772223306e-32
604	9.727291052191881e-33
605	7.69861630183583e-33
606	6.0916518114667145e-33
607	4.819025650867849e-33
608	3.811406844484818e-33
609	3.013793014903668e-33
610	2.3825592531154272e-33
611	1.8831126823586945e-33
612	1.4880288448970272e-33
613	1.1755712819396344e-33
614	9.285157935454202e-34
615	7.332168941082109e-34
616	5.788667474727252e-34
617	4.569070345447455e-34
618	3.605623027430223e-34
619	2.8446979154877846e-34
620	2.243858573937177e-34
621	1.7695320188329815e-34
622	1.3951635332246298e-34
623	1.0997543283993767e-34
624	8.667028869023557e-35
625	6.82887135843983e-35
626	5.379375621662056e-35
627	4.2366168044327603e-35
628	3.3358844404959303e-35
629	2.6260768641825195e-35
630	2.0668483622729113e-35
631	1.626352436250359e-35
632	1.2794570272166338e-35
633	1.0063333242167692e-35
634	7.913402149250472e-36
635	6.221426443097947e-36
636	4.890149950788016e-36
637	3.842907869721434e-36
638	3.0192806115650246e-36
639	2.3716620846620907e-36
640	1.8625506323952304e-36
641	1.4624109357409153e-36
642	1.1479869261612418e-36
643	9.009708744555132e-37
644	7.069536977563634e-37
645	5.5459725112568846e-37
646	4.349818067132301e-37
647	3.4109175732808567e-37
648	2.6741035538984564e-37
649	2.0960044257667233e-37
650	1.642529806113204e-37
651	1.2868902914418231e-37
652	1.0080384602820423e-37
653	7.894417733231374e-38
654	6.181169283838611e-38
655	4.838701321461443e-38
656	3.786995114699932e-38
657	2.9632516530961053e-38
658	2.31819676178112e-38
659	1.8131767060233298e-38
660	1.4178756724769515e-38
661	1.1085223702202969e-38
662	8.664812495298647e-39
663	6.771460961775032e-39
664	5.2907129188543306e-39
665	4.132898380965883e-39
666	3.2277810992518466e-39
667	2.5203586280612608e-39
668	1.9675674708077455e-39
669	1.535698827548203e-39
670	1.1983721316436252e-39
671	9.349463282522233e-40
672	7.2927460834928555e-40
673	5.687285613050343e-40
674	4.434336224387552e-40
675	3.4567019505670333e-40
676	2.694046479190045e-40
677	2.099221023051543e-40
678	1.6353897904715398e-40
679	1.2737802999361095e-40
680	9.919230948600808e-41
681	7.722746904263444e-41
682	6.011405508364561e-41
683	4.678329078566661e-41
684	3.6401235568026457e-41
685	2.831732298093344e-41
686	2.2024145622755077e-41
687	1.7126035774479008e-41
688	1.3314523224600215e-41
689	1.0349169069932395e-41
690	8.042601072531464e-42
691	6.248832007856969e-42
692	4.8541427101305256e-42
693	3.7699682489255385e-42
694	2.927348296646988e-42
695	2.27259866920093e-42
696	1.7639360403400806e-42
697	1.3688464868858061e-42
698	1.0620343757568823e-42
699	8.23823941224775e-43
700	6.389139039405653e-43
701	4.954073599692853e-43
702	3.840562549571408e-43
703	2.976731014749537e-43
704	2.3067301464056388e-43
705	1.787172721626807e-43
706	1.3843595027256247e-43
707	1.072121377299188e-43
708	8.301409189061263e-44
709	6.426471257123059e-44
710	4.974005775007955e-44
711	3.8490455761492944e-44
712	2.9779195391300344e-44
713	2.303488702918979e-44
714	1.7814454141802347e-44
715	1.3774388929349644e-44
716	1.0648431352358533e-44
717	8.23023970873483e-45
718	6.359939298043177e-45
719	4.913683463344751e-45
720	3.795554068386959e-45
721	2.931278421273049e-45
722	2.2633562795074514e-45
723	1.7472812544702695e-45
724	1.3486114310710891e-45
725	1.0406988122139498e-45
726	8.029297769683488e-46
727	6.193618219319593e-46
728	4.776675507980895e-46
729	3.683168321093403e-46
730	2.839435388355367e-46
731	2.188553106618102e-46
732	1.6865411430983801e-46
733	1.2994262023548971e-46
734	1.000970330714339e-46
735	7.709137143352479e-47
736	5.9361572371849e-47
737	4.570041600782038e-47
738	3.517629697291919e-47
739	2.7070443310582595e-47
740	2.082840310813354e-47
741	1.602256390788149e-47
742	1.232320168293725e-47
743	9.476122778499766e-48
744	7.285400883949171e-48
745	5.60005063854399e-48
746	4.303742230210083e-48
747	3.306864643868091e-48
748	2.5404024760438426e-48
749	1.9512128562910614e-48
750	1.4983830595566545e-48
751	1.1504220964557266e-48
752	8.830957617797148e-49
753	6.777580455943102e-49
754	5.200653608574096e-49
755	3.98985956751e-49
756	3.0603690102194854e-49
757	2.346964681850011e-49
758	1.7995170023518905e-49
759	1.3795011418120553e-49
760	1.0573163594326266e-49
761	8.10223219099699e-50
762	6.207565781650662e-50
763	4.755048551526845e-50
764	3.641712251037528e-50
765	2.788517737054283e-50
766	2.1348058002353105e-50
767	1.6340320907567757e-50
768	1.250489641474505e-50
769	9.567908001489546e-51
770	7.319329909333933e-51
771	5.598132318732039e-51
772	4.280875174005343e-51
773	3.2729517432893436e-51
774	2.501867674890565e-51
775	1.9120833916500663e-51
776	1.4610569521125266e-51
777	1.1162085536265572e-51
778	8.525924747267404e-52
779	6.51111931549899e-52
780	4.9715050425358126e-52
781	3.795231290309547e-52
782	2.896721923318065e-52
783	2.2105157826105264e-52
784	1.6865481712777803e-52
785	1.2865369287082374e-52
786	9.812150483169713e-53
787	7.4821194980034535e-53
788	5.704316791467592e-53
789	4.348117261405314e-53
790	3.313733159817616e-53
791	2.5249486641471192e-53
792	1.9235627718189515e-53
793	1.4651396565728436e-53
794	1.1157594946343634e-53
795	8.495347026057453e-54
796	6.467116423232539e-54
797	4.9222006575671094e-54
798	3.7456490633264727e-54
799	2.849797812975082e-54
800	2.167805239026712e-54
801	1.6487157211281785e-54
802	1.2536914304957348e-54
803	9.53136171765381e-55
804	7.245005453932148e-55
805	5.506073545454982e-55
806	4.1837418556660095e-55
807	3.1783914721581813e-55
808	2.4141796385009477e-55
809	1.833375913808744e-55
810	1.3920449418837094e-55
811	1.056756289871219e-55
812	8.0207749151308535e-56
813	6.0866421908400875e-56
814	4.618056299245532e-56
815	3.5031661396501143e-56
816	2.656943737529598e-56
817	2.014763830106749e-56
818	1.5275173390171536e-56
819	1.1578929733343566e-56
820	8.775482527854004e-57
821	6.649576117255138e-57
822	5.037758407208943e-57
823	3.8159368618723355e-57
824	2.8899181541677237e-57
825	2.1882174394652846e-57
826	1.6565937742938938e-57
827	1.2538980943718664e-57
828	9.48919073827315e-58
829	7.179874869417344e-58
830	5.431570091900314e-58
831	4.108230126668999e-58
832	3.1067409919134813e-58
833	2.3489636175474207e-58
834	1.775695678572141e-58
835	1.3420906101541973e-58
836	1.0141827920492971e-58
837	7.662522863529994e-59
838	5.78826654958186e-59
839	4.371661230119302e-59
840	3.301153836985582e-59
841	2.492334663312783e-59
842	1.8813445026479093e-59
843	1.419880261444032e-59
844	1.071412187443468e-59
845	8.083193116650055e-60
846	6.097206220139635e-60
847	4.598332957028459e-60
848	3.4673013649419934e-60
849	2.613993215165475e-60
850	1.970330384364335e-60
851	1.4848939232772275e-60
852	1.1188545318648518e-60
853	8.428953999408447e-61
854	6.348858502266146e-61
855	4.781229174315677e-61
856	3.600024567939784e-61
857	2.7101504537812973e-61
858	2.0398743318105642e-61
859	1.5350960058041454e-61
860	1.1550208617359475e-61
861	8.688930323942928e-62
862	6.535292670708277e-62
863	4.914575932688986e-62
864	3.6951270859646405e-62
865	2.7777622534817113e-62
866	2.0877724723931916e-62
867	1.5688943699223155e-62
868	1.178763621042735e-62
869	8.854871550035804e-63
870	6.65059295751845e-63
871	4.994144117100143e-63
872	3.7495954399303956e-63
873	2.8146891021707127e-63
874	2.112511914485518e-63
875	1.5852240654491898e-63
876	1.1893370246597179e-63
877	8.921585690992093e-64
878	6.691169496202336e-64
879	5.017471525552649e-64
880	3.761757054733888e-64
881	2.8198080824461127e-64
882	2.113349736415036e-64
883	1.583602758718489e-64
884	1.1864357220223584e-64
885	8.887207166850485e-65
886	6.655942397353225e-65
887	4.983988164742708e-65
888	3.7313645590849547e-65
889	2.7930687756104447e-65
890	2.0903493803491157e-65
891	1.564153849883365e-65
892	1.1702089847222507e-65
893	8.753279486459926e-66
894	6.546385915573971e-66
895	4.895035969930506e-66
896	3.6596005173317996e-66
897	2.735489273123752e-66
898	2.0443720193186005e-66
899	1.5275957807758935e-66
900	1.141249538507575e-66
901	8.524648005544224e-67
902	6.366430528877937e-67
903	4.7537823551123e-67
904	3.5490029273363534e-67
905	2.64909312928702e-67
906	1.977023958440982e-67
907	1.475198654118748e-67
908	1.100558122312661e-67
909	8.209172679948926e-68
910	6.122231705756213e-68
911	4.5650351648169865e-68
912	3.403317895286025e-68
913	2.5367926042395207e-68
914	1.8905644809556937e-68
915	1.4087117655334185e-68
916	1.0494866909782264e-68
917	7.817284269460852e-69
918	5.821824107745285e-69
919	4.334973932592236e-69
920	3.227291281203508e-69
921	2.402227489529854e-69
922	1.7877814322851283e-69
923	1.330267752546498e-69
924	9.896647087497996e-70
925	7.361418559821239e-70
926	5.474688023441222e-70
927	4.0708181645118744e-70
928	3.026415295869854e-70
929	2.249571814815692e-70
930	1.6718439866827377e-70
931	1.2422705987183393e-70
932	9.229140699629639e-71
933	6.8553708721763794e-71
934	5.0912602481511746e-71
935	3.78045715665897e-71
936	2.806648664984489e-71
937	2.0833225526750764e-71
938	1.546143285125756e-71
939	1.1472755734878784e-71
940	8.511587467356572e-72
941	6.313616838735244e-72
942	4.682424017082798e-72
943	3.4720673589600294e-72
944	2.5741298850369656e-72
945	1.9080849560760947e-72
946	1.4141318987449618e-72
947	1.0478692961058627e-72
948	7.763352761944684e-73
949	5.750645012036471e-73
950	4.2590119152753296e-73
951	3.153742505427079e-73
952	2.33490229485083e-73
953	1.7283684103268344e-73
954	1.2791723952389396e-73
955	9.465575217639499e-74
956	7.003096963789245e-74
957	5.180342655053444e-74
958	3.831352196989099e-74
959	2.8331588755104864e-74
960	2.0946673722882293e-74
961	1.5484048197969142e-74
962	1.1444037984739557e-74
963	8.456670667292e-75
964	6.248056065040491e-75
965	4.615468716980557e-75
966	3.4088831958001546e-75
967	2.517293562899201e-75
968	1.8585791749542516e-75
969	1.3719988435611276e-75
970	1.012632639659521e-75
971	7.472666767534095e-76
972	5.5134678735574135e-76
973	4.0672384885965364e-76
974	2.9998532276372e-76
975	2.2122080692607173e-76
976	1.6310886072697117e-76
977	1.2024160717860805e-76
978	8.862528521551228e-77
979	6.5310978919337814e-77
980	4.8121641522530914e-77
981	3.5450338407148836e-77
982	2.611115404632405e-77
983	1.922903530542504e-77
984	1.4158416797947201e-77
985	1.0423118457708873e-77
986	7.671962230183392e-78
987	5.646002399929617e-78
988	4.15433484136564e-78
989	3.0562423684701034e-78
990	2.2480188978524344e-78
991	1.6532480237840217e-78
992	1.2156315756726464e-78
993	8.937001985504646e-79
994	6.569127260812616e-79
995	4.8278020117030747e-79
996	3.547457479893147e-79
997	2.6062191604986487e-79
998	1.9143911203858565e-79
999	1.405971210922613e-79
1000	1.032400531358739e-79
1001	7.579596048505501e-80
1002	5.563780232992927e-80
1003	4.083381473338801e-80
1004	2.9963741110922363e-80
1005	2.19835703816642e-80
1006	1.6125995896378613e-80
1007	1.1827174400986991e-80
1008	8.672845508627504e-81
1009	6.358700755923705e-81
1010	4.6612387267524825e-81
1011	3.416335393078615e-81
1012	2.503490015706476e-81
1013	1.8342454478746414e-81
1014	1.3436782036501276e-81
1015	9.841455751993442e-82
1016	7.206919623725173e-82
1017	5.276747200043907e-82
1018	3.862861938603268e-82
1019	2.82734226516077e-82
1020	2.069063872740192e-82
1021	1.5138949340997537e-82
1022	1.1075004506590785e-82
1023	8.100623311330001e-83
1024	5.924058315992584e-83
1025	4.331582457142539e-83
1026	3.166651221893926e-83
1027	2.3146230576407043e-83
1028	1.691557346637387e-83
1029	1.2360032001058455e-83
1030	9.029815870371497e-84
1031	6.595756812805477e-84
1032	4.817001996214642e-84
1033	3.5173491425079147e-84
1034	2.567914772547214e-84
1035	1.8744428948428136e-84
1036	1.3680132859823361e-84
1037	9.982398865422447e-85
1038	7.282928310937401e-85
1039	5.312557861220923e-85
1040	3.874608642402288e-85
1041	2.825390973770563e-85
1042	2.0599458968089803e-85
1043	1.501618581850221e-85
1044	1.0944351219131604e-85
1045	7.975299226193983e-86
1046	5.810727864863103e-86
1047	4.232926042251427e-86
1048	3.0830277005852246e-86
1049	2.2451263319641787e-86
1050	1.634672507984607e-86
1051	1.1900010928182267e-86
1052	8.661449863854322e-87
1053	6.303191084411363e-87
1054	4.586242342954873e-87
1055	3.336415903544158e-87
1056	2.4267778888326658e-87
1057	1.764844909489453e-87
1058	1.283245474862389e-87
1059	9.32909725646105e-88
1060	6.781038196951574e-88
1061	4.928099390571023e-88
1062	3.5808772112354506e-88
1063	2.6015136573363736e-88
1064	1.889685397036217e-88
1065	1.3723965749028805e-88
1066	9.965439836053042e-89
1067	7.235025242109242e-89
1068	5.2518264766951315e-89
1069	3.811600979206692e-89
1070	2.7658666669450945e-89
1071	2.0066970168589626e-89
1072	1.455657253043117e-89
1073	1.0557551679603843e-89
1074	7.655861561815092e-90
1075	5.550750415521173e-90
1076	4.023797400289202e-90
1077	2.916401363636489e-90
1078	2.1134173329772653e-90
1079	1.5312638382398695e-90
1080	1.1092810173095555e-90
1081	8.034519931635406e-91
1082	5.818420222088742e-91
1083	4.2128601157224395e-91
1084	3.049831184615146e-91
1085	2.207503355423371e-91
1086	1.5975474146618228e-91
1087	1.155933783395575e-91
1088	8.362554761921585e-92
1089	6.048836052899803e-92
1090	4.3745307687742966e-92
1091	3.163136713042615e-92
1092	2.28681629198508e-92
1093	1.6529945503861132e-92
1094	1.1946437001532023e-92
1095	8.632412910842197e-93
1096	6.236671200484443e-93
1097	4.505057384431875e-93
1098	3.253678543090609e-93
1099	2.34950188415016e-93
1100	1.6963044106507128e-93
1101	1.224499536906846e-93
1102	8.837721263613644e-94
1103	6.377475757857745e-94
1104	4.601338407488038e-94
1105	3.3192990032711593e-94
1106	2.3940621401212219e-94
1107	1.7264392639899749e-94
1108	1.2447841012579332e-94
1109	8.973535871576603e-95
1110	6.467851135830232e-95
1111	4.661044716216123e-95
1112	3.358407290018328e-95
1113	2.4194146079680964e-95
1114	1.7426656553994785e-95
1115	1.2550027686119055e-95
1116	9.036539109450648e-96
1117	6.505585915968312e-96
1118	4.682712936518286e-96
1119	3.3700433398638405e-96
1120	2.424935926868807e-96
1121	1.744583974295017e-96
1122	1.254903459693383e-96
1123	9.025173913600915e-97
1124	6.489745484614286e-97
1125	4.6658048555051006e-97
1126	3.353916872333034e-97
1127	2.4104872185769997e-97
1128	1.7321447588280597e-97
1129	1.2444869433859025e-97
1130	8.93970754377602e-98
1131	6.420710392708617e-98
1132	4.6107295779104626e-98
1133	3.3104193941179095e-98
1134	2.3764198798113193e-98
1135	1.7056508107813523e-98
1136	1.2240068788373346e-98
1137	8.782221234099307e-99
1138	6.300161249819981e-99
1139	4.518827155526827e-99
1140	3.240608473297813e-99
1141	2.3235614390820058e-99
1142	1.6657449951097237e-99
1143	1.1939595899871593e-99
1144	8.55652628720089e-100
1145	6.131010984525041e-100
1146	4.3923145996742187e-100
1147	3.146165161496473e-100
1148	2.2531822692968437e-100
1149	1.6133844076233202e-100
1150	1.1550641457262572e-100
1151	8.268011315896488e-101
1152	5.917288268609995e-101
1153	4.2341973020156785e-101
1154	3.029326948426961e-101
1155	2.1669450187827144e-101
1156	1.5498023548496296e-101
1157	1.1082338579183309e-101
1158	7.923429150433975e-102
1159	5.6639785959503955e-102
1160	4.048150787756308e-102
1161	2.892799969247576e-102
1162	2.0668395614960266e-102
1163	1.4764602475105126e-102
1164	1.0545407691831534e-102
1165	7.530635136062426e-103
1166	5.376831738533439e-103
1167	3.838379274232061e-103
1168	2.739655257312723e-103
1169	1.955107007111215e-103
1170	1.3949920180315827e-103
1171	9.951750512326135e-104
1172	7.098290928021831e-104
1173	5.06214592192217e-104
1174	3.60945860407104e-104
1175	2.5732145727644596e-104
1176	1.834156805343293e-104
1177	1.3071440004974679e-104
1178	9.314014507116162e-105
1179	6.6355493019656775e-105
1180	4.726539972714818e-105
1181	3.366171700949044e-105
1182	2.3969316987948813e-105
1183	1.7064811990622575e-105
1184	1.2147133411686717e-105
1185	8.645149921170703e-106
1186	6.151735871464005e-106
1187	4.376724852494301e-106
1188	3.1133447358574335e-106
1189	2.214275071277797e-106
1190	1.5745712227691204e-106
1191	1.1194879380053828e-106
1192	7.957980773375136e-107
1193	5.656042958876059e-107
1194	4.019285428010643e-107
1195	2.855691714323553e-107
1196	2.0286172136191347e-107
1197	1.4408381241278053e-107
1198	1.0231906531971488e-107
1199	7.264809206945457e-108
1200	5.15724929871859e-108
1201	3.660482113361811e-108
1202	2.5976742612018417e-108
1203	1.8431357347129756e-108
1204	1.307543543289503e-108
1205	9.274301317523736e-109
1206	6.577069486606193e-109
1207	4.663476927559516e-109
1208	3.306080280528185e-109
1209	2.343382082600092e-109
1210	1.660729683581255e-109
1211	1.176741069811485e-109
1212	8.336600305189187e-110
1213	5.905044034279921e-110
1214	4.1819937441160596e-110
1215	2.961213226666078e-110
1216	2.0964380396494735e-110
1217	1.4839539243321148e-110
1218	1.0502309720683384e-110
1219	7.4314786089558e-111
1220	5.257649522396398e-111
1221	3.719067047877219e-111
1222	2.6302821844692557e-111
1223	1.8599301025315484e-111
1224	1.3149729908779109e-111
1225	9.295290251544704e-112
1226	6.569540224790985e-112
1227	4.642296540437293e-112
1228	3.2798701295899732e-112
1229	2.316894541536449e-112
1230	1.636370791246068e-112
1231	1.1555346922468414e-112
1232	8.158495144163971e-113
1233	5.759209995431519e-113
1234	4.064822039666804e-113
1235	2.86844092181466e-113
1236	2.0238392584012736e-113
1237	1.4276831667189323e-113
1238	1.0069626471375882e-113
1239	7.101017197991717e-114
1240	5.006721474845826e-114
1241	3.52948992281488e-114
1242	2.487689017956412e-114
1243	1.7530965790355246e-114
1244	1.2352111068731682e-114
1245	8.701659964425874e-115
1246	6.1289853671415305e-115
1247	4.316190436490106e-115
1248	3.0390519961948404e-115
1249	2.139445182131679e-115
1250	1.5058776136409683e-115
1251	1.059750556247243e-115
1252	7.456638215862583e-116
1253	5.245753936965424e-116
1254	3.689760374455553e-116
1255	2.594859182638448e-116
1256	1.8245458935459264e-116
1257	1.2826883029491394e-116
1258	9.015977147362196e-117
1259	6.3362131051690024e-117
1260	4.4521730212472936e-117
1261	3.1278041861879966e-117
1262	2.1970114672412304e-117
1263	1.5429445347411166e-117
1264	1.0834116669603513e-117
1265	7.60609742036005e-118
1266	5.338944670742627e-118
1267	3.7469172029639533e-118
1268	2.629165296558222e-118
1269	1.844534501791779e-118
1270	1.2938405269673197e-118
1271	9.074020824088156e-119
1272	6.362734838458275e-119
1273	4.460801395528003e-119
1274	3.1268492160666473e-119
1275	2.1914216900932348e-119
1276	1.535571050659669e-119
1277	1.0758179765947862e-119
1278	7.535855739375863e-120
1279	5.277779362647641e-120
1280	3.695683216351382e-120
1281	2.587397022960594e-120
1282	1.811157492700758e-120
1283	1.2675763934982206e-120
1284	8.86986128092892e-121
1285	6.20560672262019e-121
1286	4.3408660259352554e-121
1287	3.0359401371188903e-121
1288	2.1229251877476725e-121
1289	1.484228668728145e-121
1290	1.0375082482476252e-121
1291	7.25115004111876e-122
1292	5.066952024011974e-122
1293	3.5400649902663867e-122
1294	2.4728637909368574e-122
1295	1.7270847454871715e-122
1296	1.2060118318026597e-122
1297	8.42003566428305e-123
1298	5.877609250005939e-123
1299	4.102153250361879e-123
1300	2.8625126674241876e-123
1301	1.9971344050547732e-123
1302	1.3931294837317408e-123
1303	9.716278658307343e-124
1304	6.775365080396769e-124
1305	4.723780148072835e-124
1306	3.292841759527293e-124
1307	2.294965848810684e-124
1308	1.5992109294085279e-124
1309	1.1141903682680275e-124
1310	7.761347920089027e-125
1311	5.405538673903667e-125
1312	3.7641320689920047e-125
1313	2.6206845379531587e-125
1314	1.8242679663495875e-125
1315	1.269657207086995e-125
1316	8.835034890277235e-126
1317	6.146869090876811e-126
1318	4.2758606158400966e-126
1319	2.9738356767404396e-126
1320	2.0679223098694377e-126
1321	1.4377231477202653e-126
1322	9.994016861610515e-127
1323	6.945901625898574e-127
1324	4.826595314932037e-127
1325	3.3533340996450483e-127
1326	2.3293589281879748e-127
1327	1.617780598255283e-127
1328	1.123379315148371e-127
1329	7.799320810345015e-128
1330	5.413905587193648e-128
1331	3.7574055519138443e-128
1332	2.607287599557568e-128
1333	1.8088945350444508e-128
1334	1.2547608653829992e-128
1335	8.702260180064839e-129
1336	6.034294638991553e-129
1337	4.1835433996782806e-129
1338	2.899915432873982e-129
1339	2.0097852026126792e-129
1340	1.3926345991117783e-129
1341	9.648235845923754e-130
1342	6.683159153836265e-130
1343	4.6284846395928765e-130
1344	3.2049329542961964e-130
1345	2.218820334685124e-130
1346	1.5358484389668206e-130
1347	1.062912675625667e-130
1348	7.354781612673489e-131
1349	5.088208678520725e-131
1350	3.5195160629913906e-131
1351	2.4340184205330056e-131
1352	1.683013533547031e-131
1353	1.163520826588399e-131
1354	8.042359577915076e-132
1355	5.5579617134423146e-132
1356	3.840345695721172e-132
1357	2.653064206767694e-132
1358	1.832516266772368e-132
1359	1.2655243907782563e-132
1360	8.738075049402809e-133
1361	6.032308668208631e-133
1362	4.163646419654856e-133
1363	2.8733371852756236e-133
1364	1.9825391661636572e-133
1365	1.3676638073383056e-133
1366	9.433205459253552e-134
1367	6.505213561326925e-134
1368	4.48524441405733e-134
1369	3.0919532871390776e-134
1370	2.1310907944623388e-134
1371	1.4685649722761245e-134
1372	1.0118276073627132e-134
1373	6.970147929039082e-135
1374	4.800644434432315e-135
1375	3.3058194018716663e-135
1376	2.2760442937545475e-135
1377	1.5667664379137913e-135
1378	1.0783251593266505e-135
1379	7.420225567827332e-136
1380	5.105124418034958e-136
1381	3.5116996999915e-136
1382	2.4151838119241513e-136
1383	1.660751865695237e-136
1384	1.1417762692324488e-136
1385	7.848360461076654e-137
1386	5.393845436996015e-137
1387	3.706292089469338e-137
1388	2.546257601930398e-137
1389	1.7489868596947803e-137
1390	1.201136122282294e-137
1391	8.247443396508729e-138
1392	5.661973790356225e-138
1393	3.886312521390693e-138
1394	2.667036171577728e-138
1395	1.8299590317262074e-138
1396	1.2553795964975549e-138
1397	8.610531549672316e-139
1398	5.904811207467592e-139
1399	4.048584317049262e-139
1400	2.7753735022047817e-139
1401	1.9022199120384706e-139
1402	1.3035299246209652e-139
1403	8.931044288543198e-140
1404	6.117928469432568e-140
1405	4.190129256022601e-140
1406	2.8692690748510445e-140
1407	1.9644271394982191e-140
1408	1.3446873599750532e-140
1409	9.20295772237044e-141
1410	6.297297293839649e-141
1411	4.30825687659094e-141
1412	2.946928264459438e-141
1413	2.0153852567078708e-141
1414	1.378056698423121e-141
1415	9.420990137771772e-142
1416	6.439415112392626e-142
1417	4.4006483229646965e-142
1418	3.0068186038194074e-142
1419	2.0540834097838984e-142
1420	1.4029725009610628e-142
1421	9.580770481390142e-143
1422	6.541417428987309e-143
1423	4.465431145420801e-143
1424	3.0477194897731285e-143
1425	2.0797283158027607e-143
1426	1.4189209148445876e-143
1427	9.678982481952191e-144
1428	6.601172788676489e-144
1429	4.5012417252837996e-144
1430	3.0687631071514017e-144
1431	2.0917710139528166e-144
1432	1.425557105376193e-144
1433	9.713477849818844e-145
1434	6.617356008876371e-145
1435	4.507272449937516e-145
1436	3.0694646749194404e-145
1437	2.0899261540757088e-145
1438	1.4227174813637061e-145
1439	9.683353216013136e-146
1440	6.589496197531673e-146
1441	4.483301384167078e-146
1442	3.0497405593577937e-146
1443	2.0741828875652854e-146
1444	1.4104261167187032e-146
1445	9.588987015924545e-147
1446	6.517997165508587e-147
1447	4.429702941795019e-147
1448	3.009913328229375e-147
1449	2.0448067943364475e-147
1450	1.38889502711775e-147
1451	9.432034303031046e-148
1452	6.404129073816116e-148
1453	4.3474389144972966e-148
1454	2.9507034086651673e-148
1455	2.002332685314936e-148
1456	1.3585182397705552e-148
1457	9.215379394875473e-149
1458	6.24999147050927e-149
1459	4.238030114266106e-149
1460	2.873207626239868e-149
1461	1.94754853929023e-149
1462	1.3198598799917404e-149
1463	8.943048195962514e-150
1464	6.05844919079035e-150
1465	4.1035097796885446e-150
1466	2.7788655073809497e-150
1467	1.8814712413940967e-150
1468	1.2736367736534142e-150
1469	8.62008389572685e-151
1470	5.8330438390558974e-151
1471	3.9463607312436337e-151
1472	2.6694147861301805e-151
1473	1.8053151637707916e-151
1474	1.2206963134300919e-151
1475	8.252391394770694e-152
1476	5.577884669968786e-152
1477	3.769438987962278e-152
1478	2.5468380364693102e-152
1479	1.7204549452646266e-152
1480	1.161990544449253e-152
1481	7.846557172515483e-153
1482	5.297523573127511e-153
1483	3.5758871349010503e-153
1484	2.4133027252312065e-153
1485	1.6283840680454976e-153
1486	1.0985475797116828e-153
1487	7.40965229737802e-154
1488	4.996819492837441e-154
1489	3.369041125943438e-154
1490	2.2710972275501032e-154
1491	1.530670981954642e-154
1492	1.0314415491894038e-154
1493	6.949026844869762e-155
1494	4.680797948725244e-155
1495	3.1523343997173207e-155
1496	2.1225654549064012e-155
1497	1.428914584891582e-155
1498	9.617623147138737e-156
1499	6.472104106336792e-156
1500	4.354511352022549e-156
1501	2.9292031717326127e-156
1502	1.9700427124454447e-156
1503	1.3247008290323858e-156
1504	8.905861458645103e-157
1505	5.986182647892764e-157
1506	4.022905543941893e-157
1507	2.70299655063494e-157
1508	1.815795233993203e-157
1509	1.2195620935749014e-157
1510	8.18948454478678e-158
1511	5.498253550152192e-158
1512	3.690697443426653e-158
1513	2.47689473101894e-158
1514	1.661965555177428e-158
1515	1.1149407562506106e-158
1516	7.478195353483969e-159
1517	5.014839084428812e-159
1518	3.3622679248780624e-159
1519	2.2538379705863425e-159
1520	1.510525499544173e-159
1521	1.0121581238652109e-159
1522	6.780840693877088e-160
1523	4.541857739660205e-160
1524	3.041573108297907e-160
1525	2.036468404953693e-160
1526	1.3632380970678767e-160
1527	9.123895658540935e-161
1528	6.105249264199968e-161
1529	4.0845189991934055e-161
1530	2.7320761988038613e-161
1531	1.827086033410943e-161
1532	1.2216292595367918e-161
1533	8.166463552620194e-162
1534	5.458115721596836e-162
1535	3.6472496764445144e-162
1536	2.436700927184748e-162
1537	1.627619469436809e-162
1538	1.0869695342610702e-162
1539	7.257643799417718e-163
1540	4.844931523483849e-163
1541	3.233652050696008e-163
1542	2.157806583717009e-163
1543	1.439611335023454e-163
1544	9.602657761372651e-164
1545	6.403995630554313e-164
1546	4.269961097082085e-164
1547	2.8464925881260987e-164
1548	1.897183663348711e-164
1549	1.2642175273751266e-164
1550	8.422621445229017e-165
1551	5.610295435047554e-165
1552	3.736259978335243e-165
1553	2.487718763859039e-165
1554	1.6560683009690758e-165
1555	1.102219032664764e-165
1556	7.334494667164089e-166
1557	4.8796092740852795e-166
1558	3.2457299923373814e-166
1559	2.1585004756061518e-166
1560	1.435173007528341e-166
1561	9.540445276816412e-167
1562	6.3408172897518034e-167
1563	4.213412405786586e-167
1564	2.799205383373281e-167
1565	1.8592917948182265e-167
1566	1.2347307437021245e-167
1567	8.198017100257051e-168
1568	5.4419826710256185e-168
1569	3.6117459390574465e-168
1570	2.396563071148061e-168
1571	1.5899083523310244e-168
1572	1.054549095520651e-168
1573	6.993151347751368e-169
1574	4.636501331750449e-169
1575	3.073400189398181e-169
1576	2.03684990779487e-169
1577	1.3496154969814897e-169
1578	8.940712401288171e-170
1579	5.921683048816681e-170
1580	3.921291083301762e-170
1581	2.5961143593646256e-170
1582	1.7184199076952773e-170
1583	1.1372224743077372e-170
1584	7.524404919208459e-171
1585	4.977478506996582e-171
1586	3.291979039007669e-171
1587	2.176782740654317e-171
1588	1.4390748668757718e-171
1589	9.511782105800684e-172
1590	6.285654726915056e-172
1591	4.1528782174533984e-172
1592	2.743202308629401e-172
1593	1.8116586365557342e-172
1594	1.196202512552851e-172
1595	7.896648072037854e-173
1596	5.211833207288055e-173
1597	3.439123777194086e-173
1598	2.2688960438895072e-173
1599	1.496548520750846e-173
1600	9.869072488586665e-174
1601	6.506854986097488e-174
1602	4.289188062313613e-174
1603	2.826754808268006e-174
1604	1.8625596901970538e-174
1605	1.2269904634380124e-174
1606	8.081296116636647e-175
1607	5.321445485612126e-175
1608	3.503377170600994e-175
1609	2.305965324243226e-175
1610	1.5174946365491104e-175
1611	9.984124541469122e-176
1612	6.567516367448763e-176
1613	4.319173036185089e-176
1614	2.8399338492006535e-176
1615	1.8669124079110314e-176
1616	1.2270087868030199e-176
1617	8.062678289752599e-177
1618	5.2968641248984165e-177
1619	3.479093426041265e-177
1620	2.2846570732780927e-177
1621	1.4999733331815494e-177
1622	9.845857689875117e-178
1623	6.461464813245012e-178
1624	4.2395107377394517e-178
1625	2.781043199118635e-178
1626	1.8239246073427927e-178
1627	1.1959501975323682e-178
1628	7.840184518121444e-179
1629	5.138618327286643e-179
1630	3.367233545013817e-179
1631	2.2060067069882452e-179
1632	1.4449307720675418e-179
1633	9.462236201090033e-180
1634	6.195080773622262e-180
1635	4.055146188445198e-180
1636	2.65382524224719e-180
1637	1.7363780975941319e-180
1638	1.1358536024754444e-180
1639	7.428590381772401e-181
1640	4.85731605977073e-181
1641	3.175353812121554e-181
1642	2.075360752937076e-181
1643	1.356128052478429e-181
1644	8.85958402574686e-182
1645	5.7867057813384804e-182
1646	3.778807924665499e-182
1647	2.4670814352371653e-182
1648	1.61033900098018e-182
1649	1.0508874401799414e-182
1650	6.856461814367239e-183
1651	4.4724840136387655e-183
1652	2.9167708590112727e-183
1653	1.901781037291685e-183
1654	1.239719128738e-183
1655	8.079613485947521e-184
1656	5.264562253694454e-184
1657	3.4295587459287396e-184
1658	2.233667015250997e-184
1659	1.45446314878723e-184
1660	9.468714510792361e-185
1661	6.162873224159437e-185
1662	4.0103221291771365e-185
1663	2.609029551328667e-185
1664	1.6970019978424588e-185
1665	1.1035429125625691e-185
1666	7.174630106406828e-186
1667	4.663512262058627e-186
1668	3.030609275297275e-186
1669	1.969018925165971e-186
1670	1.2790067873545815e-186
1671	8.306129988990861e-187
1672	5.392962640771244e-187
1673	3.500731580874835e-187
1674	2.2719188946938823e-187
1675	1.4741081330095263e-187
1676	9.562429942112302e-188
1677	6.201681987811053e-188
1678	4.0211744779085447e-188
1679	2.606744328592999e-188
1680	1.6894523532553556e-188
1681	1.0947005728233572e-188
1682	7.091637441299884e-189
1683	4.593031033259199e-189
1684	2.9740879434275353e-189
1685	1.9253500401362967e-189
1686	1.2461403234643895e-189
1687	8.063534588247563e-190
1688	5.216570759571193e-190
1689	3.374005535548458e-190
1690	2.1817621835177964e-190
1691	1.4104894821119796e-190
1692	9.116602284845777e-191
1693	5.891105116750307e-191
1694	3.805932067927252e-191
1695	2.458247919840546e-191
1696	1.5874154629618984e-191
1697	1.0248391333167108e-191
1698	6.614862971799812e-192
1699	4.268604819868831e-192
1700	2.7539172363822988e-192
1701	1.776296835148023e-192
1702	1.145459693483773e-192
1703	7.384882357702807e-193
1704	4.759997645356018e-193
1705	3.0673912080518116e-193
1706	1.9761993838540935e-193
1707	1.272891532291168e-193
1708	8.196925121651556e-194
1709	5.277270508041813e-194
1710	3.396772397811713e-194
1711	2.1858589135133633e-194
1712	1.4062944995251794e-194
1713	9.045421003094076e-195
1714	5.816738388129949e-195
1715	3.739627979173642e-195
1716	2.403672387693342e-195
1717	1.5446142463510776e-195
1718	9.92344728938595e-196
1719	6.3738633628424465e-196
1720	4.09298792471645e-196
1721	2.627698846243065e-196
1722	1.686584134097392e-196
1723	1.0822749432945956e-196
1724	6.943273132264809e-197
1725	4.4533602399136566e-197
1726	2.8556712910601395e-197
1727	1.8307341899666548e-197
1728	1.1733806870100129e-197
1729	7.518808493377229e-198
1730	4.816764706793692e-198
1731	3.0850203886303565e-198
1732	1.9754075947321208e-198
1733	1.2645946772581565e-198
1734	8.093601269180296e-199
1735	5.178785946763983e-199
1736	3.312910407678005e-199
1737	2.118784906278751e-199
1738	1.3547506627676096e-199
1739	8.660183005409241e-200
1740	5.534645836318082e-200
1741	3.536287307769692e-200
1742	2.2589158980325069e-200
1743	1.442604444804518e-200
1744	9.210623399031444e-201
1745	5.879294443459819e-201
1746	3.7519383398242504e-201
1747	2.3937585364728667e-201
1748	1.5268593147738037e-201
1749	9.736695980642348e-202
1750	6.2075177362569035e-202
1751	3.9565619383254706e-202
1752	2.521224254166629e-202
1753	1.6061953298805192e-202
1754	1.0230067109877071e-202
1755	6.514059395279532e-203
1756	4.1468461082885256e-203
1757	2.6392283139344844e-203
1758	1.679301623111023e-203
1759	1.0682502941298944e-203
1760	6.793753191601731e-204
1761	4.3195529714542895e-204
1762	2.7457437273886358e-204
1763	1.7449107393323694e-204
1764	1.1086087764780182e-204
1765	7.041661626417549e-205
1766	4.47160667040652e-205
1767	2.838856908950911e-205
1768	1.8018338192368514e-205
1769	1.1433446104659324e-205
1770	7.253215920596092e-206
1771	4.60018146957992e-206
1772	2.9168230351996387e-206
1773	1.8489953299352177e-206
1774	1.1717960254519902e-206
1775	7.424352040772545e-207
1776	4.702786667817662e-207
1777	2.9781189568580685e-207
1778	1.885465976007507e-207
1779	1.193397459414937e-207
1780	7.551637291703783e-208
1781	4.77734487132297e-208
1782	3.021491490503195e-208
1783	1.9104924257034122e-208
1784	1.2076978127993182e-208
1785	7.632382118712141e-209
1786	4.822260283182311e-209
1787	3.0459990072152453e-209
1788	1.9235225580366073e-209
1789	1.2143757222221846e-209
1790	7.664732159699087e-210
1791	4.8364739506511546e-210
1792	3.051044437374914e-210
1793	1.924225077804454e-210
1794	1.2132511495201375e-210
1795	7.647736256657305e-211
1796	4.819503367580359e-211
1797	3.0363981191166154e-211
1798	1.912502552681962e-211
1799	1.204292720019578e-211
1800	7.581387056998004e-212
1801	4.771464438774973e-212
1802	3.0022093198411813e-212
1803	1.8884971905921854e-212
1804	1.1876204167993544e-212
1805	7.466631963326405e-213
1806	4.6930745471624705e-213
1807	2.9490057363892097e-213
1808	1.85258898360493e-213
1809	1.1635034364558151e-213
1810	7.305353469143691e-214
1811	4.585636285513473e-214
1812	2.8776808050892497e-214
1813	1.8053861803622168e-214
1814	1.1323532258425916e-214
1815	7.100319278328741e-215
1816	4.451002277362888e-215
1817	2.789469198990709e-215
1818	1.74770839384243e-215
1819	1.0947119364751674e-215
1820	6.855103971432806e-216
1821	4.291522367794448e-216
1822	2.6859114250598836e-216
1823	1.68056298541065e-216
1824	1.0512367412729743e-216
1825	6.573985273121713e-217
1826	4.10997526431582e-217
1827	2.568808927838157e-217
1828	1.6051156700910316e-217
1829	1.002680644914747e-217
1830	6.261819116839511e-218
1831	3.9094874042795033e-218
1832	2.4401715290674365e-218
1833	1.5226565439932671e-218
1834	9.498705733433248e-219
1835	5.923898628046398e-219
1836	3.693442377429326e-219
1837	2.30215936035951e-219
1838	1.4345629279121687e-219
1839	8.936836409345944e-220
1840	5.565802802732089e-220
1841	3.4653846084601158e-220
1842	2.157021659438709e-220
1843	1.342260540382376e-220
1844	8.350225592094651e-221
1845	5.193241007162612e-221
1846	3.2289211845818764e-221
1847	2.0070348885231406e-221
1848	1.2471845527847557e-221
1849	7.747911655076971e-222
1850	4.811899451797801e-222
1851	2.987625689355281e-222
1852	1.8544425928813484e-222
1853	1.150742037528434e-222
1854	7.13871013828385e-223
1855	4.42729550167507e-223
1856	2.744947682110913e-223
1857	1.701399253672688e-223
1858	1.054277202169717e-223
1859	6.53099886419257e-224
1860	4.0446451023364656e-224
1861	2.5041310602912595e-224
1862	1.549920114863488e-224
1863	9.590406166855082e-225
1864	5.932529599747418e-225
1865	3.668747767763502e-225
1866	2.2681439893791153e-225
1867	1.4018385990050617e-225
1868	8.661634011742468e-226
1869	5.350272032376582e-226
1870	3.30389255266735e-226
1871	2.039622419727198e-226
1872	1.2587724958758426e-226
1873	7.766370632380877e-227
1874	4.790294039135022e-227
1875	2.953787283827117e-227
1876	1.8208284753780507e-227
1877	1.1220996395175788e-227
1878	6.912993761666802e-228
1879	4.257680335612152e-228
1880	2.6215121268717274e-228
1881	1.6136242430476372e-228
1882	9.929433122319317e-229
1883	6.108263892086834e-229
1884	3.756489710822847e-229
1885	2.309497388390852e-229
1886	1.41946075510162e-229
1887	8.721671568458247e-230
1888	5.357303771801399e-230
1889	3.28974929430612e-230
1890	2.019524365441252e-230
1891	1.2393812897193873e-230
1892	7.603789662091978e-231
1893	4.66363283826707e-231
1894	2.859482755815369e-231
1895	1.7527471122093342e-231
1896	1.0740375388507442e-231
1897	6.579423721184948e-232
1898	4.029250040876946e-232
1899	2.466768079911507e-232
1900	1.5097322403746299e-232
1901	9.237167456258262e-233
1902	5.649951895800587e-233
1903	3.454756933365237e-233
1904	2.111819636847397e-233
1905	1.290513333504048e-233
1906	7.883776031465594e-234
1907	4.8147299508002096e-234
1908	2.939511913563874e-234
1909	1.7940887110010998e-234
1910	1.0946562482903078e-234
1911	6.67692541405918e-235
1912	4.071364313874018e-235
1913	2.4818060576627725e-235
1914	1.5123764470418379e-235
1915	9.213314924356908e-236
1916	5.610940039133389e-236
1917	3.416007323718808e-236
1918	2.0790511060186463e-236
1919	1.2649533072477594e-236
1920	7.693899922472583e-237
1921	4.6782241735522503e-237
1922	2.843660401362164e-237
1923	1.727970743722611e-237
1924	1.0496795570730501e-237
1925	6.374388628240615e-238
1926	3.869737663259882e-238
1927	2.3484723014978545e-238
1928	1.4247872936035847e-238
1929	8.641219522929892e-239
1930	5.239142322022373e-239
1931	3.1754497616689786e-239
1932	1.9240215203427077e-239
1933	1.1653971988971887e-239
1934	7.056626235110952e-240
1935	4.271487054935048e-240
1936	2.584756531279215e-240
1937	1.5635741695014939e-240
1938	9.455301081337194e-241
1939	5.71597073382417e-241
1940	3.454316423756563e-241
1941	2.0868510508047586e-241
1942	1.2603110003807152e-241
1943	7.608878789300074e-242
1944	4.5921915200322046e-242
1945	2.7706101991070325e-242
1946	1.6710394224909534e-242
1947	1.007519622741595e-242
1948	6.072612930204885e-243
1949	3.6589179683324003e-243
1950	2.2038622606626326e-243
1951	1.3269991363455625e-243
1952	7.987501687241299e-244
1953	4.8062364009052005e-244
1954	2.8910316580523464e-244
1955	1.738416477661134e-244
1956	1.0449795317093896e-244
1957	6.2793460404346605e-245
1958	3.772015198619697e-245
1959	2.2650851882049606e-245
1960	1.3597135902998837e-245
1961	8.159467750803348e-246
1962	4.894715076331033e-246
1963	2.9352418830749443e-246
1964	1.7595878969153286e-246
1965	1.0544556633499532e-246
1966	6.316778719587048e-247
1967	3.782793893410669e-247
1968	2.264535133470497e-247
1969	1.355172267220142e-247
1970	8.106972431494266e-248
1971	4.848097249703812e-248
1972	2.8982248260092756e-248
1973	1.7319710532717958e-248
1974	1.0346576606611183e-248
1975	6.178739699163455e-249
1976	3.688501593362405e-249
1977	2.2011345196751897e-249
1978	1.3130746143583128e-249
1979	7.830294801078666e-250
1980	4.6678015397324095e-250
1981	2.781582133406894e-250
1982	1.6569763139457423e-250
1983	9.86700366884954e-251
1984	5.873520985735773e-251
1985	3.495068345549173e-251
1986	2.0790091415906877e-251
1987	1.2362330995194796e-251
1988	7.348306125690673e-252
1989	4.366331235210286e-252
1990	2.5935124756384284e-252
1991	1.5399332136444247e-252
1992	9.140226721531043e-253
1993	5.423170305070622e-253
1994	3.216550409132312e-253
1995	1.907075894039138e-253
1996	1.1302792011831718e-253
1997	6.6964292976367656e-254
1998	3.965886472130183e-254
1999	2.347882454485804e-254
2000	1.3894763136808e-254
2001	8.21985791913373e-255
2002	4.860886475728461e-255
2003	2.8734542564981453e-255
2004	1.6979714145149023e-255
2005	1.0029825387839042e-255
2006	5.922334224356582e-256
2007	3.4956555052063907e-256
2008	2.0625293700302037e-256
2009	1.2164859132630708e-256
2010	7.172145299622437e-257
2011	4.2269367523492345e-257
2012	2.4902142605112225e-257
2013	1.466498412684189e-257
2014	8.632965610694195e-258
2015	5.080091937817682e-258
2016	2.9882428845943325e-258
2017	1.7570842597505593e-258
2018	1.0327644120303794e-258
2019	6.067943513384023e-259
2020	3.563797255805916e-259
2021	2.0922580483768524e-259
2022	1.2278573238777753e-259
2023	7.202952689861227e-260
2024	4.2237948504181584e-260
2025	2.47584962087867e-260
2026	1.4506895912600146e-260
2027	8.496755166535827e-261
2028	4.974617346373215e-261
2029	2.9113459106661045e-261
2030	1.703158541094665e-261
2031	9.959626820031626e-262
2032	5.821801015534323e-262
2033	3.401711904761036e-262
2034	1.986841211170716e-262
2035	1.1599888662588204e-262
2036	6.769694737110018e-263
2037	3.9491945039537834e-263
2038	2.30288209529298e-263
2039	1.3423265763766753e-263
2040	7.821094685467888e-264
2041	4.555114820640027e-264
2042	2.6518753246260744e-264
2043	1.5432220518879435e-264
2044	8.976867960710708e-265
2045	5.219656264382071e-265
2046	3.0337456697643897e-265
2047	1.7625286313722843e-265
2048	1.0235580579615869e-265
2049	5.941657507002851e-266
2050	3.447633706286073e-266
2051	1.9996432876163136e-266
2052	1.1593148092632605e-266
2053	6.718420955566071e-267
2054	3.891791308675898e-267
2055	2.2534498962108178e-267
2056	1.3042529375739413e-267
2057	7.545548541777176e-268
2058	4.3634942373696606e-268
2059	2.5222731007172703e-268
2060	1.4573485587686557e-268
2061	8.41681730483064e-269
2062	4.858978874380882e-269
2063	2.803846750237165e-269
2064	1.6172426616037316e-269
2065	9.324107254376854e-270
2066	5.37341006412906e-270
2067	3.09530076869762e-270
2068	1.782236632527526e-270
2069	1.0257393226546724e-270
2070	5.900886462244772e-271
2071	3.3931699354090783e-271
2072	1.9503005393763234e-271
2073	1.1204810802211385e-271
2074	6.434488744119516e-272
2075	3.693427393852138e-272
2076	2.1190956397165034e-272
2077	1.2152803808870807e-272
2078	6.966374466361235e-273
2079	3.9915447593285685e-273
2080	2.286012008923744e-273
2081	1.3086357507182485e-273
2082	7.487921335796381e-274
2083	4.282579487517859e-274
2084	2.4482214700320505e-274
2085	1.3989317375717996e-274
2086	7.989918192477952e-275
2087	4.5612887407469913e-275
2088	2.6027451811150936e-275
2089	1.4844788636582777e-275
2090	8.462800269317875e-276
2091	4.822267416999389e-276
2092	2.7465343391135596e-276
2093	1.5635606567546089e-276
2094	8.896922405925625e-277
2095	5.060106380355606e-277
2096	2.876561546136458e-277
2097	1.634486254456305e-277
2098	9.28286105603459e-278
2099	5.2695653602554683e-278
2100	2.989919518776307e-278
2101	1.6956466017487442e-278
2102	9.611733346260385e-279
2103	5.445753590339658e-279
2104	3.0839230708801528e-279
2105	1.7455718625977908e-279
2106	9.875519335052467e-280
2107	5.584310156612504e-280
2108	3.1562097327724826e-280
2109	1.7829873783695766e-280
2110	1.0067372188818489e-280
2111	5.681575330806595e-281
2112	3.2048340455716837e-281
2113	1.806865362198744e-281
2114	1.0181900410481028e-281
2115	5.7347439693076876e-282
2116	3.228350535465808e-282
2117	1.8164695432972905e-282
2118	1.0215406647011309e-282
2119	5.741992421440314e-283
2120	3.2258806585883755e-283
2121	1.8113901818851988e-283
2122	1.0166069023263677e-283
2123	5.702571334513505e-284
2124	3.1971596182605925e-284
2125	1.791567263655211e-284
2126	1.0034053378112727e-284
2127	5.6168582430656836e-285
2128	3.142559872954631e-285
2129	1.757300237566633e-285
2130	9.821548110503348e-286
2131	5.48636581557933e-286
2132	3.063089329108102e-286
2133	1.7092433526768643e-286
2134	9.532717391726195e-287
2135	5.313703988272028e-287
2136	2.9603635773748314e-287
2137	1.6483864359655997e-287
2138	9.173573009428691e-288
2139	5.1024967897951684e-288
2140	2.8365529937984315e-288
2141	1.5760217807105813e-288
2142	8.75176976981895e-289
2143	4.857257273685685e-289
2144	2.6943069855325552e-289
2145	1.4936986248153536e-289
2146	8.276333860258918e-290
2147	4.5832264363922086e-290
2148	2.536659006622137e-290
2149	1.4031674303163e-290
2150	7.757337529281963e-291
2151	4.286184121606743e-291
2152	2.3669171004904877e-291
2153	1.30631677303435e-291
2154	7.2055365702474215e-292
2155	3.9722415320771587e-292
2156	2.1885455542559957e-292
2157	1.2051060683797996e-292
2158	6.631989153813511e-293
2159	3.6476259612585827e-293
2160	2.0050437109159563e-293
2161	1.1014975629974044e-293
2162	6.047675382113837e-294
2163	3.3184686418233125e-294
2164	1.8198280431700556e-294
2165	9.973909967762439e-295
2166	5.4631364731862825e-295
2167	2.99060616701729e-295
2168	1.6361232449136983e-295
2169	8.945640892137352e-296
2170	4.8881507739403005e-296
2171	2.669404814879953e-296
2172	1.4568673743506102e-296
2173	7.946215502759054e-297
2174	4.3314609927466235e-297
2175	2.3596153917822035e-297
2176	1.2846350482987576e-297
2177	6.989546974973795e-298
2178	3.800563377001133e-298
2179	2.0652640552557433e-298
2180	1.1215814274152606e-298
2181	6.08713029741464e-299
2182	3.3015653409931876e-299
2183	1.7895821546504895e-299
2184	9.694083500845564e-300
2185	5.2478832335731885e-300
2186	2.8391136163498193e-300
2187	1.5349756359775837e-300
2188	8.293525784565213e-301
2189	4.4781104023384406e-301
2190	2.4163906967307273e-301
2191	1.3030321864247294e-301
2192	7.021948197095282e-302
2193	3.7815812770681976e-302
2194	2.035173498133525e-302
2195	1.0945622166806556e-302
2196	5.882870716849357e-303
2197	3.1597069690148354e-303
2198	1.6959450180382376e-303
2199	9.09668132744554e-304
2200	4.8759498590104024e-304
2201	2.6117962543428378e-304
2202	1.3980475353892786e-304
2203	7.478352250653881e-305
2204	3.997513871611673e-305
2205	2.135368634851296e-305
2206	1.1398646443263385e-305
2207	6.080369421646938e-306
2208	3.2411685297667856e-306
2209	1.7265013367487656e-306
2210	9.190191607259993e-307
2211	4.888473075845428e-307
2212	2.5984332492629565e-307
2213	1.3801879396343213e-307
2214	7.325746001574606e-308
2215	3.885537262589603e-308
2216	2.0593706020191067e-308
2217	1.0906885472660234e-308
2218	5.77229347063228e-309
2219	3.052643158550317e-309
2220	1.61317778341653e-309
2221	8.5185472403113e-310
2222	4.4949461735278e-310
2223	2.3700507274018e-310
2224	1.2487154723734e-310
2225	6.574164325898e-311
2226	3.458496349044e-311
2227	1.818035130304e-311
2228	9.54957116844e-312
2229	5.01222513826e-312
2230	2.6286987089e-312
2231	1.37756791556e-312
2232	7.2134928143e-313
2233	3.77430473094e-313
2234	1.9732652843e-313
2235	1.0308358484e-313
2236	5.380807159e-314
2237	2.8064516033e-314
2238	1.4625752657e-314
2239	7.61601406e-315
2240	3.962637885e-315
2241	2.060091215e-315
2242	1.070119277e-315
2243	5.55417863e-316
2244	2.8803658e-316
2245	1.49249816e-316
2246	7.7270997e-317
2247	3.9971823e-317
2248	2.065971e-317
2249	1.0669046e-317
2250	5.504983e-318
2251	2.83801e-318
2252	1.46183e-318
2253	7.52324e-319
2254	3.8684e-319
2255	1.9874e-319
2256	1.0201e-319
2257	5.2317e-320
2258	2.6803e-320
2259	1.372e-320
2260	7.02e-321
2261	3.587e-321
2262	1.833e-321
2263	9.34e-322
2264	4.74e-322
2265	2.4e-322
2266	1.24e-322
2267	6.4e-323
2268	3e-323
2269	1.5e-323
2270	1e-323
2271	5e-324
2272	0.0
2273	0.0
2274	0.0
2275	0.0
2276	0.0
2277	0.0
2278	0.0
2279	0.0
2280	0.0
2281	0.0
2282	0.0
2283	0.0
2284	0.0
2285	0.0
2286	0.0
2287	0.0
2288	0.0
2289	0.0
2290	0.0
2291	0.0
2292	0.0
2293	0.0
2294	0.0
2295	0.0
2296	0.0
2297	0.0
2298	0.0
2299	0.0
2300	0.0
2301	0.0
2302	0.0
2303	0.0
2304	0.0
2305	0.0
2306	0.0
2307	0.0
2308	0.0
2309	0.0
2310	0.0
2311	0.0
2312	0.0
2313	0.0
2314	0.0
2315	0.0
2316	0.0
2317	0.0
2318	0.0
2319	0.0
2320	0.0
2321	0.0
2322	0.0
2323	0.0
2324	0.0
2325	0.0
2326	0.0
2327	0.0
2328	0.0
2329	0.0
2330	0.0
2331	0.0
2332	0.0
2333	0.0
2334	0.0
2335	0.0
2336	0.0
2337	0.0
2338	0.0
2339	0.0
2340	0.0
2341	0.0
2342	0.0
2343	0.0
2344	0.0
2345	0.0
2346	0.0
2347	0.0
2348	0.0
2349	0.0
2350	0.0
2351	0.0
2352	0.0
2353	0.0
2354	0.0
2355	0.0
2356	0.0
2357	0.0
2358	0.0
2359	0.0
2360	0.0
2361	0.0
2362	0.0
2363	0.0
2364	0.0
2365	0.0
2366	0.0
2367	0.0
2368	0.0
2369	0.0
2370	0.0
2371	0.0
2372	0.0
2373	0.0
2374	0.0
2375	0.0
2376	0.0
2377	0.0
2378	0.0
2379	0.0
2380	0.0
2381	0.0
2382	0.0
2383	0.0
2384	0.0
2385	0.0
2386	0.0
2387	0.0
2388	0.0
2389	0.0
2390	0.0
2391	0.0
2392	0.0
2393	0.0
2394	0.0
2395	0.0
2396	0.0
2397	0.0
2398	0.0
2399	0.0
2400	0.0
2401	0.0
2402	0.0
2403	0.0
2404	0.0
2405	0.0
2406	0.0
2407	0.0
2408	0.0
2409	0.0
2410	0.0
2411	0.0
2412	0.0
2413	0.0
2414	0.0
2415	0.0
2416	0.0
2417	0.0
2418	0.0
2419	0.0
2420	0.0
2421	0.0
2422	0.0
2423	0.0
2424	0.0
2425	0.0
2426	0.0
2427	0.0
2428	0.0
2429	0.0
2430	0.0
2431	0.0
2432	0.0
2433	0.0
2434	0.0
2435	0.0
2436	0.0
2437	0.0
2438	0.0
2439	0.0
2440	0.0
2441	0.0
2442	0.0
2443	0.0
2444	0.0
2445	0.0
2446	0.0
2447	0.0
2448	0.0
2449	0.0
2450	0.0
2451	0.0
2452	0.0
2453	0.0
2454	0.0
2455	0.0
2456	0.0
2457	0.0
2458	0.0
2459	0.0
2460	0.0
2461	0.0
2462	0.0
2463	0.0
2464	0.0
2465	0.0
2466	0.0
2467	0.0
2468	0.0
2469	0.0
2470	0.0
2471	0.0
2472	0.0
2473	0.0
2474	0.0
2475	0.0
2476	0.0
2477	0.0
2478	0.0
2479	0.0
2480	0.0
2481	0.0
2482	0.0
2483	0.0
2484	0.0
2485	0.0
2486	0.0
2487	0.0
2488	0.0
2489	0.0
2490	0.0
2491	0.0
2492	0.0
2493	0.0
2494	0.0
2495	0.0
2496	0.0
2497	0.0
2498	0.0
2499	0.0
2500	0.0
