k	pvalue
0	0.9999999999997621
1	0.9999999999997621
2	0.9999999999997621
3	0.9999999999997621
4	0.9999999999997621
5	0.9999999999997621
6	0.9999999999997621
7	0.9999999999997621
8	0.9999999999997621
9	0.9999999999997621
10	0.9999999999997621
11	0.9999999999997621
12	0.9999999999997621
13	0.9999999999997621
14	0.9999999999997621
15	0.9999999999997621
16	0.9999999999997621
17	0.9999999999997621
18	0.9999999999997621
19	0.9999999999997621
20	0.9999999999997621
21	0.9999999999997621
22	0.9999999999997621
23	0.9999999999997621
24	0.9999999999997621
25	0.9999999999997621
26	0.9999999999997621
27	0.9999999999997621
28	0.9999999999997621
29	0.9999999999997621
30	0.9999999999997621
31	0.9999999999997621
32	0.9999999999997621
33	0.9999999999997621
34	0.9999999999997621
35	0.9999999999997621
36	0.9999999999997621
37	0.9999999999997621
38	0.9999999999997621
39	0.9999999999997621
40	0.9999999999997621
41	0.9999999999997621
42	0.9999999999997621
43	0.9999999999997621
44	0.9999999999997621
45	0.9999999999997621
46	0.9999999999997621
47	0.9999999999997621
48	0.9999999999997621
49	0.9999999999997621
50	0.9999999999997621
51	0.9999999999997621
52	0.9999999999997621
53	0.9999999999997621
54	0.9999999999997621
55	0.9999999999997621
56	0.9999999999997621
57	0.9999999999997621
58	0.9999999999997621
59	0.9999999999997621
60	0.9999999999997621
61	0.9999999999997621
62	0.9999999999997621
63	0.9999999999997621
64	0.9999999999997621
65	0.9999999999997621
66	0.9999999999997621
67	0.9999999999997621
68	0.9999999999997621
69	0.9999999999997621
70	0.9999999999997621
71	0.9999999999997621
72	0.9999999999997621
73	0.9999999999997621
74	0.9999999999997621
75	0.9999999999997621
76	0.9999999999997621
77	0.9999999999997621
78	0.9999999999997621
79	0.9999999999997621
80	0.9999999999997621
81	0.9999999999997621
82	0.9999999999997621
83	0.9999999999997621
84	0.9999999999997621
85	0.9999999999997621
86	0.9999999999997621
87	0.9999999999997621
88	0.9999999999997621
89	0.9999999999997621
90	0.9999999999997621
91	0.9999999999997621
92	0.9999999999997621
93	0.9999999999997621
94	0.9999999999997621
95	0.9999999999997621
96	0.9999999999997621
97	0.9999999999997621
98	0.9999999999997621
99	0.9999999999997621
100	0.9999999999997621
101	0.9999999999997621
102	0.9999999999997621
103	0.9999999999997621
104	0.9999999999997621
105	0.9999999999997621
106	0.9999999999997621
107	0.9999999999997621
108	0.9999999999997621
109	0.9999999999997621
110	0.9999999999997621
111	0.9999999999997621
112	0.9999999999997621
113	0.9999999999997621
114	0.9999999999997621
115	0.9999999999997621
116	0.9999999999997621
117	0.9999999999997621
118	0.9999999999997621
119	0.9999999999997621
120	0.9999999999997621
121	0.9999999999997621
122	0.9999999999997621
123	0.9999999999997621
124	0.9999999999997621
125	0.9999999999997621
126	0.9999999999997621
127	0.9999999999997621
128	0.9999999999997621
129	0.9999999999997621
130	0.9999999999997621
131	0.9999999999997621
132	0.9999999999997621
133	0.9999999999997621
134	0.9999999999997621
135	0.9999999999997621
136	0.9999999999997621
137	0.9999999999997621
138	0.9999999999997621
139	0.9999999999997621
140	0.9999999999997621
141	0.9999999999997621
142	0.9999999999997621
143	0.9999999999997621
144	0.9999999999997621
145	0.9999999999997621
146	0.9999999999997621
147	0.9999999999997621
148	0.9999999999997621
149	0.9999999999997621
150	0.9999999999997621
151	0.9999999999997621
152	0.9999999999997621
153	0.9999999999997621
154	0.9999999999997621
155	0.9999999999997621
156	0.9999999999997621
157	0.9999999999997621
158	0.9999999999997621
159	0.9999999999997621
160	0.9999999999997621
161	0.9999999999997621
162	0.9999999999997621
163	0.9999999999997621
164	0.9999999999997621
165	0.9999999999997621
166	0.9999999999997621
167	0.9999999999997621
168	0.9999999999997621
169	0.9999999999997621
170	0.9999999999997621
171	0.9999999999997621
172	0.9999999999997621
173	0.9999999999997621
174	0.9999999999997621
175	0.9999999999997621
176	0.9999999999997621
177	0.9999999999997621
178	0.9999999999997621
179	0.9999999999997621
180	0.9999999999997621
181	0.9999999999997621
182	0.9999999999997621
183	0.9999999999997621
184	0.9999999999997621
185	0.9999999999997621
186	0.9999999999997621
187	0.9999999999997621
188	0.9999999999997621
189	0.9999999999997621
190	0.9999999999997621
191	0.9999999999997621
192	0.9999999999997621
193	0.9999999999997621
194	0.9999999999997621
195	0.9999999999997621
196	0.9999999999997621
197	0.9999999999997621
198	0.9999999999997621
199	0.9999999999997621
200	0.9999999999997621
201	0.9999999999997621
202	0.9999999999997621
203	0.9999999999997621
204	0.9999999999997621
205	0.9999999999997621
206	0.9999999999997621
207	0.9999999999997621
208	0.9999999999997621
209	0.9999999999997621
210	0.9999999999997621
211	0.9999999999997621
212	0.9999999999997621
213	0.9999999999997621
214	0.9999999999997621
215	0.9999999999997621
216	0.9999999999997621
217	0.9999999999997621
218	0.9999999999997621
219	0.9999999999997621
220	0.9999999999997621
221	0.9999999999997621
222	0.9999999999997621
223	0.9999999999997621
224	0.9999999999997621
225	0.9999999999997621
226	0.9999999999997621
227	0.9999999999997621
228	0.9999999999997621
229	0.9999999999997621
230	0.9999999999997621
231	0.9999999999997621
232	0.9999999999997621
233	0.9999999999997621
234	0.9999999999997621
235	0.9999999999997621
236	0.9999999999997621
237	0.9999999999997621
238	0.9999999999997621
239	0.9999999999997621
240	0.9999999999997621
241	0.9999999999997621
242	0.9999999999997621
243	0.9999999999997621
244	0.9999999999997621
245	0.9999999999997621
246	0.9999999999997621
247	0.9999999999997621
248	0.9999999999997621
249	0.9999999999997621
250	0.9999999999997621
251	0.9999999999997621
252	0.9999999999997621
253	0.9999999999997621
254	0.9999999999997621
255	0.9999999999997621
256	0.9999999999997621
257	0.9999999999997621
258	0.9999999999997621
259	0.9999999999997621
260	0.9999999999997621
261	0.9999999999997621
262	0.9999999999997621
263	0.9999999999997621
264	0.9999999999997621
265	0.9999999999997621
266	0.9999999999997621
267	0.9999999999997621
268	0.9999999999997621
269	0.9999999999997621
270	0.9999999999997621
271	0.9999999999997621
272	0.9999999999997621
273	0.9999999999997621
274	0.9999999999997621
275	0.9999999999997621
276	0.9999999999997621
277	0.9999999999997621
278	0.9999999999997621
279	0.9999999999997621
280	0.9999999999997621
281	0.9999999999997621
282	0.9999999999997621
283	0.9999999999997621
284	0.9999999999997621
285	0.9999999999997621
286	0.9999999999997621
287	0.9999999999997621
288	0.9999999999997621
289	0.9999999999997621
290	0.9999999999997621
291	0.9999999999997621
292	0.9999999999997621
293	0.9999999999997621
294	0.9999999999997621
295	0.9999999999997621
296	0.9999999999997621
297	0.9999999999997621
298	0.9999999999997621
299	0.9999999999997621
300	0.9999999999997621
301	0.9999999999997621
302	0.9999999999997621
303	0.9999999999997621
304	0.9999999999997621
305	0.9999999999997621
306	0.9999999999997621
307	0.9999999999997621
308	0.9999999999997621
309	0.9999999999997621
310	0.9999999999997621
311	0.9999999999997621
312	0.9999999999997621
313	0.9999999999997621
314	0.9999999999997621
315	0.9999999999997621
316	0.9999999999997621
317	0.9999999999997621
318	0.9999999999997621
319	0.9999999999997621
320	0.9999999999997621
321	0.9999999999997621
322	0.9999999999997621
323	0.9999999999997621
324	0.9999999999997621
325	0.9999999999997621
326	0.9999999999997621
327	0.9999999999997621
328	0.9999999999997621
329	0.9999999999997621
330	0.9999999999997621
331	0.9999999999997621
332	0.9999999999997621
333	0.9999999999997621
334	0.9999999999997621
335	0.9999999999997621
336	0.9999999999997621
337	0.9999999999997621
338	0.9999999999997621
339	0.9999999999997621
340	0.9999999999997621
341	0.9999999999997621
342	0.9999999999997621
343	0.9999999999997621
344	0.9999999999997621
345	0.9999999999997621
346	0.9999999999997621
347	0.9999999999997621
348	0.9999999999997621
349	0.9999999999997621
350	0.9999999999997621
351	0.9999999999997621
352	0.9999999999997621
353	0.9999999999997621
354	0.9999999999997621
355	0.9999999999997621
356	0.9999999999997621
357	0.9999999999997621
358	0.9999999999997621
359	0.9999999999997621
360	0.9999999999997621
361	0.9999999999997621
362	0.9999999999997621
363	0.9999999999997621
364	0.9999999999997621
365	0.9999999999997621
366	0.9999999999997621
367	0.9999999999997621
368	0.9999999999997621
369	0.9999999999997621
370	0.9999999999997621
371	0.9999999999997621
372	0.9999999999997621
373	0.9999999999997621
374	0.9999999999997621
375	0.9999999999997621
376	0.9999999999997621
377	0.9999999999997621
378	0.9999999999997621
379	0.9999999999997621
380	0.9999999999997621
381	0.9999999999997621
382	0.9999999999997621
383	0.9999999999997621
384	0.9999999999997621
385	0.9999999999997621
386	0.9999999999997621
387	0.9999999999997621
388	0.9999999999997621
389	0.9999999999997621
390	0.9999999999997621
391	0.9999999999997621
392	0.9999999999997621
393	0.9999999999997621
394	0.9999999999997621
395	0.9999999999997621
396	0.9999999999997621
397	0.9999999999997621
398	0.9999999999997621
399	0.9999999999997621
400	0.9999999999997621
401	0.9999999999997621
402	0.9999999999997621
403	0.9999999999997621
404	0.9999999999997621
405	0.9999999999997621
406	0.9999999999997621
407	0.9999999999997621
408	0.9999999999997621
409	0.9999999999997621
410	0.9999999999997621
411	0.9999999999997621
412	0.9999999999997621
413	0.9999999999997621
414	0.9999999999997621
415	0.9999999999997621
416	0.9999999999997621
417	0.9999999999997621
418	0.9999999999997621
419	0.9999999999997621
420	0.9999999999997621
421	0.9999999999997621
422	0.9999999999997621
423	0.9999999999997621
424	0.9999999999997621
425	0.9999999999997621
426	0.9999999999997621
427	0.9999999999997621
428	0.9999999999997621
429	0.9999999999997621
430	0.9999999999997621
431	0.9999999999997621
432	0.9999999999997621
433	0.9999999999997621
434	0.9999999999997621
435	0.9999999999997621
436	0.9999999999997621
437	0.9999999999997621
438	0.9999999999997621
439	0.9999999999997621
440	0.9999999999997621
441	0.9999999999997621
442	0.9999999999997621
443	0.9999999999997621
444	0.9999999999997621
445	0.9999999999997621
446	0.9999999999997621
447	0.9999999999997621
448	0.9999999999997621
449	0.9999999999997621
450	0.9999999999997621
451	0.9999999999997621
452	0.9999999999997621
453	0.9999999999997621
454	0.9999999999997621
455	0.9999999999997621
456	0.9999999999997621
457	0.9999999999997621
458	0.9999999999997621
459	0.9999999999997621
460	0.9999999999997621
461	0.9999999999997621
462	0.9999999999997621
463	0.9999999999997621
464	0.9999999999997621
465	0.9999999999997621
466	0.9999999999997621
467	0.9999999999997621
468	0.9999999999997621
469	0.9999999999997621
470	0.9999999999997621
471	0.9999999999997621
472	0.9999999999997621
473	0.9999999999997621
474	0.9999999999997621
475	0.9999999999997621
476	0.9999999999997621
477	0.9999999999997621
478	0.9999999999997621
479	0.9999999999997621
480	0.9999999999997621
481	0.9999999999997621
482	0.9999999999997621
483	0.9999999999997621
484	0.9999999999997621
485	0.9999999999997621
486	0.9999999999997621
487	0.9999999999997621
488	0.9999999999997621
489	0.9999999999997621
490	0.9999999999997621
491	0.9999999999997621
492	0.9999999999997621
493	0.9999999999997621
494	0.9999999999997621
495	0.9999999999997621
496	0.9999999999997621
497	0.9999999999997621
498	0.9999999999997621
499	0.9999999999997621
500	0.9999999999997621
501	0.9999999999997621
502	0.9999999999997621
503	0.9999999999997621
504	0.9999999999997621
505	0.9999999999997621
506	0.9999999999997621
507	0.9999999999997621
508	0.9999999999997621
509	0.9999999999997621
510	0.9999999999997621
511	0.9999999999997621
512	0.9999999999997621
513	0.9999999999997621
514	0.9999999999997621
515	0.9999999999997621
516	0.9999999999997621
517	0.9999999999997621
518	0.9999999999997621
519	0.9999999999997621
520	0.9999999999997621
521	0.9999999999997621
522	0.9999999999997621
523	0.9999999999997621
524	0.9999999999997621
525	0.9999999999997621
526	0.9999999999997621
527	0.9999999999997621
528	0.9999999999997621
529	0.9999999999997621
530	0.9999999999997621
531	0.9999999999997621
532	0.9999999999997621
533	0.9999999999997621
534	0.9999999999997621
535	0.9999999999997621
536	0.9999999999997621
537	0.9999999999997621
538	0.9999999999997621
539	0.9999999999997621
540	0.9999999999997621
541	0.9999999999997621
542	0.9999999999997621
543	0.9999999999997621
544	0.9999999999997621
545	0.9999999999997621
546	0.9999999999997621
547	0.9999999999997621
548	0.9999999999997621
549	0.9999999999997621
550	0.9999999999997621
551	0.9999999999997621
552	0.9999999999997621
553	0.9999999999997621
554	0.9999999999997621
555	0.9999999999997621
556	0.9999999999997621
557	0.9999999999997621
558	0.9999999999997621
559	0.9999999999997621
560	0.9999999999997621
561	0.9999999999997621
562	0.9999999999997621
563	0.9999999999997621
564	0.9999999999997621
565	0.9999999999997621
566	0.9999999999997621
567	0.9999999999997621
568	0.9999999999997621
569	0.9999999999997621
570	0.9999999999997621
571	0.9999999999997621
572	0.9999999999997621
573	0.9999999999997621
574	0.9999999999997621
575	0.9999999999997621
576	0.9999999999997621
577	0.9999999999997621
578	0.9999999999997621
579	0.9999999999997621
580	0.9999999999997621
581	0.9999999999997621
582	0.9999999999997621
583	0.9999999999997621
584	0.9999999999997621
585	0.9999999999997621
586	0.9999999999997621
587	0.9999999999997621
588	0.9999999999997621
589	0.9999999999997621
590	0.9999999999997621
591	0.9999999999997621
592	0.9999999999997621
593	0.9999999999997621
594	0.9999999999997621
595	0.9999999999997621
596	0.9999999999997621
597	0.9999999999997621
598	0.9999999999997621
599	0.9999999999997621
600	0.9999999999997621
601	0.9999999999997621
602	0.9999999999997621
603	0.9999999999997621
604	0.9999999999997621
605	0.9999999999997621
606	0.9999999999997621
607	0.9999999999997621
608	0.9999999999997621
609	0.9999999999997621
610	0.9999999999997621
611	0.9999999999997621
612	0.9999999999997621
613	0.9999999999997621
614	0.9999999999997621
615	0.9999999999997621
616	0.9999999999997621
617	0.9999999999997621
618	0.9999999999997621
619	0.9999999999997621
620	0.9999999999997621
621	0.9999999999997621
622	0.9999999999997621
623	0.9999999999997621
624	0.9999999999997621
625	0.9999999999997621
626	0.9999999999997621
627	0.9999999999997621
628	0.9999999999997621
629	0.9999999999997621
630	0.9999999999997621
631	0.9999999999997621
632	0.9999999999997621
633	0.9999999999997621
634	0.9999999999997621
635	0.9999999999997621
636	0.9999999999997621
637	0.9999999999997621
638	0.9999999999997621
639	0.9999999999997621
640	0.9999999999997621
641	0.9999999999997621
642	0.9999999999997621
643	0.9999999999997621
644	0.9999999999997621
645	0.9999999999997621
646	0.9999999999997621
647	0.9999999999997621
648	0.9999999999997621
649	0.9999999999997621
650	0.9999999999997621
651	0.9999999999997621
652	0.9999999999997621
653	0.9999999999997621
654	0.9999999999997621
655	0.9999999999997621
656	0.9999999999997621
657	0.9999999999997621
658	0.9999999999997621
659	0.9999999999997621
660	0.9999999999997621
661	0.9999999999997621
662	0.9999999999997621
663	0.9999999999997621
664	0.9999999999997621
665	0.9999999999997621
666	0.9999999999997621
667	0.9999999999997621
668	0.9999999999997621
669	0.9999999999997621
670	0.9999999999997621
671	0.9999999999997621
672	0.9999999999997621
673	0.9999999999997621
674	0.9999999999997621
675	0.9999999999997621
676	0.9999999999997621
677	0.9999999999997621
678	0.9999999999997621
679	0.9999999999997621
680	0.9999999999997621
681	0.9999999999997621
682	0.9999999999997621
683	0.9999999999997621
684	0.9999999999997621
685	0.9999999999997621
686	0.9999999999997621
687	0.9999999999997621
688	0.9999999999997621
689	0.9999999999997621
690	0.9999999999997621
691	0.9999999999997621
692	0.9999999999997621
693	0.9999999999997621
694	0.9999999999997621
695	0.9999999999997621
696	0.9999999999997621
697	0.9999999999997621
698	0.9999999999997621
699	0.9999999999997621
700	0.9999999999997621
701	0.9999999999997621
702	0.9999999999997621
703	0.9999999999997621
704	0.9999999999997621
705	0.9999999999997621
706	0.9999999999997621
707	0.9999999999997621
708	0.9999999999997621
709	0.9999999999997621
710	0.9999999999997621
711	0.9999999999997621
712	0.9999999999997621
713	0.9999999999997621
714	0.9999999999997621
715	0.9999999999997621
716	0.9999999999997621
717	0.9999999999997621
718	0.9999999999997621
719	0.9999999999997621
720	0.9999999999997621
721	0.9999999999997621
722	0.9999999999997621
723	0.9999999999997621
724	0.9999999999997621
725	0.9999999999997621
726	0.9999999999997621
727	0.9999999999997621
728	0.9999999999997621
729	0.9999999999997621
730	0.9999999999997621
731	0.9999999999997621
732	0.9999999999997621
733	0.9999999999997621
734	0.9999999999997621
735	0.9999999999997621
736	0.9999999999997621
737	0.9999999999997621
738	0.9999999999997621
739	0.9999999999997621
740	0.9999999999997621
741	0.9999999999997621
742	0.9999999999997621
743	0.9999999999997621
744	0.9999999999997621
745	0.9999999999997621
746	0.9999999999997621
747	0.9999999999997621
748	0.9999999999997621
749	0.9999999999997621
750	0.9999999999997621
751	0.9999999999997621
752	0.9999999999997621
753	0.9999999999997621
754	0.9999999999997621
755	0.9999999999997621
756	0.9999999999997621
757	0.9999999999997621
758	0.9999999999997621
759	0.9999999999997621
760	0.9999999999997621
761	0.9999999999997621
762	0.9999999999997621
763	0.9999999999997621
764	0.9999999999997621
765	0.9999999999997621
766	0.9999999999997621
767	0.9999999999997621
768	0.9999999999997621
769	0.9999999999997621
770	0.9999999999997621
771	0.9999999999997621
772	0.9999999999997621
773	0.9999999999997621
774	0.9999999999997621
775	0.9999999999997621
776	0.9999999999997621
777	0.9999999999997621
778	0.9999999999997621
779	0.9999999999997621
780	0.9999999999997621
781	0.9999999999997621
782	0.9999999999997621
783	0.9999999999997621
784	0.9999999999997621
785	0.9999999999997621
786	0.9999999999997621
787	0.9999999999997621
788	0.9999999999997621
789	0.9999999999997621
790	0.9999999999997621
791	0.9999999999997621
792	0.9999999999997621
793	0.9999999999997621
794	0.9999999999997621
795	0.9999999999997621
796	0.9999999999997621
797	0.9999999999997621
798	0.9999999999997621
799	0.9999999999997621
800	0.9999999999997621
801	0.9999999999997621
802	0.9999999999997621
803	0.9999999999997621
804	0.9999999999997621
805	0.9999999999997621
806	0.9999999999997621
807	0.9999999999997621
808	0.9999999999997621
809	0.9999999999997621
810	0.9999999999997621
811	0.9999999999997621
812	0.9999999999997621
813	0.9999999999997621
814	0.9999999999997621
815	0.9999999999997621
816	0.9999999999997621
817	0.9999999999997621
818	0.9999999999997621
819	0.9999999999997621
820	0.9999999999997621
821	0.9999999999997621
822	0.9999999999997621
823	0.9999999999997621
824	0.9999999999997621
825	0.9999999999997621
826	0.9999999999997621
827	0.9999999999997621
828	0.9999999999997621
829	0.9999999999997621
830	0.9999999999997621
831	0.9999999999997621
832	0.9999999999997621
833	0.9999999999997621
834	0.9999999999997621
835	0.9999999999997621
836	0.9999999999997621
837	0.9999999999997621
838	0.9999999999997621
839	0.9999999999997621
840	0.9999999999997621
841	0.9999999999997621
842	0.9999999999997621
843	0.9999999999997621
844	0.9999999999997621
845	0.9999999999997621
846	0.9999999999997621
847	0.9999999999997621
848	0.9999999999997621
849	0.9999999999997621
850	0.9999999999997621
851	0.9999999999997621
852	0.9999999999997621
853	0.9999999999997621
854	0.9999999999997621
855	0.9999999999997621
856	0.9999999999997621
857	0.9999999999997621
858	0.9999999999997621
859	0.9999999999997621
860	0.9999999999997621
861	0.9999999999997621
862	0.9999999999997621
863	0.9999999999997621
864	0.9999999999997621
865	0.9999999999997621
866	0.9999999999997621
867	0.9999999999997621
868	0.9999999999997621
869	0.9999999999997621
870	0.9999999999997621
871	0.9999999999997621
872	0.9999999999997621
873	0.9999999999997621
874	0.9999999999997621
875	0.9999999999997621
876	0.9999999999997621
877	0.9999999999997621
878	0.9999999999997621
879	0.9999999999997621
880	0.9999999999997621
881	0.9999999999997621
882	0.9999999999997621
883	0.9999999999997621
884	0.9999999999997621
885	0.9999999999997621
886	0.9999999999997621
887	0.9999999999997621
888	0.9999999999997621
889	0.9999999999997621
890	0.9999999999997621
891	0.9999999999997621
892	0.9999999999997621
893	0.9999999999997621
894	0.9999999999997621
895	0.9999999999997621
896	0.9999999999997621
897	0.9999999999997621
898	0.9999999999997621
899	0.9999999999997621
900	0.9999999999997621
901	0.9999999999997621
902	0.9999999999997621
903	0.9999999999997621
904	0.9999999999997621
905	0.9999999999997621
906	0.9999999999997621
907	0.9999999999997621
908	0.9999999999997621
909	0.9999999999997621
910	0.9999999999997621
911	0.9999999999997621
912	0.9999999999997621
913	0.9999999999997621
914	0.9999999999997621
915	0.9999999999997621
916	0.9999999999997621
917	0.9999999999997621
918	0.9999999999997621
919	0.9999999999997621
920	0.9999999999997621
921	0.9999999999997621
922	0.9999999999997621
923	0.9999999999997621
924	0.9999999999997621
925	0.9999999999997621
926	0.9999999999997621
927	0.9999999999997621
928	0.9999999999997621
929	0.9999999999997621
930	0.9999999999997621
931	0.9999999999997621
932	0.9999999999997621
933	0.9999999999997621
934	0.9999999999997621
935	0.9999999999997621
936	0.9999999999997621
937	0.9999999999997621
938	0.9999999999997621
939	0.9999999999997621
940	0.9999999999997621
941	0.9999999999997621
942	0.9999999999997621
943	0.9999999999997621
944	0.9999999999997621
945	0.9999999999997621
946	0.9999999999997621
947	0.9999999999997621
948	0.9999999999997621
949	0.9999999999997621
950	0.9999999999997621
951	0.9999999999997621
952	0.9999999999997621
953	0.9999999999997621
954	0.9999999999997621
955	0.9999999999997621
956	0.9999999999997621
957	0.9999999999997621
958	0.9999999999997621
959	0.9999999999997621
960	0.9999999999997621
961	0.9999999999997621
962	0.9999999999997621
963	0.9999999999997621
964	0.9999999999997621
965	0.9999999999997621
966	0.9999999999997621
967	0.9999999999997621
968	0.9999999999997621
969	0.9999999999997621
970	0.9999999999997621
971	0.9999999999997621
972	0.9999999999997621
973	0.9999999999997621
974	0.9999999999997621
975	0.9999999999997621
976	0.9999999999997621
977	0.9999999999997621
978	0.9999999999997621
979	0.9999999999997621
980	0.9999999999997621
981	0.9999999999997621
982	0.9999999999997621
983	0.9999999999997621
984	0.9999999999997621
985	0.9999999999997621
986	0.9999999999997621
987	0.9999999999997621
988	0.9999999999997621
989	0.9999999999997621
990	0.9999999999997621
991	0.9999999999997621
992	0.9999999999997621
993	0.9999999999997621
994	0.9999999999997621
995	0.9999999999997621
996	0.999999999999762
997	0.999999999999762
998	0.999999999999762
999	0.999999999999762
1000	0.999999999999762
1001	0.999999999999762
1002	0.999999999999762
1003	0.999999999999762
1004	0.999999999999762
1005	0.999999999999762
1006	0.999999999999762
1007	0.9999999999997619
1008	0.9999999999997619
1009	0.9999999999997619
1010	0.9999999999997617
1011	0.9999999999997617
1012	0.9999999999997616
1013	0.9999999999997616
1014	0.9999999999997615
1015	0.9999999999997614
1016	0.9999999999997613
1017	0.9999999999997611
1018	0.9999999999997609
1019	0.9999999999997606
1020	0.9999999999997604
1021	0.9999999999997601
1022	0.9999999999997596
1023	0.9999999999997592
1024	0.9999999999997586
1025	0.999999999999758
1026	0.9999999999997572
1027	0.9999999999997562
1028	0.9999999999997551
1029	0.9999999999997538
1030	0.9999999999997521
1031	0.9999999999997502
1032	0.9999999999997479
1033	0.9999999999997452
1034	0.999999999999742
1035	0.9999999999997381
1036	0.9999999999997335
1037	0.9999999999997281
1038	0.9999999999997217
1039	0.9999999999997141
1040	0.999999999999705
1041	0.9999999999996944
1042	0.9999999999996817
1043	0.9999999999996667
1044	0.9999999999996491
1045	0.9999999999996281
1046	0.9999999999996034
1047	0.9999999999995742
1048	0.9999999999995398
1049	0.9999999999994992
1050	0.9999999999994513
1051	0.9999999999993949
1052	0.9999999999993285
1053	0.9999999999992505
1054	0.9999999999991586
1055	0.9999999999990505
1056	0.9999999999989236
1057	0.9999999999987746
1058	0.9999999999985998
1059	0.9999999999983947
1060	0.9999999999981543
1061	0.9999999999978724
1062	0.9999999999975424
1063	0.999999999997156
1064	0.9999999999967042
1065	0.9999999999961757
1066	0.9999999999955581
1067	0.9999999999948368
1068	0.9999999999939947
1069	0.999999999993012
1070	0.9999999999918662
1071	0.9999999999905306
1072	0.9999999999889746
1073	0.9999999999871629
1074	0.9999999999850547
1075	0.9999999999826026
1076	0.999999999979752
1077	0.9999999999764398
1078	0.9999999999725937
1079	0.9999999999681296
1080	0.999999999962951
1081	0.9999999999569468
1082	0.999999999949989
1083	0.9999999999419305
1084	0.9999999999326017
1085	0.9999999999218085
1086	0.9999999999093275
1087	0.9999999998949022
1088	0.9999999998782385
1089	0.9999999998589992
1090	0.999999999836798
1091	0.9999999998111924
1092	0.9999999997816755
1093	0.9999999997476681
1094	0.9999999997085073
1095	0.9999999996634361
1096	0.9999999996115895
1097	0.9999999995519802
1098	0.9999999994834818
1099	0.9999999994048103
1100	0.9999999993145017
1101	0.9999999992108891
1102	0.9999999990920748
1103	0.9999999989558996
1104	0.9999999987999085
1105	0.9999999986213114
1106	0.9999999984169388
1107	0.9999999981831931
1108	0.9999999979159923
1109	0.9999999976107073
1110	0.9999999972620924
1111	0.9999999968642052
1112	0.9999999964103181
1113	0.99999999589282
1114	0.9999999953031031
1115	0.9999999946314393
1116	0.9999999938668398
1117	0.9999999929968985
1118	0.9999999920076172
1119	0.9999999908832105
1120	0.999999989605886
1121	0.999999988155602
1122	0.9999999865097947
1123	0.9999999846430748
1124	0.9999999825268902
1125	0.9999999801291487
1126	0.9999999774138008
1127	0.9999999743403722
1128	0.9999999708634478
1129	0.9999999669320954
1130	0.9999999624892278
1131	0.9999999574708951
1132	0.9999999518054986
1133	0.999999945412921
1134	0.9999999382035631
1135	0.9999999300772767
1136	0.9999999209221857
1137	0.9999999106133817
1138	0.9999998990114842
1139	0.9999998859610505
1140	0.9999998712888208
1141	0.9999998548017851
1142	0.9999998362850505
1143	0.9999998154994953
1144	0.9999997921791851
1145	0.9999997660285321
1146	0.9999997367191726
1147	0.9999997038865374
1148	0.9999996671260858
1149	0.9999996259891755
1150	0.9999995799785343
1151	0.999999528543298
1152	0.999999471073578
1153	0.9999994068945162
1154	0.9999993352597849
1155	0.9999992553444823
1156	0.9999991662373742
1157	0.9999990669324259
1158	0.9999989563195676
1159	0.9999988331746265
1160	0.9999986961483621
1161	0.9999985437545303
1162	0.999998374356898
1163	0.9999981861551279
1164	0.999997977169443
1165	0.9999977452239779
1166	0.9999974879287156
1167	0.9999972026599033
1168	0.9999968865388338
1169	0.99999653640887
1170	0.999996148810586
1171	0.999995719954888
1172	0.9999952456939695
1173	0.9999947214899497
1174	0.9999941423810327
1175	0.9999935029450167
1176	0.9999927972599738
1177	0.9999920188619101
1178	0.9999911606992058
1179	0.9999902150836265
1180	0.9999891736376834
1181	0.9999880272381114
1182	0.9999867659552232
1183	0.9999853789878828
1184	0.9999838545938358
1185	0.999982180015117
1186	0.9999803413982468
1187	0.9999783237089154
1188	0.9999761106408421
1189	0.9999736845184839
1190	0.9999710261932564
1191	0.9999681149329199
1192	0.9999649283037685
1193	0.99996144204525
1194	0.9999576299366361
1195	0.9999534636553464
1196	0.9999489126265239
1197	0.9999439438634471
1198	0.9999385217983562
1199	0.9999326081032625
1200	0.9999261615003
1201	0.999919137561177
1202	0.9999114884952727
1203	0.9999031629259255
1204	0.9998941056544546
1205	0.9998842574114518
1206	0.9998735545948869
1207	0.9998619289945635
1208	0.9998493075024731
1209	0.9998356118085955
1210	0.9998207580817033
1211	0.9998046566347384
1212	0.9997872115743385
1213	0.9997683204341102
1214	0.9997478737912591
1215	0.9997257548662095
1216	0.9997018391048719
1217	0.9996759937432386
1218	0.9996480773540238
1219	0.9996179393750932
1220	0.9995854196194681
1221	0.9995503477667306
1222	0.999512542835701
1223	0.9994718126383068
1224	0.9994279532146174
1225	0.9993807482490767
1226	0.9993299684680265
1227	0.9992753710186804
1228	0.9992166988297801
1229	0.9991536799542414
1230	0.9990860268941739
1231	0.9990134359087498
1232	0.9989355863054795
1233	0.9988521397155512
1234	0.9987627393539851
1235	0.9986670092654601
1236	0.9985645535567751
1237	0.9984549556170158
1238	0.9983377773266219
1239	0.9982125582566547
1240	0.9980788148597014
1241	0.9979360396539666
1242	0.9977837004022377
1243	0.9976212392875371
1244	0.9974480720874097
1245	0.9972635873489301
1246	0.9970671455666452
1247	0.9968580783658145
1248	0.9966356876934362
1249	0.9963992450196968
1250	0.9961479905526079
1251	0.9958811324687392
1252	0.9955978461630783
1253	0.9952972735211921
1254	0.9949785222169788
1255	0.9946406650394303
1256	0.9942827392519404
1257	0.9939037459878053
1258	0.993502649685668
1259	0.9930783775687602
1260	0.9926298191718772
1261	0.9921558259201108
1262	0.9916552107634269
1263	0.991126747871242
1264	0.990569172391192
1265	0.9899811802763305
1266	0.989361428185007
1267	0.9887085334576879
1268	0.988021074174973
1269	0.9872975893010352
1270	0.9865365789166713
1271	0.9857365045460927
1272	0.9848957895815079
1273	0.9840128198094527
1274	0.9830859440427097
1275	0.9821134748615241
1276	0.9810936894676638
1277	0.9800248306547009
1278	0.9789051078976899
1279	0.9777326985652014
1280	0.9765057492564285
1281	0.9752223772658241
1282	0.9738806721774381
1283	0.9724786975908294
1284	0.9710144929800884
1285	0.9694860756871739
1286	0.9678914430503914
1287	0.966228574668458
1288	0.9644954348001971
1289	0.9626899748994777
1290	0.960810136284581
1291	0.9588538529407127
1292	0.9568190544539198
1293	0.9547036690741791
1294	0.9525056269049328
1295	0.9502228632158419
1296	0.9478533218750139
1297	0.9453949588964375
1298	0.9428457460978366
1299	0.9402036748636218
1300	0.9374667600070941
1301	0.9346330437255204
1302	0.9317005996411825
1303	0.9286675369209791
1304	0.9255320044666501
1305	0.9222921951671943
1306	0.9189463502045644
1307	0.9154927634032517
1308	0.9119297856139202
1309	0.9082558291208197
1310	0.9044693720622944
1311	0.9005689628533239
1312	0.896553224598675
1313	0.8924208594849188
1314	0.8881706531392737
1315	0.8838014789429781
1316	0.8793123022866753
1317	0.8747021847551086
1318	0.8699702882282874
1319	0.8651158788861832
1320	0.8601383311039609
1321	0.8550371312247402
1322	0.8498118811969251
1323	0.8444623020632162
1324	0.8389882372885658
1325	0.8333896559145116
1326	0.8276666555275634
1327	0.8218194650296009
1328	0.8158484471985769
1329	0.8097541010282008
1330	0.8035370638357191
1331	0.7971981131273859
1332	0.7907381682117536
1333	0.7841582915514896
1334	0.7774596898450503
1335	0.77064371483021
1336	0.7637118638021537
1337	0.7566657798395922
1338	0.7495072517331426
1339	0.7422382136110423
1340	0.7348607442581165
1341	0.7273770661248029
1342	0.7197895440239466
1343	0.7121006835140086
1344	0.7043131289682848
1345	0.6964296613306958
1346	0.6884531955596878
1347	0.6803867777627696
1348	0.6722335820252037
1349	0.6639969069373546
1350	0.655680171826187
1351	0.647286912697384
1352	0.6388207778955165
1353	0.6302855234906497
1354	0.6216850084006951
1355	0.6130231892597232
1356	0.6043041150433254
1357	0.5955319214629559
1358	0.5867108251419931
1359	0.5778451175870224
1360	0.5689391589685688
1361	0.5599973717261842
1362	0.5510242340134192
1363	0.5420242729987872
1364	0.5330020580393461
1365	0.5239621937439857
1366	0.5149093129439124
1367	0.5058480695881613
1368	0.49678313158224824
1369	0.4877191735882824
1370	0.4786608698050122
1371	0.4696128867463576
1372	0.46057987603699624
1373	0.45156646724352156
1374	0.4425772607595696
1375	0.43361682076313074
1376	0.4246896682640102
1377	0.41580027425908983
1378	0.40695305301266466
1379	0.3981523554786945
1380	0.38940246288130975
1381	0.38070758046936115
1382	0.372071831460193
1383	0.3634992511871615
1384	0.35499378146471117
1385	0.34655926518406893
1386	0.33819944115182005
1387	0.329917939182795
1388	0.32171827545782716
1389	0.31360384815604186
1390	0.3055779333704079
1391	0.29764368131433244
1392	0.28980411282611046
1393	0.28206211617705507
1394	0.2744204441881379
1395	0.26688171165896857
1396	0.25944839311193624
1397	0.25212282085333243
1398	0.24490718335228073
1399	0.2378035239373062
1400	0.2308137398094095
1401	0.2239395813695504
1402	0.21718265185751257
1403	0.21054440729821153
1404	0.2040261567506243
1405	0.19762906285367032
1406	0.1913541426625546
1407	0.18520226876830675
1408	0.1791741706925072
1409	0.17327043654849614
1410	0.16749151495970438
1411	0.16183771722513898
1412	0.1563092197214939
1413	0.15090606653084526
1414	0.14562817228242841
1415	0.14047532519658168
1416	0.13544719031858346
1417	0.1305433129297999
1418	0.12576312212330465
1419	0.12110593453092787
1420	0.11657095818853806
1421	0.11215729652625885
1422	0.10786395247026948
1423	0.10368983264283586
1424	0.09963375164726225
1425	0.09569443642454552
1426	0.09187053066864906
1427	0.08816059928749251
1428	0.08456313289697291
1429	0.08107655233559274
1430	0.07769921318756529
1431	0.07442941030259916
1432	0.07126538230092672
1433	0.06820531605253405
1434	0.06524735111997046
1435	0.06238958415456051
1436	0.05963007323630986
1437	0.05696684214828224
1438	0.05439788457672999
1439	0.05192116822877872
1440	0.04953463885999724
1441	0.04723622420472392
1442	0.04502383780256665
1443	0.04289538271504503
1444	0.040848755126895564
1445	0.038881847827113604
1446	0.03699255356535495
1447	0.03517876827986537
1448	0.033438394193644264
1449	0.03176934277607801
1450	0.030169537567797593
1451	0.02863691686702137
1452	0.02716943627613671
1453	0.025765071107751586
1454	0.024421818649907907
1455	0.023137700290591357
1456	0.02191076350209649
1457	0.020739083686210084
1458	0.019620765881559185
1459	0.018553946334832625
1460	0.017536793937925142
1461	0.016567511533371146
1462	0.015644337090730823
1463	0.014765544756863825
1464	0.013929445783275448
1465	0.01313438933394738
1466	0.012378763177269115
1467	0.011660994265867908
1468	0.010979549208294753
1469	0.010332934636661677
1470	0.009719697474442058
1471	0.009138425108741842
1472	0.00858774547142491
1473	0.008066327033532581
1474	0.007572878717474807
1475	0.0071061497314905755
1476	0.006664929330877909
1477	0.006248046510480663
1478	0.005854369632890702
1479	0.005482805996781304
1480	0.005132301349731356
1481	0.004801839349831247
1482	0.004490440980281134
1483	0.004197163921101656
1484	0.003921101881976704
1485	0.0036613839001390872
1486	0.003417173607093063
1487	0.0031876684678443785
1488	0.0029720989961789465
1489	0.002769727949396891
1490	0.0025798495057699766
1491	0.0024017884278483767
1492	0.002234899214598035
1493	0.002078565245203264
1494	0.0019321979172214883
1495	0.0017952357816287449
1496	0.0016671436771464355
1497	0.0015474118660923875
1498	0.001435555173853134
1499	0.0013311121339299728
1500	0.001233644140369249
1501	0.0011427346092478933
1502	0.0010579881507489126
1503	0.0009790297532286441
1504	0.0009055039805484265
1505	0.0008370741838182233
1506	0.0007734217285788904
1507	0.0007142452383333867
1508	0.0006592598552255081
1509	0.0006081965185577497
1510	0.0005608012617378576
1511	0.0005168345281465173
1512	0.0004760705063265515
1513	0.0004382964848069591
1514	0.0004033122267931131
1515	0.0003709293648774598
1516	0.0003409708158530292
1517	0.00031327021564495956
1518	0.0002876713743129381
1519	0.0002640277510198979
1520	0.00024220194880934538
1521	0.00022206522898522777
1522	0.0002034970448441215
1523	0.00018638459446960608
1524	0.00017062239226281296
1525	0.00015611185885116216
1526	0.00014276092898902906
1527	0.0001304836770393736
1528	0.00011919995960402876
1529	0.00010883507485220397
1530	9.931943808164548e-05
1531	9.058827303462904e-05
1532	8.2581318481361e-05
1533	7.52425495762627e-05
1534	6.851991348783794e-05
1535	6.236507880020359e-05
1536	5.673319818373531e-05
1537	5.158268383348765e-05
1538	4.6874995176927436e-05
1539	4.257443835692849e-05
1540	3.8647977001763926e-05
1541	3.506505380086583e-05
1542	3.179742241326143e-05
1543	2.8818989244720083e-05
1544	2.610566463962953e-05
1545	2.3635223044354236e-05
1546	2.138717171020044e-05
1547	1.934262751602447e-05
1548	1.748420150287423e-05
1549	1.5795890725763364e-05
1550	1.4262977040656969e-05
1551	1.2871932457923484e-05
1552	1.1610330706806661e-05
1553	1.0466764668831226e-05
1554	9.430769351414044e-06
1555	8.492750086258438e-06
1556	7.643915650311186e-06
1557	6.876216020116995e-06
1558	6.18228448327468e-06
1559	5.555383843347482e-06
1560	4.989356466976885e-06
1561	4.478577934068045e-06
1562	4.0179140637330265e-06
1563	3.60268110017583e-06
1564	3.228608853864921e-06
1565	2.8918066041513925e-06
1566	2.5887315799443953e-06
1567	2.3161598451418148e-06
1568	2.071159425228874e-06
1569	1.8510655207970872e-06
1570	1.6534576626999032e-06
1571	1.4761386721504373e-06
1572	1.3171152972832152e-06
1573	1.1745804055498052e-06
1574	1.0468966188028656e-06
1575	9.325812850507682e-07
1576	8.302926876428458e-07
1577	7.388173990817269e-07
1578	6.570586927629892e-07
1579	5.840259317229618e-07
1580	5.188248589429799e-07
1581	4.6064871892306474e-07
1582	4.0877014511059775e-07
1583	3.625337523609332e-07
1584	3.2134937792808195e-07
1585	2.8468591854573947e-07
1586	2.5206571497307497e-07
1587	2.2305943895691876e-07
1588	1.972814409132288e-07
1589	1.7438551976678834e-07
1590	1.540610793195764e-07
1591	1.3602963825559462e-07
1592	1.2004166344323406e-07
1593	1.0587369857543416e-07
1594	9.332576240248132e-08
1595	8.221899287160271e-08
1596	7.239351540048892e-08
1597	6.37065152871305e-08
1598	5.6030495904184194e-08
1599	4.9251705850427106e-08
1600	4.3268719642302836e-08
1601	3.799115783238959e-08
1602	3.3338533645716865e-08
1603	2.923921433582302e-08
1604	2.5629486486516223e-08
1605	2.245271542839935e-08
1606	1.965858980695374e-08
1607	1.720244313663387e-08
1608	1.5044644908009842e-08
1609	1.3150054487202129e-08
1610	1.148753166311611e-08
1611	1.0029498262454608e-08
1612	8.751545769062332e-09
1613	7.632084356489756e-09
1614	6.6520291741668335e-09
1615	5.7945201214398515e-09
1616	5.044671702921608e-09
1617	4.389349885907251e-09
1618	3.816973178595712e-09
1619	3.317335418924088e-09
1620	2.8814480101962017e-09
1621	2.50139956342861e-09
1622	2.1702311093572063e-09
1623	1.881825227112328e-09
1624	1.630807603312453e-09
1625	1.4124596862517514e-09
1626	1.2226412363547364e-09
1627	1.0577216974198103e-09
1628	9.145194245499735e-10
1629	7.902479051534591e-10
1630	6.824681999826227e-10
1631	5.890469127752169e-10
1632	5.081190705022393e-10
1633	4.380553622732245e-10
1634	3.7743324430058983e-10
1635	3.250114716161076e-10
1636	2.797076650457645e-10
1637	2.405785648137348e-10
1638	2.0680266054401573e-10
1639	1.7766492179816045e-10
1640	1.525433840281062e-10
1641	1.3089737229622715e-10
1642	1.1225716964883063e-10
1643	9.621495892184263e-11
1644	8.241688627782767e-11
1645	7.055611216541948e-11
1646	6.036673087595744e-11
1647	5.161845364645291e-11
1648	4.411196250237141e-11
1649	3.7674852909751074e-11
1650	3.2158092959500894e-11
1651	2.7432935368311086e-11
1652	2.3388226168191794e-11
1653	1.9928060675995504e-11
1654	1.6969743280241606e-11
1655	1.444201284022101e-11
1656	1.2283500137912165e-11
1657	1.0441387924880727e-11
1658	8.87024772504507e-12
1659	7.531030744453978e-12
1660	6.390193049673261e-12
1661	5.418937650400573e-12
1662	4.592558298175579e-12
1663	3.889871725953786e-12
1664	3.2927267334897977e-12
1665	2.7855799981544295e-12
1666	2.3551297841709435e-12
1667	1.989999856756899e-12
1668	1.6804669003297125e-12
1669	1.418225608633931e-12
1670	1.1961863743024845e-12
1671	1.0083011691745041e-12
1672	8.494137863266275e-13
1673	7.151311205380336e-13
1674	6.017126048937729e-13
1675	5.059753054532461e-13
1676	4.2521251043340177e-13
1677	3.57123941396118e-13
1678	2.997559669545238e-13
1679	2.5145041932919293e-13
1680	2.1080080491243997e-13
1681	1.766148655402017e-13
1682	1.478825906728435e-13
1683	1.237489049928633e-13
1684	1.0349036352866348e-13
1685	8.6495279487016e-14
1686	7.224679042592749e-14
1687	6.030843788647431e-14
1688	5.03118955773033e-14
1689	4.1946532933598895e-14
1690	3.495054545529257e-14
1691	2.910342162643363e-14
1692	2.4219549263431626e-14
1693	2.014279255969027e-14
1694	1.6741895517991257e-14
1695	1.3906588436628959e-14
1696	1.1544292114922119e-14
1697	9.577329879219114e-15
1698	7.94057075765005e-15
1699	6.579438458483553e-15
1700	5.4482304991419936e-15
1701	4.508700120615782e-15
1702	3.7288607036484465e-15
1703	3.0819784498168734e-15
1704	2.5457242500401052e-15
1705	2.10146006218107e-15
1706	1.733638867607334e-15
1707	1.429300467880571e-15
1708	1.1776480979497835e-15
1709	9.696931407053669e-16
1710	7.979571890314125e-16
1711	6.562223666014095e-16
1712	5.393222313118401e-16
1713	4.4296678285986983e-16
1714	3.635961105530495e-16
1715	2.982580763491942e-16
1716	2.4450615472880106e-16
1717	2.003141652419383e-16
1718	1.6400515245171968e-16
1719	1.3419210600857729e-16
1720	1.0972858307267574e-16
1721	8.96676067550157e-17
1722	7.322747659737785e-17
1723	5.976334794109516e-17
1724	4.8743622782765705e-17
1725	3.973035084301184e-17
1726	3.2362970711760394e-17
1727	2.634483100167138e-17
1728	2.1432023759311354e-17
1729	1.7424139758572715e-17
1730	1.4156620105076707e-17
1731	1.1494432817318593e-17
1732	9.326848410777777e-18
1733	7.563126420736834e-18
1734	6.128956459348073e-18
1735	4.963523823956529e-18
1736	4.017091707757391e-18
1737	3.249010425922121e-18
1738	2.626079361354147e-18
1739	2.1212000587338444e-18
1740	1.7122694766725841e-18
1741	1.3812712003354982e-18
1742	1.1135297179179326e-18
1743	8.970989225325407e-19
1744	7.222610243456659e-19
1745	5.811162199885319e-19
1746	4.672469124928837e-19
1747	3.754431263692435e-19
1748	3.0147811994156357e-19
1749	2.4192514481463653e-19
1750	1.940079104342362e-19
1751	1.5547863838735946e-19
1752	1.2451868483401442e-19
1753	9.965761051425181e-20
1754	7.970731954729672e-20
1755	6.370849844924057e-20
1756	5.088708841434361e-20
1757	4.0618935959512006e-20
1758	3.240110526923378e-20
1759	2.5828613022431045e-20
1760	2.0575573895627873e-20
1761	1.6379931205821812e-20
1762	1.3031099614956543e-20
1763	1.0359971512664758e-20
1764	8.230840607090743e-21
1765	6.534879486926705e-21
1766	5.1848758458736694e-21
1767	4.1109874577270904e-21
1768	3.2573211350730146e-21
1769	2.5791776677964945e-21
1770	2.0408346536064056e-21
1771	1.613763459172489e-21
1772	1.2751963172371553e-21
1773	1.0069756151447264e-21
1774	7.946304529662667e-22
1775	6.26636108097213e-22
1776	4.938205978432634e-22
1777	3.888894574005626e-22
1778	3.060454537862586e-22
1779	2.406844859932226e-22
1780	1.8915258089416442e-22
1781	1.4855184831637084e-22
1782	1.165856414659505e-22
1783	9.143508952049233e-23
1784	7.166071621969526e-23
1785	5.61241034333004e-23
1786	4.392556013884418e-23
1787	3.435456210145387e-23
1788	2.6850373930981154e-23
1789	2.0970783919887954e-23
1790	1.6367298042313776e-23
1791	1.2765472827818182e-23
1792	9.949333734440993e-24
1793	7.749039212645238e-24
1794	6.031121409304078e-24
1795	4.6907708892049755e-24
1796	3.6457416714339916e-24
1797	2.8315397716070126e-24
1798	2.197627711055325e-24
1799	1.7044326340761923e-24
1800	1.3209895976099818e-24
1801	1.0230865345798517e-24
1802	7.918051604859845e-25
1803	6.123741471093253e-25
1804	4.732683901147478e-25
1805	3.6550207783735685e-25
1806	2.820742680701902e-25
1807	2.1753438968475653e-25
1808	1.6764197780196418e-25
1809	1.2910040042004426e-25
1810	9.934863967047733e-26
1811	7.639858979869535e-26
1812	5.870801533845023e-26
1813	4.5081426660500626e-26
1814	3.45927950500026e-26
1815	2.6525339980906076e-26
1816	2.0324651993438144e-26
1817	1.5562224658598003e-26
1818	1.1907105289122295e-26
1819	9.103873283900955e-27
1820	6.955546456152963e-27
1821	5.31032242430897e-27
1822	4.051302297487329e-27
1823	3.0885317721867785e-27
1824	2.352841637525652e-27
1825	1.7910844243744717e-27
1826	1.362453494719868e-27
1827	1.035640722854679e-27
1828	7.866433636804513e-28
1829	5.970731032244168e-28
1830	4.5285328145977885e-28
1831	3.4321593412099155e-28
1832	2.5993023525057954e-28
1833	1.9670939974819591e-28
1834	1.4875511268884689e-28
1835	1.124078604458401e-28
1836	8.487874891121654e-29
1837	6.404397492131302e-29
1838	4.828743327041207e-29
1839	3.638027737946949e-29
1840	2.738882756075417e-29
1841	2.060420841358117e-29
1842	1.5488629363613542e-29
1843	1.163440301340413e-29
1844	8.732704868365714e-30
1845	6.549777148181203e-30
1846	4.908816775063721e-30
1847	3.676200353268642e-30
1848	2.7510156888067403e-30
1849	2.0571122787664604e-30
1850	1.5370693010566259e-30
1851	1.1476221194355248e-30
1852	8.56197322584672e-31
1853	6.3828964120420565e-31
1854	4.754777328279422e-31
1855	3.539243998430386e-31
1856	2.6324385105681535e-31
1857	1.9564684599446266e-31
1858	1.4529605498946202e-31
1859	1.0782032094950335e-31
1860	7.994894026098608e-32
1861	5.92365234106801e-32
1862	4.3856163261860664e-32
1863	3.244407464649046e-32
1864	2.3982988104794885e-32
1865	1.771469960452317e-32
1866	1.307453786803801e-32
1867	9.642294899054724e-33
1868	7.105512866029977e-33
1869	5.232037603055852e-33
1870	3.8495160540143835e-33
1871	2.8300930148930155e-33
1872	2.0789977580759358e-33
1873	1.5260385653650618e-33
1874	1.1192693482486508e-33
1875	8.20277426410689e-34
1876	6.006803017714158e-34
1877	4.395233284524369e-34
1878	3.213481543635207e-34
1879	2.347601901531127e-34
1880	1.713670347978875e-34
1881	1.2499243223057044e-34
1882	9.109471509971067e-35
1883	6.63368868593835e-35
1884	4.826906057360573e-35
1885	3.509408091170776e-35
1886	2.549468056154002e-35
1887	1.8506119324176555e-35
1888	1.3422413899580959e-35
1889	9.727355369812869e-36
1890	7.043803360834192e-36
1891	5.096445058514139e-36
1892	3.684465939153263e-36
1893	2.661510677749194e-36
1894	1.9210016416518918e-36
1895	1.3853914460931773e-36
1896	9.983018917694826e-37
1897	7.1877885744558414e-37
1898	5.170970739849461e-37
1899	3.716992021583374e-37
1900	2.6696437643512536e-37
1901	1.915827946618514e-37
1902	1.373727428599501e-37
1903	9.84203432758777e-38
1904	7.045450763531156e-38
1905	5.039316738601484e-38
1906	3.60141234254278e-38
1907	2.5716491435063293e-38
1908	1.834795268421783e-38
1909	1.3079763250051807e-38
1910	9.316394659607106e-39
1911	6.63026579998844e-39
1912	4.714638606413468e-39
1913	3.3496514832429705e-39
1914	2.3778470643921957e-39
1915	1.6865554642839577e-39
1916	1.1952233814283501e-39
1917	8.46308304684081e-40
1918	5.987403382333611e-40
1919	4.232316608682202e-40
1920	2.98914382251867e-40
1921	2.1093265646261812e-40
1922	1.4871969717381322e-40
1923	1.0476594425675565e-40
1924	7.373913620867766e-41
1925	5.185630145767082e-41
1926	3.643593421018198e-41
1927	2.5578934835418775e-41
1928	1.794148850947216e-41
1929	1.2573530729419173e-41
1930	8.803960231057169e-42
1931	6.15914218214122e-42
1932	4.3050976047960264e-42
1933	3.0065308730723314e-42
1934	2.0978165245524635e-42
1935	1.4624727306676446e-42
1936	1.0186518107743546e-42
1937	7.088930548279072e-43
1938	4.9289217030072495e-43
1939	3.424038303339597e-43
1940	2.3765122778579004e-43
1941	1.6479935823389114e-43
1942	1.1417847153963072e-43
1943	7.903608779040044e-44
1944	5.466110270675783e-44
1945	3.7769594785553095e-44
1946	2.607452953952147e-44
1947	1.798457123605196e-44
1948	1.2393454482626592e-44
1949	8.532819716076294e-45
1950	5.869483576851918e-45
1951	4.033792559402156e-45
1952	2.769700384267098e-45
1953	1.9000139758700603e-45
1954	1.3022212596901145e-45
1955	8.916942228798876e-46
1956	6.100276376709936e-46
1957	4.1695064876271575e-46
1958	2.8472170387739726e-46
1959	1.9424795775370862e-46
1960	1.3240107238204277e-46
1961	9.016227886620413e-47
1962	6.134169500616567e-47
1963	4.169494012799719e-47
1964	2.831436315383378e-47
1965	1.9209907334243721e-47
1966	1.3020807971097168e-47
1967	8.817469175431273e-48
1968	5.965439890475308e-48
1969	4.032112655715908e-48
1970	2.7227868791130606e-48
1971	1.8368961018444155e-48
1972	1.2380683687663209e-48
1973	8.336675395184464e-49
1974	5.608264860237966e-49
1975	3.769212547933491e-49
1976	2.530803073108256e-49
1977	1.6976603689843504e-49
1978	1.1376983173659234e-49
1979	7.617042537755422e-50
1980	5.094806724593675e-50
1981	3.4044755246498765e-50
1982	2.2727569203775125e-50
1983	1.515776346698603e-50
1984	1.0099403352525156e-50
1985	6.722547048808509e-51
1986	4.4704228700498374e-51
1987	2.969881099915725e-51
1988	1.971080186935826e-51
1989	1.3069030296091735e-51
1990	8.656759326987452e-52
1991	5.7284785166410175e-52
1992	3.7869908475639415e-52
1993	2.501032266440171e-52
1994	1.650112113527211e-52
1995	1.0876164570760201e-52
1996	7.161521259595256e-53
1997	4.710869027450197e-53
1998	3.095722557447445e-53
1999	2.0322976429177694e-53
2000	1.3328334799860232e-53
2001	8.73226255024707e-54
2002	5.715299541557057e-54
2003	3.7369004870177166e-54
2004	2.440862929863264e-54
2005	1.5926984869336785e-54
2006	1.0382000591951686e-54
2007	6.76059346469279e-55
2008	4.397884935258914e-55
2009	2.8579665861432805e-55
2010	1.8553405808158575e-55
2011	1.203212449343856e-55
2012	7.794928301678526e-56
2013	5.044661400553599e-56
2014	3.2613766330410327e-56
2015	2.106288561054448e-56
2016	1.3588818599434888e-56
2017	8.75772661331172e-57
2018	5.638269680166509e-57
2019	3.6261353018173644e-57
2020	2.3296183660832538e-57
2021	1.4950891347993618e-57
2022	9.584949343083063e-58
2023	6.138353442720678e-58
2024	3.926921209666479e-58
2025	2.5095138672417943e-58
2026	1.602001842333287e-58
2027	1.021577452721452e-58
2028	6.507487388616654e-59
2029	4.140835571856122e-59
2030	2.632049849210349e-59
2031	1.6712082227598472e-59
2032	1.0599763966896386e-59
2033	6.715677698906278e-60
2034	4.25020964052615e-60
2035	2.6869311971746414e-60
2036	1.6967866985922e-60
2037	1.0703388419999272e-60
2038	6.74430905032784e-61
2039	4.244969639221076e-61
2040	2.668894838885736e-61
2041	1.676126826089463e-61
2042	1.0514766214809741e-61
2043	6.588832620311116e-62
2044	4.124128737208417e-62
2045	2.5785146587236155e-62
2046	1.6103467827945794e-62
2047	1.004570416414271e-62
2048	6.259667667912246e-63
2049	3.8961065774673486e-63
2050	2.4222433644609797e-63
2051	1.5042182185512777e-63
2052	9.330582530909949e-64
2053	5.781096681282304e-64
2054	3.577782814842141e-64
2055	2.211661629605802e-64
2056	1.3655985768556613e-64
2057	8.42220439773744e-65
2058	5.188305350084048e-65
2059	3.192427041435916e-65
2060	1.9620533016610058e-65
2061	1.2044635113977008e-65
2062	7.38530050330015e-66
2063	4.5230669392666944e-66
2064	2.7668576495942123e-66
2065	1.6905507097817057e-66
2066	1.0317056187296223e-66
2067	6.2888061745774e-67
2068	3.828812069193792e-67
2069	2.3283159638239796e-67
2070	1.414166018084922e-67
2071	8.57902783208313e-68
2072	5.198206522390473e-68
2073	3.1459029690719502e-68
2074	1.9015686821937085e-68
2075	1.148027151441717e-68
2076	6.92252122547532e-69
2077	4.169144622630682e-69
2078	2.5078333845837436e-69
2079	1.5066694103211395e-69
2080	9.040726783265278e-70
2081	5.418178421375887e-70
2082	3.243144776974946e-70
2083	1.9388353586580918e-70
2084	1.1576454332473054e-70
2085	6.9034899648620915e-71
2086	4.11167514473853e-71
2087	2.445818932275211e-71
2088	1.45306038185717e-71
2089	8.621747587005728e-72
2090	5.109255864030964e-72
2091	3.0239117933905055e-72
2092	1.7874261544670309e-72
2093	1.0551957077644711e-72
2094	6.221315509500647e-73
2095	3.6633137595663144e-73
2096	2.154304326664932e-73
2097	1.2652588780556745e-73
2098	7.421462265532892e-74
2099	4.3474606742320335e-74
2100	2.5434093118938236e-74
2101	1.4860368740285638e-74
2102	8.6710952582658625e-75
2103	5.052981042443954e-75
2104	2.94068840153244e-75
2105	1.7091345530613391e-75
2106	9.920365495518435e-76
2107	5.750445903781288e-76
2108	3.3288639667842114e-76
2109	1.924462650736475e-76
2110	1.1110665267030978e-76
2111	6.405986119869328e-77
2112	3.688463409353207e-77
2113	2.120883019970422e-77
2114	1.2178614457409291e-77
2115	6.983725345725127e-78
2116	3.999288019007572e-78
2117	2.2870866721423516e-78
2118	1.3061261095073397e-78
2119	7.448833582879887e-79
2120	4.2421910035545064e-79
2121	2.41262072519574e-79
2122	1.3701965477016766e-79
2123	7.770871748281705e-80
2124	4.4009632096059264e-80
2125	2.4889427863110865e-80
2126	1.4056244736960553e-80
2127	7.927001821514337e-81
2128	4.464079030927053e-81
2129	2.510360340972898e-81
2130	1.4096767027021569e-81
2131	7.90460596435488e-82
2132	4.426048232582187e-82
2133	2.4747152017297807e-82
2134	1.3816734682448616e-82
2135	7.702906847753142e-83
2136	4.288158446537139e-83
2137	2.3837014110390705e-83
2138	1.3231089947279527e-83
2139	7.333309299601537e-84
2140	4.058474824801892e-84
2141	2.242756007387762e-84
2142	1.2375289056218603e-84
2143	6.818371240949319e-85
2144	3.751074656365138e-85
2145	2.060527113653583e-85
2146	1.130176559473427e-85
2147	6.189525458158008e-86
2148	3.3846148287444186e-86
2149	1.8479904541212082e-86
2150	1.0074569115354446e-86
2151	5.48387092314565e-87
2152	2.9804348853519836e-87
2153	1.617340238729871e-87
2154	8.762946056338319e-88
2155	4.740493058467839e-88
2156	2.560466767115879e-88
2157	1.380812242284237e-88
2158	7.434770385378657e-89
2159	3.996828473105694e-89
2160	2.1452407378368583e-89
2161	1.1495997868534488e-89
2162	6.150705739495677e-90
2163	3.2855521689877674e-90
2164	1.7522433267857244e-90
2165	9.329976773956149e-91
2166	4.959801143044635e-91
2167	2.6323458923710956e-91
2168	1.3948067906918843e-91
2169	7.378616812344613e-92
2170	3.896933981858469e-92
2171	2.0547343910777646e-92
2172	1.0816088342718035e-92
2173	5.684129728455261e-93
2174	2.9821828108234074e-93
2175	1.5619903883166684e-93
2176	8.167582548819403e-94
2177	4.263605728830178e-94
2178	2.221908136055222e-94
2179	1.1559470141351004e-94
2180	6.003571817972131e-95
2181	3.112709674414336e-95
2182	1.611097377022173e-95
2183	8.324465585691355e-96
2184	4.293776512584269e-96
2185	2.2108948927625188e-96
2186	1.136421408294307e-96
2187	5.831098901659051e-97
2188	2.986744819988091e-97
2189	1.5271424121261138e-97
2190	7.794560657942119e-98
2191	3.971287959930008e-98
2192	2.0197410034145957e-98
2193	1.0253720083628184e-98
2194	5.196196761860865e-99
2195	2.6284815541394886e-99
2196	1.3271998705205545e-99
2197	6.689237120025982e-100
2198	3.3652900601646543e-100
2199	1.689938222976176e-100
2200	8.470680633644825e-101
2201	4.238006841600928e-101
2202	2.116399027451444e-101
2203	1.0549276364379381e-101
2204	5.248481126499612e-102
2205	2.6063160196323475e-102
2206	1.2918127139837973e-102
2207	6.390688367520357e-103
2208	3.155497648427259e-103
2209	1.5550942617373412e-103
2210	7.649106175812025e-104
2211	3.7551407463428273e-104
2212	1.839923337316111e-104
2213	8.997619123626696e-105
2214	4.3914325074436575e-105
2215	2.1391039107508265e-105
2216	1.0399223582475564e-105
2217	5.045562459403215e-106
2218	2.4431725337452353e-106
2219	1.1806761199411693e-106
2220	5.694239027202863e-107
2221	2.7407222747834375e-107
2222	1.3164819377508064e-107
2223	6.310756245834139e-108
2224	3.018982430055728e-108
2225	1.4412803471046407e-108
2226	6.866588645245101e-109
2227	3.2646320374478617e-109
2228	1.5489022351369848e-109
2229	7.333414304128709e-110
2230	3.4647885355663416e-110
2231	1.6335459654688e-110
2232	7.685389424244969e-111
2233	3.608078974973548e-111
2234	1.690275656320307e-111
2235	7.901436503174868e-112
2236	3.6856765672934784e-112
2237	1.7154838489681448e-112
2238	7.967275742333072e-113
2239	3.692175903551774e-113
2240	1.7072602139319708e-113
2241	7.876935619854435e-114
2242	3.6261896331059744e-114
2243	1.6656153967672912e-114
2244	7.633527209537752e-115
2245	3.4905782769071924e-115
2246	1.5925252663649033e-115
2247	7.249153540390523e-116
2248	3.2922698914378566e-116
2249	1.491783608600436e-116
2250	6.743937855426436e-117
2251	3.041680762237536e-117
2252	1.3686771404506212e-117
2253	6.144274794026852e-118
2254	2.751803113265226e-118
2255	1.2295212052806815e-118
2256	5.480515473334101e-119
2257	2.4370713513014748e-119
2258	1.0811133110247701e-119
2259	4.78437212586694e-120
2260	2.112146497823186e-120
2261	9.301714456127951e-121
2262	4.08635721528526e-121
2263	1.7907643462277421e-121
2264	7.828232364458564e-122
2265	3.413551466452371e-122
2266	1.4847760166994055e-122
2267	6.442009829038487e-123
2268	2.7879303857595583e-123
2269	1.203473871081057e-123
2270	5.181788007588592e-124
2271	2.225383336653089e-124
2272	9.532485547937902e-125
2273	4.072653590047114e-125
2274	1.735451886435201e-125
2275	7.375733386745611e-126
2276	3.126432380708317e-126
2277	1.321714570823656e-126
2278	5.572687206865304e-127
2279	2.3432762243849668e-127
2280	9.826696591694609e-128
2281	4.1097006973443834e-128
2282	1.714054801375214e-128
2283	7.129257149598677e-129
2284	2.95707309742024e-129
2285	1.2231257463871124e-129
2286	5.045037683269018e-130
2287	2.0750802506506108e-130
2288	8.510898247422755e-131
2289	3.4807969102746605e-131
2290	1.4195066973109877e-131
2291	5.772238839612514e-132
2292	2.3404089856426354e-132
2293	9.461767870468565e-133
2294	3.813978656846776e-133
2295	1.532858090054263e-133
2296	6.1423642346336e-134
2297	2.453981140349655e-134
2298	9.774643853802771e-135
2299	3.881652659394598e-135
2300	1.5367748892993648e-135
2301	6.065595635599539e-136
2302	2.386700550518138e-136
2303	9.362142833921568e-137
2304	3.660976304183711e-137
2305	1.4270995746990547e-137
2306	5.545473290251008e-138
2307	2.148033842713584e-138
2308	8.293786614135469e-139
2309	3.192014119710097e-139
2310	1.2245254750480155e-139
2311	4.6822293060632245e-140
2312	1.7844731434141864e-140
2313	6.778449656855356e-141
2314	2.566280835746571e-141
2315	9.683263375406851e-142
2316	3.641440848257744e-142
2317	1.36473648287054e-142
2318	5.0972780453577795e-143
2319	1.8972810035318335e-143
2320	7.037501661835143e-144
2321	2.6012881271629333e-144
2322	9.58144370577951e-145
2323	3.5166998931608364e-145
2324	1.2861472969278818e-145
2325	4.686905549732706e-146
2326	1.701808515733853e-146
2327	6.156770243732074e-147
2328	2.2192262791234113e-147
2329	7.969757097104999e-148
2330	2.851489440606963e-148
2331	1.0164120530711355e-148
2332	3.609335213736568e-149
2333	1.2768264280574386e-149
2334	4.4995744099658825e-150
2335	1.5795503616734304e-150
2336	5.523385393555613e-151
2337	1.923863449025782e-151
2338	6.674629893692519e-152
2339	2.306487093914822e-152
2340	7.938389923129685e-153
2341	2.7211837211756905e-153
2342	9.289955483329933e-154
2343	3.1585360207419204e-154
2344	1.0694497256132563e-154
2345	3.6059770405704276e-155
2346	1.210762854543351e-155
2347	4.0481263859360053e-156
2348	1.3476991811709496e-156
2349	4.467459875611605e-157
2350	1.4744898879526577e-157
2351	4.845301432231202e-158
2352	1.5851919484803959e-158
2353	5.163080881426494e-159
2354	1.6741167040050317e-159
2355	5.403756041567571e-160
2356	1.736289599940744e-160
2357	5.553259725124879e-161
2358	1.7678927113273708e-161
2359	5.601809822764494e-162
2360	1.7666377964388386e-162
2361	5.544919719920443e-163
2362	1.7320211744302378e-163
2363	5.383969987101199e-164
2364	1.6654230588045837e-164
2365	5.126249413403042e-165
2366	1.5700319900582151e-165
2367	4.784438253675111e-166
2368	1.450597209730971e-166
2369	4.375579357278891e-167
2370	1.3130347043950587e-167
2371	3.9196516968278946e-168
2372	1.1639323537889135e-168
2373	3.437913825847081e-169
2374	1.0100126880692495e-169
2375	2.9512126056373036e-170
2376	8.576158945128528e-171
2377	2.478450375385628e-171
2378	7.122602795231792e-172
2379	2.0353724813105536e-172
2380	5.78323567366388e-173
2381	1.633783096305283e-173
2382	4.588689343556151e-174
2383	1.2812309703925683e-174
2384	3.5561820798326364e-175
2385	9.811403089754895e-176
2386	2.6905500975617044e-176
2387	7.333066498633119e-177
2388	1.986259286200797e-177
2389	5.346415174598794e-178
2390	1.429999610382337e-178
2391	3.800363555723177e-179
2392	1.0034581006177628e-179
2393	2.632246035217251e-180
2394	6.859216055883069e-181
2395	1.7754572560452678e-181
2396	4.5645712401498047e-182
2397	1.165492239070258e-182
2398	2.955311685901892e-183
2399	7.441249171575765e-184
2400	1.8603747450771406e-184
2401	4.6177418605501527e-185
2402	1.1378769056684425e-185
2403	2.7832888692284345e-186
2404	6.757386229715904e-187
2405	1.6282304240002514e-187
2406	3.893390257300709e-188
2407	9.237879618084412e-189
2408	2.1747298126297536e-189
2409	5.079047986029279e-190
2410	1.176677980411811e-190
2411	2.7038616303989196e-191
2412	6.161904043176407e-192
2413	1.3925153114603615e-192
2414	3.120249761167676e-193
2415	6.931569467769733e-194
2416	1.5264193732998316e-194
2417	3.331671095755511e-195
2418	7.206773095827673e-196
2419	1.5447319650663565e-196
2420	3.280503996763877e-197
2421	6.901495584046972e-198
2422	1.4381345283297565e-198
2423	2.967879428003581e-199
2424	6.06482800348479e-200
2425	1.2270138753716527e-200
2426	2.4573702089442304e-201
2427	4.870923002145021e-202
2428	9.554300552148077e-203
2429	1.8542093779353612e-203
2430	3.5597046052859456e-204
2431	6.759043310614142e-205
2432	1.2690856793160245e-205
2433	2.3558463045124808e-206
2434	4.322813353269895e-207
2435	7.838988238554125e-208
2436	1.4045433288858818e-208
2437	2.4859733053142824e-209
2438	4.3455565555107134e-210
2439	7.500325364148998e-211
2440	1.27789509549008e-211
2441	2.1487293125846412e-212
2442	3.56473118600159e-213
2443	5.833289977926261e-214
2444	9.412845547688876e-215
2445	1.497349870946629e-215
2446	2.3474173948059477e-216
2447	3.6256569864328577e-217
2448	5.515335068232659e-218
2449	8.260374385773527e-219
2450	1.2176378767578268e-219
2451	1.765911127844363e-220
2452	2.518760417054734e-221
2453	3.5318332153772234e-222
2454	4.8666409305327005e-223
2455	6.586985324179049e-224
2456	8.753390706623426e-225
2457	1.141544904091959e-225
2458	1.460231965730315e-226
2459	1.8312073666057758e-227
2460	2.250108625607348e-228
2461	2.7075167156460063e-229
2462	3.1884453475436898e-230
2463	3.672412575227432e-231
2464	4.134262047047194e-232
2465	4.545813550012799e-233
2466	4.878290023333334e-234
2467	5.105308551908917e-235
2468	5.206066652813449e-236
2469	5.168241380969882e-237
2470	4.9900855344529e-238
2471	4.681278204383516e-239
2472	4.262268423209663e-240
2473	3.7621137186599186e-241
2474	3.215105952774375e-242
2475	2.6567256098215945e-243
2476	2.1196070347791753e-244
2477	1.6301895682598456e-245
2478	1.2065708183702373e-246
2479	8.578085989130058e-248
2480	5.846089701303261e-249
2481	3.81070387707829e-250
2482	2.3699312195479717e-251
2483	1.4023804936021018e-252
2484	7.871667747591448e-254
2485	4.176831561929962e-255
2486	2.0869921658822365e-256
2487	9.776157151031737e-258
2488	4.2715171150496686e-259
2489	1.7306137455733634e-260
2490	6.456702602590168e-262
2491	2.2000130257757607e-263
2492	6.777887138710369e-265
2493	1.864828263233102e-266
2494	4.510612094120367e-268
2495	9.396060550697441e-270
2496	1.6388985101311284e-271
2497	2.297960000825966e-273
2498	2.428318191542621e-275
2499	1.719121351276734e-277
2500	6.115394598027647e-280
