k	pvalue
0	0.9999999999997617
1	0.9999999999997617
2	0.9999999999997617
3	0.9999999999997617
4	0.9999999999997617
5	0.9999999999997617
6	0.9999999999997617
7	0.9999999999997617
8	0.9999999999997617
9	0.9999999999997617
10	0.9999999999997617
11	0.9999999999997617
12	0.9999999999997617
13	0.9999999999997617
14	0.9999999999997617
15	0.9999999999997617
16	0.9999999999997617
17	0.9999999999997617
18	0.9999999999997617
19	0.9999999999997617
20	0.9999999999997617
21	0.9999999999997617
22	0.9999999999997617
23	0.9999999999997617
24	0.9999999999997617
25	0.9999999999997617
26	0.9999999999997617
27	0.9999999999997617
28	0.9999999999997617
29	0.9999999999997617
30	0.9999999999997617
31	0.9999999999997617
32	0.9999999999997617
33	0.9999999999997617
34	0.9999999999997617
35	0.9999999999997617
36	0.9999999999997617
37	0.9999999999997617
38	0.9999999999997617
39	0.9999999999997617
40	0.9999999999997617
41	0.9999999999997617
42	0.9999999999997617
43	0.9999999999997617
44	0.9999999999997617
45	0.9999999999997617
46	0.9999999999997617
47	0.9999999999997617
48	0.9999999999997617
49	0.9999999999997617
50	0.9999999999997617
51	0.9999999999997617
52	0.9999999999997617
53	0.9999999999997617
54	0.9999999999997617
55	0.9999999999997617
56	0.9999999999997617
57	0.9999999999997617
58	0.9999999999997617
59	0.9999999999997617
60	0.9999999999997617
61	0.9999999999997617
62	0.9999999999997617
63	0.9999999999997617
64	0.9999999999997617
65	0.9999999999997617
66	0.9999999999997617
67	0.9999999999997617
68	0.9999999999997617
69	0.9999999999997617
70	0.9999999999997617
71	0.9999999999997617
72	0.9999999999997617
73	0.9999999999997617
74	0.9999999999997617
75	0.9999999999997617
76	0.9999999999997617
77	0.9999999999997617
78	0.9999999999997617
79	0.9999999999997617
80	0.9999999999997617
81	0.9999999999997617
82	0.9999999999997617
83	0.9999999999997617
84	0.9999999999997617
85	0.9999999999997617
86	0.9999999999997617
87	0.9999999999997617
88	0.9999999999997617
89	0.9999999999997617
90	0.9999999999997617
91	0.9999999999997617
92	0.9999999999997617
93	0.9999999999997617
94	0.9999999999997617
95	0.9999999999997617
96	0.9999999999997617
97	0.9999999999997617
98	0.9999999999997617
99	0.9999999999997617
100	0.9999999999997617
101	0.9999999999997617
102	0.9999999999997617
103	0.9999999999997617
104	0.9999999999997617
105	0.9999999999997617
106	0.9999999999997617
107	0.9999999999997617
108	0.9999999999997617
109	0.9999999999997617
110	0.9999999999997617
111	0.9999999999997617
112	0.9999999999997617
113	0.9999999999997617
114	0.9999999999997617
115	0.9999999999997617
116	0.9999999999997617
117	0.9999999999997617
118	0.9999999999997617
119	0.9999999999997617
120	0.9999999999997617
121	0.9999999999997617
122	0.9999999999997617
123	0.9999999999997617
124	0.9999999999997617
125	0.9999999999997617
126	0.9999999999997617
127	0.9999999999997617
128	0.9999999999997617
129	0.9999999999997617
130	0.9999999999997617
131	0.9999999999997617
132	0.9999999999997617
133	0.9999999999997617
134	0.9999999999997617
135	0.9999999999997617
136	0.9999999999997617
137	0.9999999999997617
138	0.9999999999997617
139	0.9999999999997617
140	0.9999999999997617
141	0.9999999999997617
142	0.9999999999997617
143	0.9999999999997617
144	0.9999999999997617
145	0.9999999999997617
146	0.9999999999997617
147	0.9999999999997617
148	0.9999999999997617
149	0.9999999999997617
150	0.9999999999997617
151	0.9999999999997617
152	0.9999999999997617
153	0.9999999999997617
154	0.9999999999997617
155	0.9999999999997617
156	0.9999999999997617
157	0.9999999999997617
158	0.9999999999997617
159	0.9999999999997617
160	0.9999999999997617
161	0.9999999999997617
162	0.9999999999997617
163	0.9999999999997617
164	0.9999999999997617
165	0.9999999999997617
166	0.9999999999997617
167	0.9999999999997617
168	0.9999999999997617
169	0.9999999999997617
170	0.9999999999997617
171	0.9999999999997617
172	0.9999999999997617
173	0.9999999999997617
174	0.9999999999997617
175	0.9999999999997617
176	0.9999999999997617
177	0.9999999999997617
178	0.9999999999997617
179	0.9999999999997617
180	0.9999999999997617
181	0.9999999999997617
182	0.9999999999997617
183	0.9999999999997617
184	0.9999999999997617
185	0.9999999999997617
186	0.9999999999997617
187	0.9999999999997617
188	0.9999999999997617
189	0.9999999999997617
190	0.9999999999997617
191	0.9999999999997617
192	0.9999999999997617
193	0.9999999999997617
194	0.9999999999997617
195	0.9999999999997617
196	0.9999999999997617
197	0.9999999999997617
198	0.9999999999997617
199	0.9999999999997617
200	0.9999999999997617
201	0.9999999999997617
202	0.9999999999997617
203	0.9999999999997617
204	0.9999999999997617
205	0.9999999999997617
206	0.9999999999997617
207	0.9999999999997617
208	0.9999999999997617
209	0.9999999999997617
210	0.9999999999997617
211	0.9999999999997617
212	0.9999999999997617
213	0.9999999999997617
214	0.9999999999997617
215	0.9999999999997617
216	0.9999999999997617
217	0.9999999999997617
218	0.9999999999997617
219	0.9999999999997617
220	0.9999999999997617
221	0.9999999999997617
222	0.9999999999997617
223	0.9999999999997617
224	0.9999999999997617
225	0.9999999999997617
226	0.9999999999997617
227	0.9999999999997617
228	0.9999999999997617
229	0.9999999999997617
230	0.9999999999997617
231	0.9999999999997617
232	0.9999999999997617
233	0.9999999999997617
234	0.9999999999997617
235	0.9999999999997617
236	0.9999999999997617
237	0.9999999999997617
238	0.9999999999997617
239	0.9999999999997617
240	0.9999999999997617
241	0.9999999999997617
242	0.9999999999997617
243	0.9999999999997617
244	0.9999999999997617
245	0.9999999999997617
246	0.9999999999997617
247	0.9999999999997617
248	0.9999999999997617
249	0.9999999999997617
250	0.9999999999997617
251	0.9999999999997617
252	0.9999999999997617
253	0.9999999999997617
254	0.9999999999997617
255	0.9999999999997617
256	0.9999999999997617
257	0.9999999999997617
258	0.9999999999997617
259	0.9999999999997617
260	0.9999999999997617
261	0.9999999999997617
262	0.9999999999997617
263	0.9999999999997617
264	0.9999999999997617
265	0.9999999999997617
266	0.9999999999997617
267	0.9999999999997617
268	0.9999999999997617
269	0.9999999999997617
270	0.9999999999997617
271	0.9999999999997617
272	0.9999999999997617
273	0.9999999999997617
274	0.9999999999997617
275	0.9999999999997617
276	0.9999999999997617
277	0.9999999999997617
278	0.9999999999997617
279	0.9999999999997617
280	0.9999999999997617
281	0.9999999999997617
282	0.9999999999997617
283	0.9999999999997617
284	0.9999999999997617
285	0.9999999999997617
286	0.9999999999997617
287	0.9999999999997617
288	0.9999999999997617
289	0.9999999999997617
290	0.9999999999997617
291	0.9999999999997617
292	0.9999999999997617
293	0.9999999999997617
294	0.9999999999997617
295	0.9999999999997617
296	0.9999999999997617
297	0.9999999999997617
298	0.9999999999997617
299	0.9999999999997617
300	0.9999999999997617
301	0.9999999999997617
302	0.9999999999997617
303	0.9999999999997617
304	0.9999999999997617
305	0.9999999999997617
306	0.9999999999997617
307	0.9999999999997617
308	0.9999999999997617
309	0.9999999999997617
310	0.9999999999997617
311	0.9999999999997617
312	0.9999999999997617
313	0.9999999999997617
314	0.9999999999997617
315	0.9999999999997617
316	0.9999999999997617
317	0.9999999999997617
318	0.9999999999997617
319	0.9999999999997617
320	0.9999999999997617
321	0.9999999999997617
322	0.9999999999997617
323	0.9999999999997617
324	0.9999999999997617
325	0.9999999999997617
326	0.9999999999997617
327	0.9999999999997617
328	0.9999999999997617
329	0.9999999999997617
330	0.9999999999997617
331	0.9999999999997617
332	0.9999999999997617
333	0.9999999999997617
334	0.9999999999997617
335	0.9999999999997617
336	0.9999999999997617
337	0.9999999999997617
338	0.9999999999997617
339	0.9999999999997617
340	0.9999999999997617
341	0.9999999999997617
342	0.9999999999997617
343	0.9999999999997617
344	0.9999999999997617
345	0.9999999999997617
346	0.9999999999997617
347	0.9999999999997617
348	0.9999999999997617
349	0.9999999999997617
350	0.9999999999997617
351	0.9999999999997617
352	0.9999999999997617
353	0.9999999999997617
354	0.9999999999997617
355	0.9999999999997617
356	0.9999999999997617
357	0.9999999999997617
358	0.9999999999997617
359	0.9999999999997617
360	0.9999999999997617
361	0.9999999999997617
362	0.9999999999997617
363	0.9999999999997617
364	0.9999999999997617
365	0.9999999999997617
366	0.9999999999997617
367	0.9999999999997617
368	0.9999999999997617
369	0.9999999999997617
370	0.9999999999997617
371	0.9999999999997617
372	0.9999999999997617
373	0.9999999999997617
374	0.9999999999997617
375	0.9999999999997617
376	0.9999999999997617
377	0.9999999999997617
378	0.9999999999997617
379	0.9999999999997617
380	0.9999999999997617
381	0.9999999999997617
382	0.9999999999997617
383	0.9999999999997617
384	0.9999999999997617
385	0.9999999999997617
386	0.9999999999997617
387	0.9999999999997617
388	0.9999999999997617
389	0.9999999999997617
390	0.9999999999997617
391	0.9999999999997617
392	0.9999999999997617
393	0.9999999999997617
394	0.9999999999997617
395	0.9999999999997617
396	0.9999999999997617
397	0.9999999999997617
398	0.9999999999997617
399	0.9999999999997617
400	0.9999999999997617
401	0.9999999999997617
402	0.9999999999997617
403	0.9999999999997617
404	0.9999999999997617
405	0.9999999999997617
406	0.9999999999997617
407	0.9999999999997617
408	0.9999999999997617
409	0.9999999999997617
410	0.9999999999997617
411	0.9999999999997617
412	0.9999999999997617
413	0.9999999999997617
414	0.9999999999997617
415	0.9999999999997617
416	0.9999999999997617
417	0.9999999999997617
418	0.9999999999997617
419	0.9999999999997617
420	0.9999999999997617
421	0.9999999999997617
422	0.9999999999997617
423	0.9999999999997617
424	0.9999999999997617
425	0.9999999999997617
426	0.9999999999997617
427	0.9999999999997617
428	0.9999999999997617
429	0.9999999999997617
430	0.9999999999997617
431	0.9999999999997617
432	0.9999999999997617
433	0.9999999999997617
434	0.9999999999997617
435	0.9999999999997617
436	0.9999999999997617
437	0.9999999999997617
438	0.9999999999997617
439	0.9999999999997617
440	0.9999999999997617
441	0.9999999999997617
442	0.9999999999997617
443	0.9999999999997617
444	0.9999999999997617
445	0.9999999999997617
446	0.9999999999997617
447	0.9999999999997617
448	0.9999999999997617
449	0.9999999999997617
450	0.9999999999997617
451	0.9999999999997617
452	0.9999999999997617
453	0.9999999999997617
454	0.9999999999997617
455	0.9999999999997617
456	0.9999999999997617
457	0.9999999999997617
458	0.9999999999997617
459	0.9999999999997617
460	0.9999999999997617
461	0.9999999999997617
462	0.9999999999997617
463	0.9999999999997617
464	0.9999999999997617
465	0.9999999999997617
466	0.9999999999997617
467	0.9999999999997617
468	0.9999999999997617
469	0.9999999999997617
470	0.9999999999997617
471	0.9999999999997617
472	0.9999999999997617
473	0.9999999999997617
474	0.9999999999997617
475	0.9999999999997617
476	0.9999999999997617
477	0.9999999999997617
478	0.9999999999997617
479	0.9999999999997617
480	0.9999999999997617
481	0.9999999999997617
482	0.9999999999997617
483	0.9999999999997617
484	0.9999999999997617
485	0.9999999999997617
486	0.9999999999997617
487	0.9999999999997617
488	0.9999999999997617
489	0.9999999999997617
490	0.9999999999997617
491	0.9999999999997617
492	0.9999999999997617
493	0.9999999999997617
494	0.9999999999997617
495	0.9999999999997617
496	0.9999999999997617
497	0.9999999999997617
498	0.9999999999997617
499	0.9999999999997617
500	0.9999999999997617
501	0.9999999999997617
502	0.9999999999997617
503	0.9999999999997617
504	0.9999999999997617
505	0.9999999999997617
506	0.9999999999997617
507	0.9999999999997617
508	0.9999999999997617
509	0.9999999999997617
510	0.9999999999997617
511	0.9999999999997617
512	0.9999999999997617
513	0.9999999999997617
514	0.9999999999997617
515	0.9999999999997617
516	0.9999999999997617
517	0.9999999999997617
518	0.9999999999997617
519	0.9999999999997617
520	0.9999999999997617
521	0.9999999999997617
522	0.9999999999997617
523	0.9999999999997617
524	0.9999999999997617
525	0.9999999999997617
526	0.9999999999997617
527	0.9999999999997617
528	0.9999999999997617
529	0.9999999999997617
530	0.9999999999997617
531	0.9999999999997617
532	0.9999999999997617
533	0.9999999999997617
534	0.9999999999997617
535	0.9999999999997617
536	0.9999999999997617
537	0.9999999999997617
538	0.9999999999997617
539	0.9999999999997617
540	0.9999999999997617
541	0.9999999999997617
542	0.9999999999997617
543	0.9999999999997617
544	0.9999999999997617
545	0.9999999999997617
546	0.9999999999997617
547	0.9999999999997617
548	0.9999999999997617
549	0.9999999999997617
550	0.9999999999997617
551	0.9999999999997617
552	0.9999999999997617
553	0.9999999999997617
554	0.9999999999997617
555	0.9999999999997617
556	0.9999999999997617
557	0.9999999999997617
558	0.9999999999997617
559	0.9999999999997617
560	0.9999999999997617
561	0.9999999999997617
562	0.9999999999997617
563	0.9999999999997617
564	0.9999999999997617
565	0.9999999999997617
566	0.9999999999997617
567	0.9999999999997617
568	0.9999999999997617
569	0.9999999999997617
570	0.9999999999997617
571	0.9999999999997617
572	0.9999999999997617
573	0.9999999999997617
574	0.9999999999997617
575	0.9999999999997617
576	0.9999999999997617
577	0.9999999999997617
578	0.9999999999997617
579	0.9999999999997617
580	0.9999999999997617
581	0.9999999999997617
582	0.9999999999997617
583	0.9999999999997617
584	0.9999999999997617
585	0.9999999999997617
586	0.9999999999997617
587	0.9999999999997617
588	0.9999999999997617
589	0.9999999999997617
590	0.9999999999997617
591	0.9999999999997617
592	0.9999999999997617
593	0.9999999999997617
594	0.9999999999997617
595	0.9999999999997617
596	0.9999999999997617
597	0.9999999999997617
598	0.9999999999997617
599	0.9999999999997617
600	0.9999999999997617
601	0.9999999999997617
602	0.9999999999997617
603	0.9999999999997617
604	0.9999999999997617
605	0.9999999999997617
606	0.9999999999997617
607	0.9999999999997617
608	0.9999999999997617
609	0.9999999999997617
610	0.9999999999997617
611	0.9999999999997617
612	0.9999999999997617
613	0.9999999999997617
614	0.9999999999997617
615	0.9999999999997617
616	0.9999999999997617
617	0.9999999999997617
618	0.9999999999997617
619	0.9999999999997617
620	0.9999999999997617
621	0.9999999999997617
622	0.9999999999997617
623	0.9999999999997617
624	0.9999999999997617
625	0.9999999999997617
626	0.9999999999997617
627	0.9999999999997617
628	0.9999999999997617
629	0.9999999999997617
630	0.9999999999997617
631	0.9999999999997617
632	0.9999999999997617
633	0.9999999999997617
634	0.9999999999997617
635	0.9999999999997617
636	0.9999999999997617
637	0.9999999999997617
638	0.9999999999997617
639	0.9999999999997617
640	0.9999999999997617
641	0.9999999999997617
642	0.9999999999997617
643	0.9999999999997617
644	0.9999999999997617
645	0.9999999999997617
646	0.9999999999997617
647	0.9999999999997617
648	0.9999999999997617
649	0.9999999999997617
650	0.9999999999997617
651	0.9999999999997617
652	0.9999999999997617
653	0.9999999999997617
654	0.9999999999997617
655	0.9999999999997617
656	0.9999999999997617
657	0.9999999999997617
658	0.9999999999997617
659	0.9999999999997617
660	0.9999999999997617
661	0.9999999999997617
662	0.9999999999997617
663	0.9999999999997617
664	0.9999999999997617
665	0.9999999999997617
666	0.9999999999997617
667	0.9999999999997617
668	0.9999999999997617
669	0.9999999999997617
670	0.9999999999997617
671	0.9999999999997617
672	0.9999999999997617
673	0.9999999999997617
674	0.9999999999997617
675	0.9999999999997617
676	0.9999999999997617
677	0.9999999999997617
678	0.9999999999997617
679	0.9999999999997617
680	0.9999999999997617
681	0.9999999999997617
682	0.9999999999997617
683	0.9999999999997617
684	0.9999999999997617
685	0.9999999999997617
686	0.9999999999997617
687	0.9999999999997617
688	0.9999999999997617
689	0.9999999999997617
690	0.9999999999997617
691	0.9999999999997617
692	0.9999999999997617
693	0.9999999999997617
694	0.9999999999997617
695	0.9999999999997617
696	0.9999999999997617
697	0.9999999999997617
698	0.9999999999997617
699	0.9999999999997617
700	0.9999999999997617
701	0.9999999999997617
702	0.9999999999997617
703	0.9999999999997617
704	0.9999999999997617
705	0.9999999999997617
706	0.9999999999997617
707	0.9999999999997617
708	0.9999999999997617
709	0.9999999999997617
710	0.9999999999997617
711	0.9999999999997617
712	0.9999999999997617
713	0.9999999999997617
714	0.9999999999997617
715	0.9999999999997617
716	0.9999999999997617
717	0.9999999999997617
718	0.9999999999997617
719	0.9999999999997617
720	0.9999999999997617
721	0.9999999999997617
722	0.9999999999997617
723	0.9999999999997617
724	0.9999999999997617
725	0.9999999999997617
726	0.9999999999997617
727	0.9999999999997617
728	0.9999999999997617
729	0.9999999999997617
730	0.9999999999997617
731	0.9999999999997617
732	0.9999999999997617
733	0.9999999999997617
734	0.9999999999997617
735	0.9999999999997617
736	0.9999999999997617
737	0.9999999999997617
738	0.9999999999997617
739	0.9999999999997617
740	0.9999999999997617
741	0.9999999999997617
742	0.9999999999997617
743	0.9999999999997617
744	0.9999999999997617
745	0.9999999999997617
746	0.9999999999997617
747	0.9999999999997617
748	0.9999999999997617
749	0.9999999999997617
750	0.9999999999997617
751	0.9999999999997617
752	0.9999999999997617
753	0.9999999999997617
754	0.9999999999997617
755	0.9999999999997617
756	0.9999999999997617
757	0.9999999999997617
758	0.9999999999997617
759	0.9999999999997617
760	0.9999999999997617
761	0.9999999999997617
762	0.9999999999997617
763	0.9999999999997617
764	0.9999999999997617
765	0.9999999999997617
766	0.9999999999997617
767	0.9999999999997617
768	0.9999999999997617
769	0.9999999999997617
770	0.9999999999997617
771	0.9999999999997617
772	0.9999999999997617
773	0.9999999999997617
774	0.9999999999997617
775	0.9999999999997617
776	0.9999999999997617
777	0.9999999999997617
778	0.9999999999997617
779	0.9999999999997617
780	0.9999999999997617
781	0.9999999999997617
782	0.9999999999997617
783	0.9999999999997617
784	0.9999999999997617
785	0.9999999999997617
786	0.9999999999997617
787	0.9999999999997617
788	0.9999999999997617
789	0.9999999999997617
790	0.9999999999997617
791	0.9999999999997617
792	0.9999999999997617
793	0.9999999999997617
794	0.9999999999997617
795	0.9999999999997617
796	0.9999999999997617
797	0.9999999999997617
798	0.9999999999997617
799	0.9999999999997617
800	0.9999999999997617
801	0.9999999999997617
802	0.9999999999997617
803	0.9999999999997617
804	0.9999999999997617
805	0.9999999999997617
806	0.9999999999997617
807	0.9999999999997617
808	0.9999999999997617
809	0.9999999999997617
810	0.9999999999997617
811	0.9999999999997617
812	0.9999999999997617
813	0.9999999999997617
814	0.9999999999997617
815	0.9999999999997617
816	0.9999999999997617
817	0.9999999999997617
818	0.9999999999997617
819	0.9999999999997617
820	0.9999999999997617
821	0.9999999999997617
822	0.9999999999997617
823	0.9999999999997617
824	0.9999999999997617
825	0.9999999999997617
826	0.9999999999997617
827	0.9999999999997617
828	0.9999999999997617
829	0.9999999999997617
830	0.9999999999997617
831	0.9999999999997617
832	0.9999999999997617
833	0.9999999999997617
834	0.9999999999997617
835	0.9999999999997617
836	0.9999999999997617
837	0.9999999999997617
838	0.9999999999997617
839	0.9999999999997617
840	0.9999999999997617
841	0.9999999999997617
842	0.9999999999997617
843	0.9999999999997617
844	0.9999999999997617
845	0.9999999999997617
846	0.9999999999997617
847	0.9999999999997617
848	0.9999999999997617
849	0.9999999999997617
850	0.9999999999997617
851	0.9999999999997617
852	0.9999999999997617
853	0.9999999999997617
854	0.9999999999997617
855	0.9999999999997617
856	0.9999999999997617
857	0.9999999999997617
858	0.9999999999997617
859	0.9999999999997617
860	0.9999999999997617
861	0.9999999999997617
862	0.9999999999997617
863	0.9999999999997617
864	0.9999999999997617
865	0.9999999999997617
866	0.9999999999997617
867	0.9999999999997617
868	0.9999999999997617
869	0.9999999999997617
870	0.9999999999997617
871	0.9999999999997617
872	0.9999999999997617
873	0.9999999999997617
874	0.9999999999997617
875	0.9999999999997617
876	0.9999999999997617
877	0.9999999999997617
878	0.9999999999997617
879	0.9999999999997617
880	0.9999999999997617
881	0.9999999999997617
882	0.9999999999997617
883	0.9999999999997617
884	0.9999999999997617
885	0.9999999999997617
886	0.9999999999997617
887	0.9999999999997617
888	0.9999999999997617
889	0.9999999999997617
890	0.9999999999997617
891	0.9999999999997617
892	0.9999999999997617
893	0.9999999999997617
894	0.9999999999997617
895	0.9999999999997617
896	0.9999999999997617
897	0.9999999999997617
898	0.9999999999997617
899	0.9999999999997617
900	0.9999999999997617
901	0.9999999999997617
902	0.9999999999997617
903	0.9999999999997617
904	0.9999999999997617
905	0.9999999999997617
906	0.9999999999997617
907	0.9999999999997617
908	0.9999999999997617
909	0.9999999999997617
910	0.9999999999997617
911	0.9999999999997617
912	0.9999999999997617
913	0.9999999999997617
914	0.9999999999997617
915	0.9999999999997617
916	0.9999999999997617
917	0.9999999999997617
918	0.9999999999997617
919	0.9999999999997617
920	0.9999999999997617
921	0.9999999999997617
922	0.9999999999997617
923	0.9999999999997617
924	0.9999999999997617
925	0.9999999999997617
926	0.9999999999997617
927	0.9999999999997617
928	0.9999999999997617
929	0.9999999999997617
930	0.9999999999997617
931	0.9999999999997617
932	0.9999999999997617
933	0.9999999999997617
934	0.9999999999997617
935	0.9999999999997617
936	0.9999999999997617
937	0.9999999999997617
938	0.9999999999997617
939	0.9999999999997617
940	0.9999999999997617
941	0.9999999999997617
942	0.9999999999997617
943	0.9999999999997617
944	0.9999999999997617
945	0.9999999999997617
946	0.9999999999997617
947	0.9999999999997617
948	0.9999999999997617
949	0.9999999999997617
950	0.9999999999997617
951	0.9999999999997617
952	0.9999999999997617
953	0.9999999999997617
954	0.9999999999997617
955	0.9999999999997617
956	0.9999999999997617
957	0.9999999999997617
958	0.9999999999997617
959	0.9999999999997617
960	0.9999999999997617
961	0.9999999999997617
962	0.9999999999997617
963	0.9999999999997617
964	0.9999999999997617
965	0.9999999999997617
966	0.9999999999997617
967	0.9999999999997617
968	0.9999999999997617
969	0.9999999999997617
970	0.9999999999997617
971	0.9999999999997617
972	0.9999999999997617
973	0.9999999999997617
974	0.9999999999997617
975	0.9999999999997617
976	0.9999999999997617
977	0.9999999999997617
978	0.9999999999997617
979	0.9999999999997617
980	0.9999999999997617
981	0.9999999999997617
982	0.9999999999997617
983	0.9999999999997617
984	0.9999999999997617
985	0.9999999999997617
986	0.9999999999997617
987	0.9999999999997617
988	0.9999999999997617
989	0.9999999999997617
990	0.9999999999997617
991	0.9999999999997617
992	0.9999999999997616
993	0.9999999999997616
994	0.9999999999997616
995	0.9999999999997616
996	0.9999999999997616
997	0.9999999999997616
998	0.9999999999997616
999	0.9999999999997616
1000	0.9999999999997616
1001	0.9999999999997616
1002	0.9999999999997616
1003	0.9999999999997616
1004	0.9999999999997616
1005	0.9999999999997616
1006	0.9999999999997616
1007	0.9999999999997615
1008	0.9999999999997615
1009	0.9999999999997615
1010	0.9999999999997615
1011	0.9999999999997614
1012	0.9999999999997614
1013	0.9999999999997613
1014	0.9999999999997612
1015	0.9999999999997611
1016	0.999999999999761
1017	0.9999999999997609
1018	0.9999999999997607
1019	0.9999999999997605
1020	0.9999999999997603
1021	0.99999999999976
1022	0.9999999999997596
1023	0.9999999999997592
1024	0.9999999999997586
1025	0.9999999999997581
1026	0.9999999999997574
1027	0.9999999999997565
1028	0.9999999999997555
1029	0.9999999999997543
1030	0.9999999999997529
1031	0.9999999999997511
1032	0.9999999999997491
1033	0.9999999999997466
1034	0.9999999999997438
1035	0.9999999999997403
1036	0.9999999999997362
1037	0.9999999999997313
1038	0.9999999999997256
1039	0.9999999999997187
1040	0.9999999999997106
1041	0.9999999999997009
1042	0.9999999999996896
1043	0.999999999999676
1044	0.99999999999966
1045	0.9999999999996412
1046	0.9999999999996189
1047	0.9999999999995924
1048	0.9999999999995614
1049	0.9999999999995246
1050	0.9999999999994813
1051	0.9999999999994301
1052	0.9999999999993701
1053	0.9999999999992991
1054	0.9999999999992157
1055	0.9999999999991177
1056	0.9999999999990025
1057	0.9999999999988669
1058	0.9999999999987079
1059	0.9999999999985212
1060	0.9999999999983021
1061	0.9999999999980455
1062	0.9999999999977445
1063	0.9999999999973921
1064	0.9999999999969796
1065	0.999999999996497
1066	0.9999999999959326
1067	0.9999999999952731
1068	0.9999999999945026
1069	0.9999999999936032
1070	0.9999999999925537
1071	0.9999999999913298
1072	0.9999999999899032
1073	0.9999999999882412
1074	0.999999999986306
1075	0.9999999999840539
1076	0.9999999999814344
1077	0.9999999999783892
1078	0.999999999974851
1079	0.9999999999707421
1080	0.9999999999659729
1081	0.9999999999604403
1082	0.9999999999540257
1083	0.999999999946592
1084	0.9999999999379823
1085	0.9999999999280154
1086	0.9999999999164837
1087	0.9999999999031485
1088	0.9999999998877358
1089	0.9999999998699315
1090	0.9999999998493753
1091	0.9999999998256541
1092	0.9999999997982953
1093	0.9999999997667576
1094	0.9999999997304218
1095	0.9999999996885798
1096	0.9999999996404229
1097	0.9999999995850268
1098	0.999999999521337
1099	0.9999999994481501
1100	0.9999999993640942
1101	0.9999999992676057
1102	0.9999999991569041
1103	0.9999999990299621
1104	0.9999999988844736
1105	0.9999999987178161
1106	0.9999999985270099
1107	0.9999999983086701
1108	0.9999999980589545
1109	0.9999999977735036
1110	0.9999999974473746
1111	0.9999999970749656
1112	0.9999999966499313
1113	0.9999999961650894
1114	0.9999999956123128
1115	0.9999999949824124
1116	0.9999999942650027
1117	0.9999999934483532
1118	0.9999999925192214
1119	0.9999999914626663
1120	0.9999999902618394
1121	0.9999999888977529
1122	0.9999999873490185
1123	0.9999999855915587
1124	0.9999999835982825
1125	0.9999999813387261
1126	0.9999999787786521
1127	0.9999999758796024
1128	0.9999999725984032
1129	0.9999999688866132
1130	0.9999999646899111
1131	0.9999999599474161
1132	0.9999999545909337
1133	0.9999999485441202
1134	0.9999999417215556
1135	0.9999999340277189
1136	0.999999925355853
1137	0.9999999155867095
1138	0.9999999045871618
1139	0.9999998922086732
1140	0.9999998782856058
1141	0.9999998626333548
1142	0.9999998450462927
1143	0.9999998252955027
1144	0.9999998031262846
1145	0.9999997782554098
1146	0.9999997503681022
1147	0.9999997191147217
1148	0.9999996841071206
1149	0.9999996449146449
1150	0.9999996010597488
1151	0.999999552013187
1152	0.9999994971887485
1153	0.9999994359374909
1154	0.9999993675414331
1155	0.9999992912066599
1156	0.9999992060557862
1157	0.9999991111197308
1158	0.9999990053287388
1159	0.9999988875025917
1160	0.9999987563399395
1161	0.9999986104066829
1162	0.9999984481233288
1163	0.9999982677512386
1164	0.9999980673776819
1165	0.9999978448996033
1166	0.9999975980060009
1167	0.999997324158814
1168	0.9999970205722062
1169	0.9999966841901232
1170	0.9999963116620011
1171	0.9999958993164875
1172	0.9999954431330353
1173	0.9999949387112154
1174	0.9999943812375905
1175	0.9999937654499791
1176	0.9999930855989322
1177	0.9999923354062333
1178	0.9999915080202251
1179	0.999990595967751
1180	0.9999895911024954
1181	0.9999884845494903
1182	0.999987266645546
1183	0.9999859268753555
1184	0.9999844538030044
1185	0.9999828349986137
1186	0.9999810569598233
1187	0.9999791050278177
1188	0.9999769632975819
1189	0.99997461452206
1190	0.9999720400098825
1191	0.9999692195163111
1192	0.999966131127041
1193	0.9999627511344882
1194	0.9999590539061767
1195	0.999955011744832
1196	0.9999505947397731
1197	0.9999457706091883
1198	0.99994050453287
1199	0.9999347589749709
1200	0.9999284934963438
1201	0.9999216645560117
1202	0.9999142253013138
1203	0.9999061253462687
1204	0.9998973105376869
1205	0.9998877227085711
1206	0.9998772994183313
1207	0.9998659736793547
1208	0.9998536736694629
1209	0.9998403224297989
1210	0.9998258375476934
1211	0.9998101308240661
1212	0.9997931079249334
1213	0.9997746680166035
1214	0.9997547033841614
1215	0.9997330990328619
1216	0.9997097322720764
1217	0.9996844722814597
1218	0.9996571796590391
1219	0.999627705950955
1220	0.9995958931626234
1221	0.9995615732511307
1222	0.9995245675987113
1223	0.9994846864672159
1224	0.999441728433522
1225	0.9993954798059019
1226	0.9993457140214224
1227	0.9992921910245163
1228	0.999234656626939
1229	0.9991728418493947
1230	0.9991064622452018
1231	0.9990352172064472
1232	0.9989587892531706
1233	0.9988768433062162
1234	0.9987890259444805
1235	0.9986949646473982
1236	0.9985942670236052
1237	0.9984865200268374
1238	0.9983712891602353
1239	0.9982481176703446
1240	0.9981165257322281
1241	0.9979760096272285
1242	0.997826040915053
1243	0.9976660656019812
1244	0.9974955033071358
1245	0.9973137464288883
1246	0.9971201593136141
1247	0.9969140774291463
1248	0.9966948065454231
1249	0.9964616219249575
1250	0.9962137675259011
1251	0.9959504552206108
1252	0.9956708640327621
1253	0.9953741393961871
1254	0.9950593924387464
1255	0.9947256992946655
1256	0.9943721004488948
1257	0.99399760011716
1258	0.9936011656654835
1259	0.9931817270730574
1260	0.9927381764424407
1261	0.992269367561139
1262	0.9917741155187004
1263	0.9912511963835176
1264	0.9906993469435882
1265	0.9901172645155139
1266	0.9895036068260499
1267	0.9888569919705252
1268	0.9881759984524486
1269	0.9874591653085952
1270	0.9867049923238314
1271	0.9859119403398777
1272	0.9850784316621404
1273	0.984202850568642
1274	0.9832835439249765
1275	0.9823188219090777
1276	0.981306958849434
1277	0.9802461941802144
1278	0.9791347335165683
1279	0.977970749853147
1280	0.9767523848886549
1281	0.9754777504789771
1282	0.9741449302211457
1283	0.9727519811701031
1284	0.9712969356898946
1285	0.9697778034405732
1286	0.9681925735017324
1287	0.9665392166331969
1288	0.9648156876729878
1289	0.9630199280722602
1290	0.9611498685664625
1291	0.9592034319815069
1292	0.9571785361732732
1293	0.9550730970982664
1294	0.9528850320127605
1295	0.9506122627972416
1296	0.9482527194024433
1297	0.9458043434127422
1298	0.9432650917221465
1299	0.9406329403175707
1300	0.9379058881635597
1301	0.9350819611820771
1302	0.9321592163204506
1303	0.9291357457000314
1304	0.9260096808376064
1305	0.9227791969310953
1306	0.9194425172005644
1307	0.9159979172751093
1308	0.9124437296156971
1309	0.9087783479636136
1310	0.9050002318037441
1311	0.9011079108315215
1312	0.89709998941201
1313	0.8929751510192567
1314	0.8887321626437459
1315	0.8843698791555139
1316	0.8798872476102654
1317	0.8752833114856302
1318	0.8705572148345573
1319	0.8657082063427356
1320	0.8607356432768669
1321	0.8556389953106059
1322	0.8504178482150119
1323	0.8450719074004377
1324	0.8396010012969167
1325	0.8340050845602835
1326	0.8282842410915031
1327	0.8224386868569615
1328	0.8164687724978087
1329	0.8103749857168293
1330	0.804157953431753
1331	0.7978184436844024
1332	0.7913573672956132
1333	0.7847757792564428
1334	0.7780748798468131
1335	0.7712560154734102
1336	0.7643206792193773
1337	0.7572705110990986
1338	0.7501072980121647
1339	0.742832973391445
1340	0.7354496165410582
1341	0.7279594516609209
1342	0.7203648465554849
1343	0.712668311025212
1344	0.7048724949403004
1345	0.6969801859971628
1346	0.6889943071591433
1347	0.680917913783963
1348	0.6727541904413946
1349	0.6645064474256644
1350	0.6561781169680904
1351	0.6477727491564503
1352	0.639294007568564
1353	0.6307456646285301
1354	0.6221315966950105
1355	0.6134557788918664
1356	0.6047222796923477
1357	0.5959352552688906
1358	0.5870989436214007
1359	0.5782176584976796
1360	0.5692957831203912
1361	0.5603377637356503
1362	0.5513481029989584
1363	0.5423313532147981
1364	0.533292109446723
1365	0.5242350025152592
1366	0.5151646919013374
1367	0.5060858585733289
1368	0.49700319775604146
1369	0.48792141166024705
1370	0.47884520219147
1371	0.46977926365684436
1372	0.46072827548886974
1373	0.45169689500484006
1374	0.4426897502206041
1375	0.4337114327371291
1376	0.42476649071808475
1377	0.4158594219763501
1378	0.40699466718696103
1379	0.39817660324357385
1380	0.3894095367750163
1381	0.38069769783793395
1382	0.3720452338009247
1383	0.36345620343488166
1384	0.35493457122354793
1385	0.3464842019075182
1386	0.33810885527411627
1387	0.329812181204726
1388	0.32159771499027323
1389	0.3134688729246385
1390	0.30542894818483773
1391	0.2974811070058435
1392	0.28962838515693007
1393	0.2818736847254286
1394	0.2742197712127642
1395	0.26666927094662873
1396	0.2592246688121241
1397	0.25188830630368914
1398	0.24466237989861433
1399	0.23754893975194105
1400	0.23054988871155874
1401	0.22366698165133916
1402	0.21690182511919984
1403	0.2102558772960651
1404	0.20373044826079814
1405	0.19732670055531515
1406	0.19104565004326465
1407	0.18488816705486477
1408	0.17885497780974255
1409	0.1729466661089112
1410	0.1671636752863608
1411	0.16150631041012112
1412	0.1559747407220901
1413	0.15056900230540315
1414	0.14528900096765252
1415	0.1401345153278528
1416	0.1351052000946847
1417	0.13020058952324196
1418	0.12542010103724696
1419	0.12076303900350084
1420	0.11622859864517775
1421	0.11181587008047686
1422	0.1075238424730939
1423	0.1033514082809769
1424	0.09929736758987809
1425	0.09536043251831164
1426	0.09153923168066821
1427	0.08783231469542235
1428	0.08423815672559633
1429	0.08075516303891062
1430	0.0773816735753552
1431	0.0741159675102555
1432	0.07095626780127796
1433	0.06790074570822341
1434	0.06494752527488504
1435	0.062094687762703174
1436	0.05934027602642634
1437	0.05668229882248412
1438	0.05411873504129223
1439	0.05164753785523789
1440	0.0492666387746338
1441	0.046973951604478224
1442	0.0447673762954145
1443	0.0426448026828432
1444	0.04060411410870158
1445	0.03864319092098592
1446	0.036759913846650186
1447	0.034952167234067175
1448	0.03321784216178385
1449	0.031554839410838934
1450	0.029961072298436458
1451	0.02843446937128098
1452	0.026972976957379505
1453	0.02557456157559685
1454	0.02423721220271716
1455	0.022958942398211325
1456	0.02173779228733787
1457	0.020571830403612226
1458	0.019459155392065778
1459	0.018397897575080653
1460	0.017386220382928322
1461	0.01642232165145972
1462	0.015504434789690776
1463	0.01463082982030082
1464	0.013799814296310865
1465	0.013009734097435744
1466	0.012258974109807561
1467	0.011545958792948629
1468	0.010869152638030621
1469	0.01022706052159251
1470	0.009618227959004959
1471	0.009041241262062209
1472	0.008494727605156191
1473	0.007977355004541338
1474	0.007487832215233462
1475	0.007024908550103265
1476	0.006587373625724779
1477	0.00617405703952258
1478	0.005783827982729952
1479	0.005415594793623972
1480	0.005068304455443816
1481	0.004740942043326639
1482	0.004432530124511594
1483	0.004142128115968647
1484	0.003868831603504934
1485	0.0036117716262892775
1486	0.0033701139306153943
1487	0.003143058196597679
1488	0.002929837241360863
1489	0.0027297162021473675
1490	0.002541991702624509
1491	0.0023659910055288465
1492	0.0022010711546375026
1493	0.0020466181089071347
1494	0.0019020458714710106
1495	0.0017667956160340365
1496	0.0016403348130552978
1497	0.001522156357958185
1498	0.0014117777034601538
1499	0.001308739997968038
1500	0.0012126072318411612
1501	0.001122965393183566
1502	0.0010394216346890732
1503	0.0009616034529287761
1504	0.0008891578813403963
1505	0.0008217506980528884
1506	0.0007590656495580432
1507	0.0007008036911237933
1508	0.0006466822447316555
1509	0.0005964344752133387
1510	0.0005498085851591741
1511	0.0005065671290736913
1512	0.00046648634716145714
1513	0.00042935551903921306
1514	0.00039497633758838114
1515	0.0003631623030851538
1516	0.0003337381376735358
1517	0.00030653922017986304
1518	0.00028141104120533447
1519	0.0002582086783758974
1520	0.00023679629157627994
1521	0.00021704663794694506
1522	0.0001988406063791185
1523	0.0001820667712036323
1524	0.00016662096473401105
1525	0.00015240586829281128
1526	0.00013933062132253973
1527	0.0001273104481583661
1528	0.00011626630201911039
1529	0.00010612452575545022
1530	9.681652887979857e-05
1531	8.827848039062925e-05
1532	8.045101689503877e-05
1533	7.327896552682189e-05
1534	6.671108115314405e-05
1535	6.069979736084732e-05
1536	5.520099071335222e-05
1537	5.0173757770864e-05
1538	4.558020436999445e-05
1539	4.13852466638218e-05
1540	3.755642342968322e-05
1541	3.406371915948981e-05
1542	3.0879397455935365e-05
1543	2.797784426751406e-05
1544	2.5335420505645557e-05
1545	2.293032359831425e-05
1546	2.074245754635616e-05
1547	1.875331106076877e-05
1548	1.6945843372084298e-05
1549	1.5304377315842156e-05
1550	1.381449931144541e-05
1551	1.2462965865107067e-05
1552	1.1237616241119029e-05
1553	1.0127290959243147e-05
1554	9.121755789572117e-06
1555	8.211630929683996e-06
1556	7.388325062270705e-06
1557	6.643974004614041e-06
1558	5.971383674274321e-06
1559	5.363977108112781e-06
1560	4.815745284259904e-06
1561	4.321201508841271e-06
1562	3.875339141159542e-06
1563	3.4735924425862395e-06
1564	3.111800345625663e-06
1565	2.786172950462682e-06
1566	2.4932605667876634e-06
1567	2.229925128797986e-06
1568	1.993313821002405e-06
1569	1.7808347617995817e-06
1570	1.590134600765187e-06
1571	1.4190778941644175e-06
1572	1.2657281314118675e-06
1573	1.1283302930326605e-06
1574	1.0052948281435782e-06
1575	8.951829465772618e-07
1576	7.966931275243076e-07
1577	7.086487529757805e-07
1578	6.299867803216691e-07
1579	5.597473742089167e-07
1580	4.97064423196284e-07
1581	4.4115687187306046e-07
1582	3.913208039455743e-07
1583	3.4692221635067066e-07
1584	3.073904287401153e-07
1585	2.7221207670556827e-07
1586	2.40925640891623e-07
1587	2.1311646768566122e-07
1588	1.8841224048903135e-07
1589	1.6647886367523526e-07
1590	1.470167242381496e-07
1591	1.2975729883729375e-07
1592	1.1446007646802214e-07
1593	1.0090976933221355e-07
1594	8.891378666916862e-08
1595	7.829994833636229e-08
1596	6.891441681437573e-08
1597	6.061982805843222e-08
1598	5.329360323875452e-08
1599	4.6826424911410146e-08
1600	4.112086254800892e-08
1601	3.609013363381302e-08
1602	3.1656987726411726e-08
1603	2.7752701957666297e-08
1604	2.4316177466369096e-08
1605	2.1293127173872758e-08
1606	1.8635346165417338e-08
1607	1.630005672126752e-08
1608	1.4249320759040501e-08
1609	1.2449513106418785e-08
1610	1.0870849626198695e-08
1611	9.486964767437257e-09
1612	8.274533621193714e-09
1613	7.212934020625599e-09
1614	6.283944646374363e-09
1615	5.471475482411244e-09
1616	4.7613273177496115e-09
1617	4.1409773084033285e-09
1618	3.599387904222051e-09
1619	3.1268367091306397e-09
1620	2.7147650830293212e-09
1621	2.355643511207216e-09
1622	2.0428519644619763e-09
1623	1.770573651940812e-09
1624	1.5337007306266964e-09
1625	1.327750681867698e-09
1626	1.148792197750303e-09
1627	9.933795397033742e-10
1628	8.584944396415444e-10
1629	7.414947112741574e-10
1630	6.400688268899154e-10
1631	5.521957938684355e-10
1632	4.761097361830358e-10
1633	4.1026864998958177e-10
1634	3.533268597251837e-10
1635	3.0411075258948806e-10
1636	2.615974154169318e-10
1637	2.2489583928698148e-10
1638	1.9323039423070054e-10
1639	1.659263095032876e-10
1640	1.4239692449122845e-10
1641	1.2213250176163142e-10
1642	1.0469041735913242e-10
1643	8.968656450161685e-11
1644	7.678782558139327e-11
1645	6.570548407983093e-11
1646	5.618946286440659e-11
1647	4.802328855029344e-11
1648	4.101969334782452e-11
1649	3.5016776238864996e-11
1650	2.987465457018376e-11
1651	2.5472545346956894e-11
1652	2.170622276833905e-11
1653	1.8485804971711102e-11
1654	1.5733828634329547e-11
1655	1.3383575102715709e-11
1656	1.137761615467913e-11
1657	9.666551412075487e-12
1658	8.207912872962709e-12
1659	6.965215072171045e-12
1660	5.907132056215129e-12
1661	5.0067847136416414e-12
1662	4.241124072459757e-12
1663	3.5903979952885515e-12
1664	3.037690299657707e-12
1665	2.56852273161992e-12
1666	2.1705114486457735e-12
1667	1.8330707432265367e-12
1668	1.5471576799201908e-12
1669	1.3050521418673474e-12
1670	1.1001675023456652e-12
1671	9.26887765336269e-13
1672	7.804275674858662e-13
1673	6.567119120963594e-13
1674	5.522729225315256e-13
1675	4.641612653388973e-13
1676	3.8987020917160127e-13
1677	3.2727056017807176e-13
1678	2.745549531097096e-13
1679	2.30190184547099e-13
1680	1.928764543745811e-13
1681	1.6151253745752628e-13
1682	1.351660424779873e-13
1683	1.1304803176043771e-13
1684	9.449137703026565e-14
1685	7.893231345681782e-14
1686	6.589472984220604e-14
1687	5.49767979996846e-14
1688	4.5839600592859956e-14
1689	3.819746517462772e-14
1690	3.1809753913314075e-14
1691	2.647389442858823e-14
1692	2.201946806854861e-14
1693	1.8303198525854635e-14
1694	1.520470650850442e-14
1695	1.262291576472848e-14
1696	1.0473012557717695e-14
1697	8.683875080976241e-15
1698	7.195901633395849e-15
1699	5.959176923840684e-15
1700	4.931924897943347e-15
1701	4.079204190638114e-15
1702	3.371808892765284e-15
1703	2.7853429392772597e-15
1704	2.299441218320451e-15
1705	1.8971145836782242e-15
1706	1.5641994300115455e-15
1707	1.2888954489208242e-15
1708	1.061377699553092e-15
1709	8.734712650582357e-16
1710	7.183785811906637e-16
1711	5.904510633370983e-16
1712	4.849979639615254e-16
1713	3.981264987420932e-16
1714	3.266082163203952e-16
1715	2.6776737903604924e-16
1716	2.193877919973566e-16
1717	1.7963508386522144e-16
1718	1.4699192058930522e-16
1719	1.2020403647644245e-16
1720	9.823530683207764e-17
1721	8.02303727239269e-17
1722	6.548356943900565e-17
1723	5.341311295850738e-17
1724	4.353966921397725e-17
1725	3.5468574060389776e-17
1726	2.887509208324777e-17
1727	2.349220316729623e-17
1728	1.910049025561439e-17
1729	1.551977250757144e-17
1730	1.260218730805938e-17
1731	1.0226474133168972e-17
1732	8.293254694662658e-18
1733	6.721138378110806e-18
1734	5.443510861265719e-18
1735	4.40588787896336e-18
1736	3.563736169529127e-18
1737	2.880680351455465e-18
1738	2.327028388871934e-18
1739	1.878559872169405e-18
1740	1.515530953458414e-18
1741	1.2218577598449803e-18
1742	9.844467324162895e-19
1743	7.926458325324669e-19
1744	6.377951093997344e-19
1745	5.128588925356933e-19
1746	4.1212499197144814e-19
1747	3.309588682298528e-19
1748	2.656028652379268e-19
1749	2.1301235895017597e-19
1750	1.7072212629226145e-19
1751	1.3673743605534768e-19
1752	1.0944534959129365e-19
1753	8.754253111502503e-20
1754	6.997653542282036e-20
1755	5.589809000935033e-20
1756	4.462233972399444e-20
1757	3.5597392474525613e-20
1758	2.8378808311299094e-20
1759	2.2608923282861385e-20
1760	1.8000103469041846e-20
1761	1.432119159521485e-20
1762	1.1386545229190614e-20
1763	9.047177213083982e-21
1764	7.183600176421324e-21
1765	5.700051407849096e-21
1766	4.51983506826521e-21
1767	3.581568203177574e-21
1768	2.8361573049355958e-21
1769	2.2443649664566005e-21
1770	1.774852834494761e-21
1771	1.4026087405075208e-21
1772	1.1076834841057272e-21
1773	8.741770230881483e-22
1774	6.894254023061856e-22
1775	5.43349135060925e-22
1776	4.279313466582967e-22
1777	3.368001354785282e-22
1778	2.648945756852734e-22
1779	2.0819779996698647e-22
1780	1.6352384145456145e-22
1781	1.2834752832801277e-22
1782	1.0066883213439956e-22
1783	7.890476850983824e-23
1784	6.180331552608983e-23
1785	4.837491405058883e-23
1786	3.7837997976284796e-23
1787	2.957571175105024e-23
1788	2.31015421238105e-23
1789	1.8032047745360042e-23
1790	1.40652362753188e-23
1791	1.0963431751347834e-23
1792	8.539709522457063e-24
1793	6.647163595666676e-24
1794	5.170421101006965e-24
1795	4.018938230167965e-24
1796	3.1217074665491464e-24
1797	2.4230820322257507e-24
1798	1.87948410949737e-24
1799	1.4568116621212859e-24
1800	1.1283970770251261e-24
1801	8.734013675021455e-25
1802	6.755519209197758e-25
1803	5.221510149239713e-25
1804	4.032975863153099e-25
1805	3.11276830749678e-25
1806	2.400817889466352e-25
1807	1.850386541065801e-25
1808	1.4251352827670896e-25
1809	1.0968309079457826e-25
1810	8.435538079074044e-26
1811	6.482984554748667e-26
1812	4.9788132056606003e-26
1813	3.820893113043954e-26
1814	2.930162555023924e-26
1815	2.2454628101542695e-26
1816	1.7195186954626306e-26
1817	1.315813612068391e-26
1818	1.0061618295452587e-26
1819	7.688238392546837e-27
1820	5.870443802693661e-27
1821	4.479191870392184e-27
1822	3.415171998488791e-27
1823	2.602011568716799e-27
1824	1.9810212542756207e-27
1825	1.5071339654785305e-27
1826	1.1457686337231431e-27
1827	8.704100296850513e-28
1828	6.607425363308592e-28
1829	5.012121618281264e-28
1830	3.799193572021423e-28
1831	2.877671792376864e-28
1832	2.178064028698039e-28
1833	1.6473242686924245e-28
1834	1.2449908115721088e-28
1835	9.402239597227666e-29
1836	7.095354866373534e-29
1837	5.350496522101568e-29
1838	4.031723371193093e-29
1839	3.035732894698219e-29
1840	2.2840841001826883e-29
1841	1.717259152523729e-29
1842	1.2901324929885475e-29
1843	9.685164897380765e-30
1844	7.265298513803218e-30
1845	5.445943716404881e-30
1846	4.0791115089051e-30
1847	3.053024222393386e-30
1848	2.2833193842009083e-30
1849	1.7063743510237515e-30
1850	1.2742442911972873e-30
1851	9.50826553780868e-31
1852	7.089565514022819e-31
1853	5.282106332033423e-31
1854	3.9324512370328848e-31
1855	2.9254166130530635e-31
1856	2.174601851567672e-31
1857	1.615246899784968e-31
1858	1.1988495625040438e-31
1859	8.891121561389e-32
1860	6.588915933500082e-32
1861	4.879062888621357e-32
1862	3.610134362303349e-32
1863	2.6691580048657846e-32
1864	1.971917010742817e-32
1865	1.4556798800155983e-32
1866	1.0737556987478079e-32
1867	7.91419778136254e-33
1868	5.828671623533817e-33
1869	4.289365001634901e-33
1870	3.15410827058387e-33
1871	2.3175004035828917e-33
1872	1.7014614560886622e-33
1873	1.2481964215423288e-33
1874	9.149591723722866e-34
1875	6.701590742297549e-34
1876	4.904682890087324e-34
1877	3.586742878825748e-34
1878	2.620868735753622e-34
1879	1.9135747936742223e-34
1880	1.3960474786796564e-34
1881	1.0176746070844375e-34
1882	7.412609384943017e-35
1883	5.394934072939999e-35
1884	3.923317347172318e-35
1885	2.8508372362438415e-35
1886	2.069867329291735e-35
1887	1.501630609398109e-35
1888	1.0885130529370405e-35
1889	7.88412505530538e-36
1890	5.7058730797292144e-36
1891	4.126091481715293e-36
1892	2.981282575871245e-36
1893	2.1523573250154554e-36
1894	1.552644183819468e-36
1895	1.1191163465062143e-36
1896	8.059788751278861e-37
1897	5.79984767804459e-37
1898	4.170166654409e-37
1899	2.9959427651936303e-37
1900	2.150583311334389e-37
1901	1.5424854144656552e-37
1902	1.1054198826412023e-37
1903	7.915425411958202e-38
1904	5.663193531064395e-38
1905	4.0484433464317896e-38
1906	2.891702525046233e-38
1907	2.0637515347571247e-38
1908	1.4716306026320543e-38
1909	1.0485210994770486e-38
1910	7.46434758177734e-39
1911	5.309360345994977e-39
1912	3.7733541231193265e-39
1913	2.67946006721988e-39
1914	1.901081417406529e-39
1915	1.3476812556956432e-39
1916	9.545661721279215e-40
1917	6.755486124864165e-40
1918	4.776812766842912e-40
1919	3.3748168281387017e-40
1920	2.3822749999092193e-40
1921	1.6802062781378602e-40
1922	1.1840271352841474e-40
1923	8.336588545694784e-41
1924	5.864649372432363e-41
1925	4.1221331999453655e-41
1926	2.8948601110910927e-41
1927	2.031225031145344e-41
1928	1.4240088756082572e-41
1929	9.974493464770763e-42
1930	6.980584640377652e-42
1931	4.881067690948455e-42
1932	3.410038162377453e-42
1933	2.3802595162072694e-42
1934	1.660004733362417e-42
1935	1.1566809108271741e-42
1936	8.052603451643202e-43
1937	5.60114523742327e-43
1938	3.8925518158994e-43
1939	2.7027649945261382e-43
1940	1.8749847823984522e-43
1941	1.29957709689681e-43
1942	8.99954282778791e-44
1943	6.22661765884869e-44
1944	4.3042407297497473e-44
1945	2.97271145845827e-44
1946	2.0512569070534573e-44
1947	1.4141572084820613e-44
1948	9.740581855155573e-45
1949	6.703180540121798e-45
1950	4.608769321387133e-45
1951	3.1658934303918306e-45
1952	2.172771726949747e-45
1953	1.4898331069074933e-45
1954	1.0206246822217333e-45
1955	6.985518586878119e-46
1956	4.776772826496824e-46
1957	3.263420806733682e-46
1958	2.2274775039003744e-46
1959	1.5189886608576861e-46
1960	1.0348940478922201e-46
1961	7.044279670420959e-47
1962	4.790444599387241e-47
1963	3.2547135317748286e-47
1964	2.209258898422054e-47
1965	1.4982232375390095e-47
1966	1.015083316141511e-47
1967	6.871020829974344e-48
1968	4.646590711544551e-48
1969	3.1393541816639226e-48
1970	2.1190348992876983e-48
1971	1.4289826470734278e-48
1972	9.627333178052703e-49
1973	6.479990899641023e-49
1974	4.357438624793707e-49
1975	2.9273576653581945e-49
1976	1.9647489128350083e-49
1977	1.317419890133916e-49
1978	8.825237264852858e-50
1979	5.906261899680186e-50
1980	3.9489557334639754e-50
1981	2.6377534340145993e-50
1982	1.760222648685311e-50
1983	1.1734959446137797e-50
1984	7.815832845338715e-51
1985	5.2005312426624996e-51
1986	3.4569892282791024e-51
1987	2.295753737021211e-51
1988	1.5231006867154634e-51
1989	1.0095016828210789e-51
1990	6.684357579029279e-52
1991	4.421662246502659e-52
1992	2.9220240498261794e-52
1993	1.9290940319363556e-52
1994	1.2723115103439004e-52
1995	8.383068489459656e-53
1996	5.517992673401294e-53
1997	3.6284973860273593e-53
1998	2.383631619272805e-53
1999	1.5642894734024864e-53
2000	1.0255569888903935e-53
2001	6.716858343356004e-54
2002	4.394761530868512e-54
2003	2.8725406843005976e-54
2004	1.8756759994414603e-54
2005	1.2235147749143113e-54
2006	7.972956212492958e-55
2007	5.1902383092066016e-55
2008	3.375296804295011e-55
2009	2.192766422034914e-55
2010	1.4230740231359959e-55
2011	9.22606054046634e-56
2012	5.97527323435668e-56
2013	3.8659022061522626e-56
2014	2.4985873862688414e-56
2015	1.6131983249391385e-56
2016	1.0404697798512745e-56
2017	6.703762388076243e-57
2018	4.31473498916688e-57
2019	2.774181979739165e-57
2020	1.7818042899474133e-57
2021	1.143215781245409e-57
2022	7.327207589616775e-58
2023	4.691262848595345e-58
2024	3.0004122532874232e-58
2025	1.9169504499854165e-58
2026	1.2234283291880036e-58
2027	7.799787237761935e-59
2028	4.967323468818146e-59
2029	3.160068290046772e-59
2030	2.0081849448854816e-59
2031	1.2748028491329246e-59
2032	8.083757640599372e-60
2033	5.120511418676811e-60
2034	3.23997782680197e-60
2035	2.0478503890386446e-60
2036	1.2929470417050633e-60
2037	8.154332284997353e-61
2038	5.137124059203715e-61
2039	3.2327677360431324e-61
2040	2.032125685143592e-61
2041	1.2759893416098794e-61
2042	8.003183009614272e-62
2043	5.014140086354944e-62
2044	3.137956940856319e-62
2045	1.9616118633855775e-62
2046	1.2248799803302812e-62
2047	7.639890248490006e-63
2048	4.759842592372578e-63
2049	2.962161310697907e-63
2050	1.841340949455196e-63
2051	1.143320134371297e-63
2052	7.091014297278486e-64
2053	4.39293187229589e-64
2054	2.718347002575435e-64
2055	1.680189843760535e-64
2056	1.0373219267472318e-64
2057	6.396894732085277e-65
2058	3.940251898530398e-65
2059	2.42424547606856e-65
2060	1.4897922281353887e-65
2061	9.144711126273867e-66
2062	5.606710334273688e-66
2063	3.433513402718941e-66
2064	2.1001993756063274e-66
2065	1.2831342473598736e-66
2066	7.830186345048372e-67
2067	4.772645271222393e-67
2068	2.9055736867531458e-67
2069	1.7668062339928308e-67
2070	1.0730719665649156e-67
2071	6.509539559839274e-68
2072	3.944135048641102e-68
2073	2.3868875008815638e-68
2074	1.4427442922205905e-68
2075	8.710088883288106e-69
2076	5.252065993714276e-69
2077	3.163083653828777e-69
2078	1.9026663557743117e-69
2079	1.1431009639751368e-69
2080	6.859225171428591e-70
2081	4.110858825429266e-70
2082	2.4606826525055578e-70
2083	1.471101692111449e-70
2084	8.783999786847094e-71
2085	5.238451835041981e-71
2086	3.1201328434497712e-71
2087	1.8560991495123827e-71
2088	1.102771851161063e-71
2089	6.543724905274075e-72
2090	3.878088317584283e-72
2091	2.295419606727133e-72
2092	1.3569274534468557e-72
2093	8.011239837481114e-73
2094	4.723781516631525e-73
2095	2.7817956818453053e-73
2096	1.636079472075359e-73
2097	9.61005066560033e-74
2098	5.637511468725205e-74
2099	3.3028437871143373e-74
2100	1.93252805760691e-74
2101	1.129273396019642e-74
2102	6.590315798629867e-75
2103	3.8410106405320774e-75
2104	2.2357088994574907e-75
2105	1.2996121326736464e-75
2106	7.544653518153878e-76
2107	4.374114618163319e-76
2108	2.5325883141821608e-76
2109	1.464403886651815e-76
2110	8.456238535163696e-77
2111	4.876541093055962e-77
2112	2.808426641528714e-77
2113	1.6152101102430115e-77
2114	9.277007527738555e-78
2115	5.321057199576125e-78
2116	3.0478757463345314e-78
2117	1.7434282050666545e-78
2118	9.9590178844087e-79
2119	5.681103953965252e-79
2120	3.2363156415440705e-79
2121	1.841064661029656e-79
2122	1.0458884203243497e-79
2123	5.933321870709765e-80
2124	3.36128075952825e-80
2125	1.9015338968932305e-80
2126	1.0742214414620863e-80
2127	6.059992329464148e-81
2128	3.4137906331849153e-81
2129	1.9203759819455397e-81
2130	1.0787436109310594e-81
2131	6.051050745510025e-82
2132	3.38939300076866e-82
2133	1.895787304300388e-82
2134	1.0588435689124346e-82
2135	5.905361038690402e-83
2136	3.2887548327923058e-83
2137	1.8288785213767882e-83
2138	1.0155573260230692e-83
2139	5.631033949491207e-84
2140	3.117696586284057e-84
2141	1.7236116302242813e-84
2142	9.514866611341535e-85
2143	5.244710876929281e-85
2144	2.8866477019152357e-85
2145	1.5864164744769143e-85
2146	8.705418015537193e-86
2147	4.76989502878499e-86
2148	2.6095916470102544e-86
2149	1.4255372755121777e-86
2150	7.7754338649928015e-87
2151	4.234561427812254e-87
2152	2.3026487825779467e-87
2153	1.2502017854329178e-87
2154	6.777403678616905e-88
2155	3.668386436498747e-88
2156	1.9824988039192396e-88
2157	1.0697309154288559e-88
2158	5.7631182506708634e-89
2159	3.0999842012416474e-89
2160	1.66486098411088e-89
2161	8.927103691257516e-90
2162	4.779195947194687e-90
2163	2.5545139452377975e-90
2164	1.363227736779672e-90
2165	7.26327921347583e-91
2166	3.863658491198531e-91
2167	2.0519361902315672e-91
2168	1.0879915907104835e-91
2169	5.759452729324319e-92
2170	3.0438853859315314e-92
2171	1.6060688471094468e-92
2172	8.460308020391157e-93
2173	4.449300067632501e-93
2174	2.336028049799317e-93
2175	1.2244542371654578e-93
2176	6.407409854023609e-94
2177	3.3473040738899837e-94
2178	1.7457328984215865e-94
2179	9.089241226153295e-95
2180	4.724347996214693e-95
2181	2.4514200976486617e-95
2182	1.269849899861243e-95
2183	6.566636457436477e-96
2184	3.389897976137596e-96
2185	1.7469499494414795e-96
2186	8.987141253522716e-97
2187	4.6153751916670936e-97
2188	2.366104055380453e-97
2189	1.2108743451402805e-97
2190	6.18585488385983e-98
2191	3.1545162483410034e-98
2192	1.6058136996651933e-98
2193	8.159881122201635e-99
2194	4.139002598913762e-99
2195	2.0956929313384824e-99
2196	1.0591965176867408e-99
2197	5.343665032544159e-100
2198	2.690992650600437e-100
2199	1.3526741520356726e-100
2200	6.787002864989538e-101
2201	3.399098717200125e-101
2202	1.6992103454624412e-101
2203	8.47861318000866e-102
2204	4.222731601530442e-102
2205	2.0991803519961444e-102
2206	1.0415743073659548e-102
2207	5.158359221372587e-103
2208	2.5498244704773495e-103
2209	1.258006536709961e-103
2210	6.194780561979421e-104
2211	3.0446393058059505e-104
2212	1.4935133724044774e-104
2213	7.312100385072218e-105
2214	3.5729861319079365e-105
2215	1.7425009963132384e-105
2216	8.481322790083828e-106
2217	4.1200198279405016e-106
2218	1.9974524534552613e-106
2219	9.664764328091177e-107
2220	4.6670233402008227e-107
2221	2.2491516826100676e-107
2222	1.0817421081295413e-107
2223	5.192195802792902e-108
2224	2.4871204015306418e-108
2225	1.1889320470237484e-108
2226	5.671889381968805e-109
2227	2.7002560857834774e-109
2228	1.282875733866168e-109
2229	6.082226395307688e-110
2230	2.877629067284659e-110
2231	1.3586172673844433e-110
2232	6.40096349456784e-111
2233	3.009367670130039e-111
2234	1.411830545124633e-111
2235	6.609415026647019e-112
2236	3.0875376941197917e-112
2237	1.4392158679382157e-112
2238	6.694214536097048e-113
2239	3.1069115218904775e-113
2240	1.4388291596716034e-113
2241	6.648690808224442e-114
2242	3.0655262497769743e-114
2243	1.410299436943926e-114
2244	6.473667213328262e-115
2245	2.9649506179471075e-115
2246	1.3549020046801014e-115
2247	6.177558408233537e-116
2248	2.810215169009493e-116
2249	1.2754726961199735e-116
2250	5.7757280213036814e-117
2251	2.60940403286888e-117
2252	1.1761696205133325e-117
2253	5.289170656409747e-118
2254	2.3729528518198295e-118
2255	1.0621097915176996e-118
2256	4.742674383221843e-119
2257	2.1127376273381551e-119
2258	9.38925014955949e-120
2259	4.162689407929357e-120
2260	1.8410665301203803e-120
2261	8.122914916934034e-121
2262	3.575162536007555e-121
2263	1.5696962039281018e-121
2264	6.874890238436093e-122
2265	3.003589876890033e-122
2266	1.3089844928896495e-122
2267	5.690384683684667e-123
2268	2.4674945378519893e-123
2269	1.0672652206750871e-123
2270	4.6045180146884755e-124
2271	1.981461678355563e-124
2272	8.504931508852309e-125
2273	3.6411075389813256e-125
2274	1.5547750854622934e-125
2275	6.621658791969099e-126
2276	2.8127096105456896e-126
2277	1.1916137895778922e-126
2278	5.034916287893842e-127
2279	2.1217226849863565e-127
2280	8.916985726441674e-128
2281	3.737437995052715e-128
2282	1.5622470496501857e-128
2283	6.512361066266335e-129
2284	2.7072817114980635e-129
2285	1.1223485643977162e-129
2286	4.639962001104978e-130
2287	1.912874230030428e-130
2288	7.863875327390848e-131
2289	3.2237239397468093e-131
2290	1.3177797346438894e-131
2291	5.371359444750511e-132
2292	2.1831048509618304e-132
2293	8.847212465532958e-133
2294	3.57496847779019e-133
2295	1.440337291589666e-133
2296	5.785949897264754e-134
2297	2.3173720697193494e-134
2298	9.253788689450179e-135
2299	3.6841566133675696e-135
2300	1.46232256272919e-135
2301	5.786642791743662e-136
2302	2.282865241733528e-136
2303	8.978330806909822e-137
2304	3.5201743824636317e-137
2305	1.3758700783256688e-137
2306	5.360763803366679e-138
2307	2.082107475046088e-138
2308	8.06116780738395e-139
2309	3.1110153052388472e-139
2310	1.196758759840743e-139
2311	4.588832132134391e-140
2312	1.7537977655919282e-140
2313	6.680811635721247e-141
2314	2.5365404281699332e-141
2315	9.598592542275392e-142
2316	3.620068370239213e-142
2317	1.3606911559202117e-142
2318	5.0971325422139e-143
2319	1.9028552267649614e-143
2320	7.079274935780103e-144
2321	2.6246092187115075e-144
2322	9.696675407616616e-145
2323	3.5698730331858404e-145
2324	1.3096149342370321e-145
2325	4.7872322790210745e-146
2326	1.7436703025801489e-146
2327	6.3280812462128e-147
2328	2.2882116794881346e-147
2329	8.243760196023127e-148
2330	2.959019842606228e-148
2331	1.0581616139170723e-148
2332	3.7698649623766626e-149
2333	1.3380032241532014e-149
2334	4.730791952612569e-150
2335	1.666262600260426e-150
2336	5.846195961567657e-151
2337	2.0431999162655005e-151
2338	7.112839352482709e-152
2339	2.4663611913091183e-152
2340	8.518019136198185e-153
2341	2.9300520213496416e-153
2342	1.0038138424648671e-153
2343	3.4249821359330486e-154
2344	1.1637955131493231e-154
2345	3.93816620321687e-155
2346	1.327076476891497e-155
2347	4.4531544239108365e-156
2348	1.4879714159565274e-156
2349	4.9506402431796514e-157
2350	1.640033771908265e-157
2351	5.409452738430848e-158
2352	1.7764264407422244e-158
2353	5.807891469255721e-159
2354	1.8903877253477273e-159
2355	6.125308128045349e-160
2356	1.975754224509147e-160
2357	6.3437906322054e-161
2358	2.027488787960435e-161
2359	6.449770574577915e-162
2360	2.042153916698431e-162
2361	6.435362443188234e-163
2362	2.0182712608435017e-163
2363	6.2992580951468585e-164
2364	1.956517201714061e-164
2365	6.04704350414922e-165
2366	1.8597223530473714e-165
2367	5.690872371795293e-166
2368	1.7326669480357174e-166
2369	5.248513335768634e-167
2370	1.5816908546500576e-167
2371	4.741871170730644e-168
2372	1.4141619601660201e-168
2373	4.1951533426389465e-169
2374	1.2378655483477187e-169
2375	3.632899054348381e-170
2376	1.0603867148698142e-170
2377	3.078100438481621e-171
2378	8.885562135111723e-172
2379	2.550622968267211e-172
2380	7.280178812220948e-173
2381	2.06607929074111e-173
2382	5.829554343580985e-174
2383	1.6352379551073638e-174
2384	4.5599188116529597e-175
2385	1.263969587829316e-175
2386	3.4825054496591365e-176
2387	9.536618877053265e-177
2388	2.595468281884751e-177
2389	7.019826548478222e-178
2390	1.886672420041418e-178
2391	5.038434354786396e-179
2392	1.3368805611799205e-179
2393	3.52416153885971e-180
2394	9.228961954252992e-181
2395	2.4007710798780223e-181
2396	6.203200410166663e-182
2397	1.59189222730143e-182
2398	4.05703920025844e-183
2399	1.0267544674839889e-183
2400	2.580175544126314e-184
2401	6.437537598313427e-185
2402	1.594556738399354e-185
2403	3.9207650493056734e-186
2404	9.569128938924484e-187
2405	2.3179494317776373e-187
2406	5.572162406765563e-188
2407	1.3291964703399136e-188
2408	3.145984391980284e-189
2409	7.387224062687646e-190
2410	1.7207493321083775e-190
2411	3.9757475478238566e-191
2412	9.110389491283656e-192
2413	2.070250923340977e-192
2414	4.664731706255749e-193
2415	1.0420690424968167e-193
2416	2.307701708257572e-194
2417	5.065497208811053e-195
2418	1.1019660513737495e-195
2419	2.375533370727469e-196
2420	5.073905935970467e-197
2421	1.0736236448745043e-197
2422	2.2502383494210063e-198
2423	4.670985556280833e-199
2424	9.601234800749043e-200
2425	1.953967932266352e-200
2426	3.936505681329725e-201
2427	7.849406525576542e-202
2428	1.5488971981171882e-202
2429	3.0240810085992693e-203
2430	5.840799674738975e-204
2431	1.1157835803648422e-204
2432	2.1078256053468924e-205
2433	3.93688032684073e-206
2434	7.268515476292988e-207
2435	1.3262505684454445e-207
2436	2.3911086577692346e-208
2437	4.258644591057825e-209
2438	7.491058139853505e-210
2439	1.3011058715747262e-210
2440	2.230870377540939e-211
2441	3.7750190268950776e-212
2442	6.302808260383313e-213
2443	1.0380115368822716e-213
2444	1.685784805639644e-214
2445	2.699033092164901e-215
2446	4.258826245994232e-216
2447	6.620820233787679e-217
2448	1.0137551596339079e-217
2449	1.5282958270185484e-218
2450	2.2676843013813563e-219
2451	3.31054927699157e-220
2452	4.753293645655119e-221
2453	6.709561185316518e-222
2454	9.307192934467599e-223
2455	1.2681793421473028e-223
2456	1.6966164817998425e-224
2457	2.2275235595140565e-225
2458	2.868675064061945e-226
2459	3.621889506006845e-227
2460	4.480711350132241e-228
2461	5.428349028254989e-229
2462	6.436291556383846e-230
2463	7.46405678003784e-231
2464	8.4604693353365e-232
2465	9.366706680251615e-233
2466	1.0121088392171283e-233
2467	1.0665247174475095e-234
2468	1.0950969484115945e-235
2469	1.0946711491853449e-236
2470	1.0642668939201469e-237
2471	1.005337385193713e-238
2472	9.217127811220239e-240
2473	8.192118585922584e-241
2474	7.0496993280242975e-242
2475	5.865889816033897e-243
2476	4.712536466942511e-244
2477	3.6496337660449334e-245
2478	2.720036643779529e-246
2479	1.947248357842821e-247
2480	1.336296888978209e-248
2481	8.770936536371077e-250
2482	5.4925718553140634e-251
2483	3.272655019028727e-252
2484	1.8496507502082702e-253
2485	9.882160443977919e-255
2486	4.971645124747237e-256
2487	2.3448402371308442e-257
2488	1.031533664253508e-258
2489	4.2077205857439826e-260
2490	1.5804880440410732e-261
2491	5.4215866497497074e-263
2492	1.6815199196952397e-264
2493	4.657336313700209e-266
2494	1.1339881740680228e-267
2495	2.3777980596775335e-269
2496	4.17462739471598e-271
2497	5.891467538157518e-273
2498	6.265839603482398e-275
2499	4.464250029904102e-277
2500	1.5981173739768864e-279
