k	pvalue
0	0.9999999999997615
1	0.9999999999997615
2	0.9999999999997615
3	0.9999999999997615
4	0.9999999999997615
5	0.9999999999997615
6	0.9999999999997615
7	0.9999999999997615
8	0.9999999999997615
9	0.9999999999997615
10	0.9999999999997615
11	0.9999999999997615
12	0.9999999999997615
13	0.9999999999997615
14	0.9999999999997615
15	0.9999999999997615
16	0.9999999999997615
17	0.9999999999997615
18	0.9999999999997615
19	0.9999999999997615
20	0.9999999999997615
21	0.9999999999997615
22	0.9999999999997615
23	0.9999999999997615
24	0.9999999999997615
25	0.9999999999997615
26	0.9999999999997615
27	0.9999999999997615
28	0.9999999999997615
29	0.9999999999997615
30	0.9999999999997615
31	0.9999999999997615
32	0.9999999999997615
33	0.9999999999997615
34	0.9999999999997615
35	0.9999999999997615
36	0.9999999999997615
37	0.9999999999997615
38	0.9999999999997615
39	0.9999999999997615
40	0.9999999999997615
41	0.9999999999997615
42	0.9999999999997615
43	0.9999999999997615
44	0.9999999999997615
45	0.9999999999997615
46	0.9999999999997615
47	0.9999999999997615
48	0.9999999999997615
49	0.9999999999997615
50	0.9999999999997615
51	0.9999999999997615
52	0.9999999999997615
53	0.9999999999997615
54	0.9999999999997615
55	0.9999999999997615
56	0.9999999999997615
57	0.9999999999997615
58	0.9999999999997615
59	0.9999999999997615
60	0.9999999999997615
61	0.9999999999997615
62	0.9999999999997615
63	0.9999999999997615
64	0.9999999999997615
65	0.9999999999997615
66	0.9999999999997615
67	0.9999999999997615
68	0.9999999999997615
69	0.9999999999997615
70	0.9999999999997615
71	0.9999999999997615
72	0.9999999999997615
73	0.9999999999997615
74	0.9999999999997615
75	0.9999999999997615
76	0.9999999999997615
77	0.9999999999997615
78	0.9999999999997615
79	0.9999999999997615
80	0.9999999999997615
81	0.9999999999997615
82	0.9999999999997615
83	0.9999999999997615
84	0.9999999999997615
85	0.9999999999997615
86	0.9999999999997615
87	0.9999999999997615
88	0.9999999999997615
89	0.9999999999997615
90	0.9999999999997615
91	0.9999999999997615
92	0.9999999999997615
93	0.9999999999997615
94	0.9999999999997615
95	0.9999999999997615
96	0.9999999999997615
97	0.9999999999997615
98	0.9999999999997615
99	0.9999999999997615
100	0.9999999999997615
101	0.9999999999997615
102	0.9999999999997615
103	0.9999999999997615
104	0.9999999999997615
105	0.9999999999997615
106	0.9999999999997615
107	0.9999999999997615
108	0.9999999999997615
109	0.9999999999997615
110	0.9999999999997615
111	0.9999999999997615
112	0.9999999999997615
113	0.9999999999997615
114	0.9999999999997615
115	0.9999999999997615
116	0.9999999999997615
117	0.9999999999997615
118	0.9999999999997615
119	0.9999999999997615
120	0.9999999999997615
121	0.9999999999997615
122	0.9999999999997615
123	0.9999999999997615
124	0.9999999999997615
125	0.9999999999997615
126	0.9999999999997615
127	0.9999999999997615
128	0.9999999999997615
129	0.9999999999997615
130	0.9999999999997615
131	0.9999999999997615
132	0.9999999999997615
133	0.9999999999997615
134	0.9999999999997615
135	0.9999999999997615
136	0.9999999999997615
137	0.9999999999997615
138	0.9999999999997615
139	0.9999999999997615
140	0.9999999999997615
141	0.9999999999997615
142	0.9999999999997615
143	0.9999999999997615
144	0.9999999999997615
145	0.9999999999997615
146	0.9999999999997615
147	0.9999999999997615
148	0.9999999999997615
149	0.9999999999997615
150	0.9999999999997615
151	0.9999999999997615
152	0.9999999999997615
153	0.9999999999997615
154	0.9999999999997615
155	0.9999999999997615
156	0.9999999999997615
157	0.9999999999997615
158	0.9999999999997615
159	0.9999999999997615
160	0.9999999999997615
161	0.9999999999997615
162	0.9999999999997615
163	0.9999999999997615
164	0.9999999999997615
165	0.9999999999997615
166	0.9999999999997615
167	0.9999999999997615
168	0.9999999999997615
169	0.9999999999997615
170	0.9999999999997615
171	0.9999999999997615
172	0.9999999999997615
173	0.9999999999997615
174	0.9999999999997615
175	0.9999999999997615
176	0.9999999999997615
177	0.9999999999997615
178	0.9999999999997615
179	0.9999999999997615
180	0.9999999999997615
181	0.9999999999997615
182	0.9999999999997615
183	0.9999999999997615
184	0.9999999999997615
185	0.9999999999997615
186	0.9999999999997615
187	0.9999999999997615
188	0.9999999999997615
189	0.9999999999997615
190	0.9999999999997615
191	0.9999999999997615
192	0.9999999999997615
193	0.9999999999997615
194	0.9999999999997615
195	0.9999999999997615
196	0.9999999999997615
197	0.9999999999997615
198	0.9999999999997615
199	0.9999999999997615
200	0.9999999999997615
201	0.9999999999997615
202	0.9999999999997615
203	0.9999999999997615
204	0.9999999999997615
205	0.9999999999997615
206	0.9999999999997615
207	0.9999999999997615
208	0.9999999999997615
209	0.9999999999997615
210	0.9999999999997615
211	0.9999999999997615
212	0.9999999999997615
213	0.9999999999997615
214	0.9999999999997615
215	0.9999999999997615
216	0.9999999999997615
217	0.9999999999997615
218	0.9999999999997615
219	0.9999999999997615
220	0.9999999999997615
221	0.9999999999997615
222	0.9999999999997615
223	0.9999999999997615
224	0.9999999999997615
225	0.9999999999997615
226	0.9999999999997615
227	0.9999999999997615
228	0.9999999999997615
229	0.9999999999997615
230	0.9999999999997615
231	0.9999999999997615
232	0.9999999999997615
233	0.9999999999997615
234	0.9999999999997615
235	0.9999999999997615
236	0.9999999999997615
237	0.9999999999997615
238	0.9999999999997615
239	0.9999999999997615
240	0.9999999999997615
241	0.9999999999997615
242	0.9999999999997615
243	0.9999999999997615
244	0.9999999999997615
245	0.9999999999997615
246	0.9999999999997615
247	0.9999999999997615
248	0.9999999999997615
249	0.9999999999997615
250	0.9999999999997615
251	0.9999999999997615
252	0.9999999999997615
253	0.9999999999997615
254	0.9999999999997615
255	0.9999999999997615
256	0.9999999999997615
257	0.9999999999997615
258	0.9999999999997615
259	0.9999999999997615
260	0.9999999999997615
261	0.9999999999997615
262	0.9999999999997615
263	0.9999999999997615
264	0.9999999999997615
265	0.9999999999997615
266	0.9999999999997615
267	0.9999999999997615
268	0.9999999999997615
269	0.9999999999997615
270	0.9999999999997615
271	0.9999999999997615
272	0.9999999999997615
273	0.9999999999997615
274	0.9999999999997615
275	0.9999999999997615
276	0.9999999999997615
277	0.9999999999997615
278	0.9999999999997615
279	0.9999999999997615
280	0.9999999999997615
281	0.9999999999997615
282	0.9999999999997615
283	0.9999999999997615
284	0.9999999999997615
285	0.9999999999997615
286	0.9999999999997615
287	0.9999999999997615
288	0.9999999999997615
289	0.9999999999997615
290	0.9999999999997615
291	0.9999999999997615
292	0.9999999999997615
293	0.9999999999997615
294	0.9999999999997615
295	0.9999999999997615
296	0.9999999999997615
297	0.9999999999997615
298	0.9999999999997615
299	0.9999999999997615
300	0.9999999999997615
301	0.9999999999997615
302	0.9999999999997615
303	0.9999999999997615
304	0.9999999999997615
305	0.9999999999997615
306	0.9999999999997615
307	0.9999999999997615
308	0.9999999999997615
309	0.9999999999997615
310	0.9999999999997615
311	0.9999999999997615
312	0.9999999999997615
313	0.9999999999997615
314	0.9999999999997615
315	0.9999999999997615
316	0.9999999999997615
317	0.9999999999997615
318	0.9999999999997615
319	0.9999999999997615
320	0.9999999999997615
321	0.9999999999997615
322	0.9999999999997615
323	0.9999999999997615
324	0.9999999999997615
325	0.9999999999997615
326	0.9999999999997615
327	0.9999999999997615
328	0.9999999999997615
329	0.9999999999997615
330	0.9999999999997615
331	0.9999999999997615
332	0.9999999999997615
333	0.9999999999997615
334	0.9999999999997615
335	0.9999999999997615
336	0.9999999999997615
337	0.9999999999997615
338	0.9999999999997615
339	0.9999999999997615
340	0.9999999999997615
341	0.9999999999997615
342	0.9999999999997615
343	0.9999999999997615
344	0.9999999999997615
345	0.9999999999997615
346	0.9999999999997615
347	0.9999999999997615
348	0.9999999999997615
349	0.9999999999997615
350	0.9999999999997615
351	0.9999999999997615
352	0.9999999999997615
353	0.9999999999997615
354	0.9999999999997615
355	0.9999999999997615
356	0.9999999999997615
357	0.9999999999997615
358	0.9999999999997615
359	0.9999999999997615
360	0.9999999999997615
361	0.9999999999997615
362	0.9999999999997615
363	0.9999999999997615
364	0.9999999999997615
365	0.9999999999997615
366	0.9999999999997615
367	0.9999999999997615
368	0.9999999999997615
369	0.9999999999997615
370	0.9999999999997615
371	0.9999999999997615
372	0.9999999999997615
373	0.9999999999997615
374	0.9999999999997615
375	0.9999999999997615
376	0.9999999999997615
377	0.9999999999997615
378	0.9999999999997615
379	0.9999999999997615
380	0.9999999999997615
381	0.9999999999997615
382	0.9999999999997615
383	0.9999999999997615
384	0.9999999999997615
385	0.9999999999997615
386	0.9999999999997615
387	0.9999999999997615
388	0.9999999999997615
389	0.9999999999997615
390	0.9999999999997615
391	0.9999999999997615
392	0.9999999999997615
393	0.9999999999997615
394	0.9999999999997615
395	0.9999999999997615
396	0.9999999999997615
397	0.9999999999997615
398	0.9999999999997615
399	0.9999999999997615
400	0.9999999999997615
401	0.9999999999997615
402	0.9999999999997615
403	0.9999999999997615
404	0.9999999999997615
405	0.9999999999997615
406	0.9999999999997615
407	0.9999999999997615
408	0.9999999999997615
409	0.9999999999997615
410	0.9999999999997615
411	0.9999999999997615
412	0.9999999999997615
413	0.9999999999997615
414	0.9999999999997615
415	0.9999999999997615
416	0.9999999999997615
417	0.9999999999997615
418	0.9999999999997615
419	0.9999999999997615
420	0.9999999999997615
421	0.9999999999997615
422	0.9999999999997615
423	0.9999999999997615
424	0.9999999999997615
425	0.9999999999997615
426	0.9999999999997615
427	0.9999999999997615
428	0.9999999999997615
429	0.9999999999997615
430	0.9999999999997615
431	0.9999999999997615
432	0.9999999999997615
433	0.9999999999997615
434	0.9999999999997615
435	0.9999999999997615
436	0.9999999999997615
437	0.9999999999997615
438	0.9999999999997615
439	0.9999999999997615
440	0.9999999999997615
441	0.9999999999997615
442	0.9999999999997615
443	0.9999999999997615
444	0.9999999999997615
445	0.9999999999997615
446	0.9999999999997615
447	0.9999999999997615
448	0.9999999999997615
449	0.9999999999997615
450	0.9999999999997615
451	0.9999999999997615
452	0.9999999999997615
453	0.9999999999997615
454	0.9999999999997615
455	0.9999999999997615
456	0.9999999999997615
457	0.9999999999997615
458	0.9999999999997615
459	0.9999999999997615
460	0.9999999999997615
461	0.9999999999997615
462	0.9999999999997615
463	0.9999999999997615
464	0.9999999999997615
465	0.9999999999997615
466	0.9999999999997615
467	0.9999999999997615
468	0.9999999999997615
469	0.9999999999997615
470	0.9999999999997615
471	0.9999999999997615
472	0.9999999999997615
473	0.9999999999997615
474	0.9999999999997615
475	0.9999999999997615
476	0.9999999999997615
477	0.9999999999997615
478	0.9999999999997615
479	0.9999999999997615
480	0.9999999999997615
481	0.9999999999997615
482	0.9999999999997615
483	0.9999999999997615
484	0.9999999999997615
485	0.9999999999997615
486	0.9999999999997615
487	0.9999999999997615
488	0.9999999999997615
489	0.9999999999997615
490	0.9999999999997615
491	0.9999999999997615
492	0.9999999999997615
493	0.9999999999997615
494	0.9999999999997615
495	0.9999999999997615
496	0.9999999999997615
497	0.9999999999997615
498	0.9999999999997615
499	0.9999999999997615
500	0.9999999999997615
501	0.9999999999997615
502	0.9999999999997615
503	0.9999999999997615
504	0.9999999999997615
505	0.9999999999997615
506	0.9999999999997615
507	0.9999999999997615
508	0.9999999999997615
509	0.9999999999997615
510	0.9999999999997615
511	0.9999999999997615
512	0.9999999999997615
513	0.9999999999997615
514	0.9999999999997615
515	0.9999999999997615
516	0.9999999999997615
517	0.9999999999997615
518	0.9999999999997615
519	0.9999999999997615
520	0.9999999999997615
521	0.9999999999997615
522	0.9999999999997615
523	0.9999999999997615
524	0.9999999999997615
525	0.9999999999997615
526	0.9999999999997615
527	0.9999999999997615
528	0.9999999999997615
529	0.9999999999997615
530	0.9999999999997615
531	0.9999999999997615
532	0.9999999999997615
533	0.9999999999997615
534	0.9999999999997615
535	0.9999999999997615
536	0.9999999999997615
537	0.9999999999997615
538	0.9999999999997615
539	0.9999999999997615
540	0.9999999999997615
541	0.9999999999997615
542	0.9999999999997615
543	0.9999999999997615
544	0.9999999999997615
545	0.9999999999997615
546	0.9999999999997615
547	0.9999999999997615
548	0.9999999999997615
549	0.9999999999997615
550	0.9999999999997615
551	0.9999999999997615
552	0.9999999999997615
553	0.9999999999997615
554	0.9999999999997615
555	0.9999999999997615
556	0.9999999999997615
557	0.9999999999997615
558	0.9999999999997615
559	0.9999999999997615
560	0.9999999999997615
561	0.9999999999997615
562	0.9999999999997615
563	0.9999999999997615
564	0.9999999999997615
565	0.9999999999997615
566	0.9999999999997615
567	0.9999999999997615
568	0.9999999999997615
569	0.9999999999997615
570	0.9999999999997615
571	0.9999999999997615
572	0.9999999999997615
573	0.9999999999997615
574	0.9999999999997615
575	0.9999999999997615
576	0.9999999999997615
577	0.9999999999997615
578	0.9999999999997615
579	0.9999999999997615
580	0.9999999999997615
581	0.9999999999997615
582	0.9999999999997615
583	0.9999999999997615
584	0.9999999999997615
585	0.9999999999997615
586	0.9999999999997615
587	0.9999999999997615
588	0.9999999999997615
589	0.9999999999997615
590	0.9999999999997615
591	0.9999999999997615
592	0.9999999999997615
593	0.9999999999997615
594	0.9999999999997615
595	0.9999999999997615
596	0.9999999999997615
597	0.9999999999997615
598	0.9999999999997615
599	0.9999999999997615
600	0.9999999999997615
601	0.9999999999997615
602	0.9999999999997615
603	0.9999999999997615
604	0.9999999999997615
605	0.9999999999997615
606	0.9999999999997615
607	0.9999999999997615
608	0.9999999999997615
609	0.9999999999997615
610	0.9999999999997615
611	0.9999999999997615
612	0.9999999999997615
613	0.9999999999997615
614	0.9999999999997615
615	0.9999999999997615
616	0.9999999999997615
617	0.9999999999997615
618	0.9999999999997615
619	0.9999999999997615
620	0.9999999999997615
621	0.9999999999997615
622	0.9999999999997615
623	0.9999999999997615
624	0.9999999999997615
625	0.9999999999997615
626	0.9999999999997615
627	0.9999999999997615
628	0.9999999999997615
629	0.9999999999997615
630	0.9999999999997615
631	0.9999999999997615
632	0.9999999999997615
633	0.9999999999997615
634	0.9999999999997615
635	0.9999999999997615
636	0.9999999999997615
637	0.9999999999997615
638	0.9999999999997615
639	0.9999999999997615
640	0.9999999999997615
641	0.9999999999997615
642	0.9999999999997615
643	0.9999999999997615
644	0.9999999999997615
645	0.9999999999997615
646	0.9999999999997615
647	0.9999999999997615
648	0.9999999999997615
649	0.9999999999997615
650	0.9999999999997615
651	0.9999999999997615
652	0.9999999999997615
653	0.9999999999997615
654	0.9999999999997615
655	0.9999999999997615
656	0.9999999999997615
657	0.9999999999997615
658	0.9999999999997615
659	0.9999999999997615
660	0.9999999999997615
661	0.9999999999997615
662	0.9999999999997615
663	0.9999999999997615
664	0.9999999999997615
665	0.9999999999997615
666	0.9999999999997615
667	0.9999999999997615
668	0.9999999999997615
669	0.9999999999997615
670	0.9999999999997615
671	0.9999999999997615
672	0.9999999999997615
673	0.9999999999997615
674	0.9999999999997615
675	0.9999999999997615
676	0.9999999999997615
677	0.9999999999997615
678	0.9999999999997615
679	0.9999999999997615
680	0.9999999999997615
681	0.9999999999997615
682	0.9999999999997615
683	0.9999999999997615
684	0.9999999999997615
685	0.9999999999997615
686	0.9999999999997615
687	0.9999999999997615
688	0.9999999999997615
689	0.9999999999997615
690	0.9999999999997615
691	0.9999999999997615
692	0.9999999999997615
693	0.9999999999997615
694	0.9999999999997615
695	0.9999999999997615
696	0.9999999999997615
697	0.9999999999997615
698	0.9999999999997615
699	0.9999999999997615
700	0.9999999999997615
701	0.9999999999997615
702	0.9999999999997615
703	0.9999999999997615
704	0.9999999999997615
705	0.9999999999997615
706	0.9999999999997615
707	0.9999999999997615
708	0.9999999999997615
709	0.9999999999997615
710	0.9999999999997615
711	0.9999999999997615
712	0.9999999999997615
713	0.9999999999997615
714	0.9999999999997615
715	0.9999999999997615
716	0.9999999999997615
717	0.9999999999997615
718	0.9999999999997615
719	0.9999999999997615
720	0.9999999999997615
721	0.9999999999997615
722	0.9999999999997615
723	0.9999999999997615
724	0.9999999999997615
725	0.9999999999997615
726	0.9999999999997615
727	0.9999999999997615
728	0.9999999999997615
729	0.9999999999997615
730	0.9999999999997615
731	0.9999999999997615
732	0.9999999999997615
733	0.9999999999997615
734	0.9999999999997615
735	0.9999999999997615
736	0.9999999999997615
737	0.9999999999997615
738	0.9999999999997615
739	0.9999999999997615
740	0.9999999999997615
741	0.9999999999997615
742	0.9999999999997615
743	0.9999999999997615
744	0.9999999999997615
745	0.9999999999997615
746	0.9999999999997615
747	0.9999999999997615
748	0.9999999999997615
749	0.9999999999997615
750	0.9999999999997615
751	0.9999999999997615
752	0.9999999999997615
753	0.9999999999997615
754	0.9999999999997615
755	0.9999999999997615
756	0.9999999999997615
757	0.9999999999997615
758	0.9999999999997615
759	0.9999999999997615
760	0.9999999999997615
761	0.9999999999997615
762	0.9999999999997615
763	0.9999999999997615
764	0.9999999999997615
765	0.9999999999997615
766	0.9999999999997615
767	0.9999999999997615
768	0.9999999999997615
769	0.9999999999997615
770	0.9999999999997615
771	0.9999999999997615
772	0.9999999999997615
773	0.9999999999997615
774	0.9999999999997615
775	0.9999999999997615
776	0.9999999999997615
777	0.9999999999997615
778	0.9999999999997615
779	0.9999999999997615
780	0.9999999999997615
781	0.9999999999997615
782	0.9999999999997615
783	0.9999999999997615
784	0.9999999999997615
785	0.9999999999997615
786	0.9999999999997615
787	0.9999999999997615
788	0.9999999999997615
789	0.9999999999997615
790	0.9999999999997615
791	0.9999999999997615
792	0.9999999999997615
793	0.9999999999997615
794	0.9999999999997615
795	0.9999999999997615
796	0.9999999999997615
797	0.9999999999997615
798	0.9999999999997615
799	0.9999999999997615
800	0.9999999999997615
801	0.9999999999997615
802	0.9999999999997615
803	0.9999999999997615
804	0.9999999999997615
805	0.9999999999997615
806	0.9999999999997615
807	0.9999999999997615
808	0.9999999999997615
809	0.9999999999997615
810	0.9999999999997615
811	0.9999999999997615
812	0.9999999999997615
813	0.9999999999997615
814	0.9999999999997615
815	0.9999999999997615
816	0.9999999999997615
817	0.9999999999997615
818	0.9999999999997615
819	0.9999999999997615
820	0.9999999999997615
821	0.9999999999997615
822	0.9999999999997615
823	0.9999999999997615
824	0.9999999999997615
825	0.9999999999997615
826	0.9999999999997615
827	0.9999999999997615
828	0.9999999999997615
829	0.9999999999997615
830	0.9999999999997615
831	0.9999999999997615
832	0.9999999999997615
833	0.9999999999997615
834	0.9999999999997615
835	0.9999999999997615
836	0.9999999999997615
837	0.9999999999997615
838	0.9999999999997615
839	0.9999999999997615
840	0.9999999999997615
841	0.9999999999997615
842	0.9999999999997615
843	0.9999999999997615
844	0.9999999999997615
845	0.9999999999997615
846	0.9999999999997615
847	0.9999999999997615
848	0.9999999999997615
849	0.9999999999997615
850	0.9999999999997615
851	0.9999999999997615
852	0.9999999999997615
853	0.9999999999997615
854	0.9999999999997615
855	0.9999999999997615
856	0.9999999999997615
857	0.9999999999997615
858	0.9999999999997615
859	0.9999999999997615
860	0.9999999999997615
861	0.9999999999997615
862	0.9999999999997615
863	0.9999999999997615
864	0.9999999999997615
865	0.9999999999997615
866	0.9999999999997615
867	0.9999999999997615
868	0.9999999999997615
869	0.9999999999997615
870	0.9999999999997615
871	0.9999999999997615
872	0.9999999999997615
873	0.9999999999997615
874	0.9999999999997615
875	0.9999999999997615
876	0.9999999999997615
877	0.9999999999997615
878	0.9999999999997615
879	0.9999999999997615
880	0.9999999999997615
881	0.9999999999997615
882	0.9999999999997615
883	0.9999999999997615
884	0.9999999999997615
885	0.9999999999997615
886	0.9999999999997615
887	0.9999999999997615
888	0.9999999999997615
889	0.9999999999997615
890	0.9999999999997615
891	0.9999999999997615
892	0.9999999999997615
893	0.9999999999997615
894	0.9999999999997615
895	0.9999999999997615
896	0.9999999999997615
897	0.9999999999997615
898	0.9999999999997615
899	0.9999999999997615
900	0.9999999999997615
901	0.9999999999997615
902	0.9999999999997615
903	0.9999999999997615
904	0.9999999999997615
905	0.9999999999997615
906	0.9999999999997615
907	0.9999999999997615
908	0.9999999999997615
909	0.9999999999997615
910	0.9999999999997615
911	0.9999999999997615
912	0.9999999999997615
913	0.9999999999997615
914	0.9999999999997615
915	0.9999999999997615
916	0.9999999999997615
917	0.9999999999997615
918	0.9999999999997615
919	0.9999999999997615
920	0.9999999999997615
921	0.9999999999997615
922	0.9999999999997615
923	0.9999999999997615
924	0.9999999999997615
925	0.9999999999997615
926	0.9999999999997615
927	0.9999999999997615
928	0.9999999999997615
929	0.9999999999997615
930	0.9999999999997615
931	0.9999999999997615
932	0.9999999999997615
933	0.9999999999997615
934	0.9999999999997615
935	0.9999999999997615
936	0.9999999999997615
937	0.9999999999997615
938	0.9999999999997615
939	0.9999999999997615
940	0.9999999999997615
941	0.9999999999997615
942	0.9999999999997615
943	0.9999999999997615
944	0.9999999999997615
945	0.9999999999997615
946	0.9999999999997615
947	0.9999999999997615
948	0.9999999999997615
949	0.9999999999997615
950	0.9999999999997615
951	0.9999999999997615
952	0.9999999999997615
953	0.9999999999997615
954	0.9999999999997615
955	0.9999999999997615
956	0.9999999999997615
957	0.9999999999997615
958	0.9999999999997615
959	0.9999999999997615
960	0.9999999999997615
961	0.9999999999997615
962	0.9999999999997615
963	0.9999999999997615
964	0.9999999999997615
965	0.9999999999997615
966	0.9999999999997615
967	0.9999999999997615
968	0.9999999999997615
969	0.9999999999997615
970	0.9999999999997615
971	0.9999999999997615
972	0.9999999999997615
973	0.9999999999997615
974	0.9999999999997615
975	0.9999999999997615
976	0.9999999999997615
977	0.9999999999997615
978	0.9999999999997615
979	0.9999999999997615
980	0.9999999999997615
981	0.9999999999997615
982	0.9999999999997615
983	0.9999999999997615
984	0.9999999999997615
985	0.9999999999997615
986	0.9999999999997615
987	0.9999999999997615
988	0.9999999999997615
989	0.9999999999997615
990	0.9999999999997615
991	0.9999999999997615
992	0.9999999999997615
993	0.9999999999997615
994	0.9999999999997615
995	0.9999999999997615
996	0.9999999999997615
997	0.9999999999997615
998	0.9999999999997615
999	0.9999999999997614
1000	0.9999999999997614
1001	0.9999999999997614
1002	0.9999999999997614
1003	0.9999999999997614
1004	0.9999999999997614
1005	0.9999999999997614
1006	0.9999999999997614
1007	0.9999999999997614
1008	0.9999999999997613
1009	0.9999999999997613
1010	0.9999999999997613
1011	0.9999999999997612
1012	0.9999999999997612
1013	0.9999999999997611
1014	0.9999999999997611
1015	0.999999999999761
1016	0.9999999999997609
1017	0.9999999999997607
1018	0.9999999999997605
1019	0.9999999999997604
1020	0.9999999999997602
1021	0.9999999999997599
1022	0.9999999999997596
1023	0.9999999999997592
1024	0.9999999999997587
1025	0.9999999999997582
1026	0.9999999999997575
1027	0.9999999999997568
1028	0.9999999999997559
1029	0.9999999999997548
1030	0.9999999999997534
1031	0.9999999999997519
1032	0.99999999999975
1033	0.9999999999997478
1034	0.999999999999745
1035	0.9999999999997419
1036	0.9999999999997381
1037	0.9999999999997337
1038	0.9999999999997283
1039	0.999999999999722
1040	0.9999999999997145
1041	0.9999999999997056
1042	0.999999999999695
1043	0.9999999999996826
1044	0.9999999999996678
1045	0.9999999999996504
1046	0.9999999999996297
1047	0.9999999999996053
1048	0.9999999999995764
1049	0.9999999999995425
1050	0.9999999999995023
1051	0.9999999999994549
1052	0.9999999999993991
1053	0.9999999999993333
1054	0.9999999999992559
1055	0.9999999999991648
1056	0.9999999999990576
1057	0.9999999999989316
1058	0.9999999999987836
1059	0.9999999999986098
1060	0.9999999999984058
1061	0.9999999999981666
1062	0.999999999997886
1063	0.9999999999975574
1064	0.9999999999971724
1065	0.9999999999967218
1066	0.9999999999961947
1067	0.9999999999955783
1068	0.9999999999948581
1069	0.9999999999940168
1070	0.9999999999930347
1071	0.9999999999918887
1072	0.9999999999905524
1073	0.999999999988995
1074	0.9999999999871807
1075	0.9999999999850683
1076	0.9999999999826102
1077	0.9999999999797513
1078	0.9999999999764281
1079	0.999999999972567
1080	0.9999999999680836
1081	0.9999999999628802
1082	0.9999999999568445
1083	0.999999999949847
1084	0.9999999999417387
1085	0.9999999999323482
1086	0.9999999999214787
1087	0.9999999999089038
1088	0.9999999998943634
1089	0.9999999998775595
1090	0.99999999985815
1091	0.9999999998357425
1092	0.9999999998098877
1093	0.9999999997800711
1094	0.9999999997457037
1095	0.9999999997061118
1096	0.9999999996605252
1097	0.999999999608064
1098	0.9999999995477231
1099	0.9999999994783558
1100	0.9999999993986538
1101	0.9999999993071256
1102	0.9999999992020716
1103	0.9999999990815567
1104	0.9999999989433779
1105	0.9999999987850299
1106	0.9999999986036637
1107	0.9999999983960428
1108	0.9999999981584914
1109	0.9999999978868372
1110	0.9999999975763479
1111	0.9999999972216578
1112	0.999999996816687
1113	0.9999999963545506
1114	0.9999999958274556
1115	0.9999999952265863
1116	0.9999999945419763
1117	0.9999999937623635
1118	0.9999999928750294
1119	0.9999999918656187
1120	0.9999999907179379
1121	0.9999999894137293
1122	0.99999998793242
1123	0.9999999862508414
1124	0.9999999843429157
1125	0.9999999821793073
1126	0.9999999797270341
1127	0.9999999769490354
1128	0.99999997380369
1129	0.9999999702442814
1130	0.9999999662184043
1131	0.9999999616673029
1132	0.9999999565251398
1133	0.9999999507181834
1134	0.9999999441639068
1135	0.9999999367699912
1136	0.9999999284332219
1137	0.9999999190382665
1138	0.9999999084563248
1139	0.9999998965436372
1140	0.9999998831398368
1141	0.9999998680661315
1142	0.9999998511232993
1143	0.9999998320894786
1144	0.9999998107177342
1145	0.9999997867333789
1146	0.9999997598310254
1147	0.9999997296713484
1148	0.999999695877524
1149	0.9999996580313225
1150	0.9999996156688208
1151	0.9999995682757005
1152	0.9999995152820966
1153	0.999999456056955
1154	0.9999993899018577
1155	0.9999993160442706
1156	0.9999992336301619
1157	0.9999991417159401
1158	0.9999990392596545
1159	0.9999989251113957
1160	0.999998798002831
1161	0.9999986565358052
1162	0.9999984991699298
1163	0.9999983242090804
1164	0.9999981297867182
1165	0.9999979138499392
1166	0.9999976741421577
1167	0.999997408184316
1168	0.9999971132545111
1169	0.9999967863659173
1170	0.9999964242428823
1171	0.9999960232950594
1172	0.9999955795894371
1173	0.9999950888201126
1174	0.9999945462756539
1175	0.9999939468038785
1176	0.9999932847738744
1177	0.9999925540350727
1178	0.9999917478731779
1179	0.9999908589627445
1180	0.9999898793161838
1181	0.9999888002289696
1182	0.9999876122208033
1183	0.999986304972485
1184	0.9999848672582262
1185	0.9999832868731298
1186	0.9999815505555476
1187	0.9999796439040156
1188	0.9999775512884552
1189	0.9999752557553141
1190	0.9999727389263116
1191	0.999969980890437
1192	0.9999669600888417
1193	0.9999636531922493
1194	0.9999600349705019
1195	0.9999560781538421
1196	0.9999517532855279
1197	0.9999470285653592
1198	0.9999418696836913
1199	0.9999362396454966
1200	0.9999300985840316
1201	0.9999234035636548
1202	0.9999161083713389
1203	0.9999081632964119
1204	0.9998995148980588
1205	0.9998901057601157
1206	0.9998798742326801
1207	0.9998687541600714
1208	0.9998566745946682
1209	0.9998435594961617
1210	0.9998293274157632
1211	0.999813891164921
1212	0.9997971574681042
1213	0.9997790265992317
1214	0.9997593920013383
1215	0.9997381398890877
1216	0.9997151488337681
1217	0.9996902893304298
1218	0.999663423346853
1219	0.9996344038540679
1220	0.9996030743381852
1221	0.9995692682933339
1222	0.9995328086955511
1223	0.9994935074575113
1224	0.9994511648640426
1225	0.9994055689884255
1226	0.9993564950895395
1227	0.9993037049899842
1228	0.9992469464353717
1229	0.999185952435065
1230	0.9991204405847166
1231	0.9990501123710424
1232	0.9989746524593617
1233	0.9988937279645225
1234	0.9988069877059325
1235	0.998714061447521
1236	0.9986145591235602
1237	0.9985080700513921
1238	0.9983941621322177
1239	0.9982723810412306
1240	0.9981422494084972
1241	0.998003265992115
1242	0.9978549048453107
1243	0.9976966144792736
1244	0.9975278170236539
1245	0.9973479073867967
1246	0.9971562524179195
1247	0.9969521900735823
1248	0.9967350285909409
1249	0.9965040456704168
1250	0.996258487670556
1251	0.995997568817989
1252	0.9957204704355433
1253	0.9954263401916965
1254	0.9951142913746843
1255	0.9947834021947142
1256	0.9944327151178521
1257	0.994061236235271
1258	0.993667934671659
1259	0.9932517420366919
1260	0.9928115519235657
1261	0.9923462194586778
1262	0.9918545609066155
1263	0.9913353533346806
1264	0.9907873343412322
1265	0.9902092018521693
1266	0.9895996139899024
1267	0.9889571890191795
1268	0.9882805053741252
1269	0.9875681017708362
1270	0.9868184774098392
1271	0.9860300922726648
1272	0.9852013675167194
1273	0.9843306859725431
1274	0.983416392747437
1275	0.9824567959393026
1276	0.9814501674643951
1277	0.9803947440025077
1278	0.9792887280629168
1279	0.9781302891741979
1280	0.9769175652007821
1281	0.9756486637888628
1282	0.9743216639439785
1283	0.9729346177422918
1284	0.9714855521772584
1285	0.9699724711430278
1286	0.9683933575555526
1287	0.9667461756119894
1288	0.9650288731885667
1289	0.9632393843766649
1290	0.9613756321564094
1291	0.9594355312066128
1292	0.9574169908494257
1293	0.95531791812756
1294	0.9531362210114475
1295	0.9508698117331745
1296	0.9485166102435145
1297	0.9460745477878385
1298	0.9435415705961545
1299	0.9409156436819739
1300	0.9381947547441667
1301	0.9353769181654211
1302	0.9324601791003811
1303	0.9294426176460047
1304	0.9263223530861543
1305	0.9230975482019187
1306	0.9197664136386576
1307	0.9163272123202755
1308	0.9127782639007584
1309	0.9091179492425598
1310	0.9053447149109937
1311	0.9014570776733924
1312	0.897453628991417
1313	0.8933330394945599
1314	0.8890940634225771
1315	0.8847355430243128
1316	0.8802564129001366
1317	0.8756557042750297
1318	0.8709325491891897
1319	0.8660861845929204
1320	0.8611159563325052
1321	0.8560213230137433
1322	0.8508018597298573
1323	0.8454572616405598
1324	0.8399873473891942
1325	0.8343920623450471
1326	0.8286714816581566
1327	0.822825813114228
1328	0.8168553997776015
1329	0.8107607224106026
1330	0.804542401658045
1331	0.798201199986144
1332	0.7917380233656357
1333	0.7851539226894866
1334	0.778450094916209
1335	0.7716278839304802
1336	0.7646887811134837
1337	0.7576344256161573
1338	0.750466604329334
1339	0.7431872515456043
1340	0.7357984483085984
1341	0.7283024214462934
1342	0.7207015422858787
1343	0.7129983250486704
1344	0.705195424924539
1345	0.6972956358263053
1346	0.6893018878255642
1347	0.6812172442724117
1348	0.6730448986025597
1349	0.6647881708363516
1350	0.6564505037751948
1351	0.6480354589019399
1352	0.6395467119927248
1353	0.6309880484487809
1354	0.6223633583576524
1355	0.6136766312942155
1356	0.6049319508727761
1357	0.5961334890624057
1358	0.5872855002784965
1359	0.5783923152643121
1360	0.569458334777058
1361	0.5604880230936904
1362	0.551485901352334
1363	0.5424565407457717
1364	0.533404555584006
1365	0.5243345962433721
1366	0.515251342020095
1367	0.5061594939065437
1368	0.49706376730871576
1369	0.48796888472371464
1370	0.47887956839613066
1371	0.4698005329723278
1372	0.46073647817165253
1373	0.4516920814935313
1374	0.4426719909793028
1375	0.4336808180474435
1376	0.4247231304205888
1377	0.415803445162432
1378	0.40692622184219546
1379	0.39809585584392015
1380	0.3893166718373101
1381	0.38059291742629814
1382	0.371928756990875
1383	0.3633282657370476
1384	0.35479542396906016
1385	0.34633411159724165
1386	0.3379481028940196
1387	0.3296410615097857
1388	0.32141653575940243
1389	0.3132779541892138
1390	0.3052286214334695
1391	0.2972717143680937
1392	0.28941027856873125
1393	0.2816472250789935
1394	0.27398532749379845
1395	0.2664272193616746
1396	0.25897539190886093
1397	0.2516321920870077
1398	0.24439982094525822
1399	0.2372803323264758
1400	0.23027563188638472
1401	0.22338747643340898
1402	0.21661747358603595
1403	0.20996708174359902
1404	0.20343761036546823
1405	0.19703022055276734
1406	0.1907459259259002
1407	0.18458559379037046
1408	0.17854994658262385
1409	0.17263956358692858
1410	0.16685488291364095
1411	0.1611962037285852
1412	0.15566368872270417
1413	0.15025736681061733
1414	0.14497713604625417
1415	0.1398227667433144
1416	0.13479390478794268
1417	0.12989007513069684
1418	0.12511068544463064
1419	0.12045502993611024
1420	0.115922293294833
1421	0.11151155476941915
1422	0.10722179235490105
1423	0.1030518870784379
1424	0.09900062736963786
1425	0.09506671350196876
1426	0.09124876209188636
1427	0.08754531064249901
1428	0.08395482211882005
1429	0.08047568954193307
1430	0.07710624058970396
1431	0.07384474219202104
1432	0.07068940510892208
1433	0.06763838848037652
1434	0.06468980433692854
1435	0.06184172206086753
1436	0.059092172788077914
1437	0.05643915374122422
1438	0.05388063248544795
1439	0.05141455109828948
1440	0.04903883024609425
1441	0.04675137315971978
1442	0.04455006950292217
1443	0.04243279912736762
1444	0.0403974357087826
1445	0.038441850259323285
1446	0.03656391451180906
1447	0.034761504172023165
1448	0.033032502035834785
1449	0.03137480096843839
1450	0.029786306743536214
1451	0.028264940740807126
1452	0.026808642500507667
1453	0.02541537213453723
1454	0.02408311259376837
1455	0.02280987179189364
1456	0.021593684586470385
1457	0.02043261461825535
1458	0.019324756010308693
1459	0.018268234928713614
1460	0.017261211007101058
1461	0.01630187863748948
1462	0.01538846813024666
1463	0.014519246746254063
1464	0.013692519604604173
1465	0.012906630469387453
1466	0.012159962419328913
1467	0.011450938404213956
1468	0.010778021692200417
1469	0.01013971621224869
1470	0.009534566796015083
1471	0.008961159323645296
1472	0.00841812077797684
1473	0.00790411921171062
1474	0.007417863632145088
1475	0.0069581038080808195
1476	0.006523630003501002
1477	0.006113272642614323
1478	0.005725901910812491
1479	0.005360427296045893
1480	0.005015797075058612
1481	0.004690997748849323
1482	0.0043850534316383985
1483	0.004097025197524681
1484	0.003826010388909228
1485	0.0035711418906482872
1486	0.0033315873737754568
1487	0.003106548512503606
1488	0.002895260178082322
1489	0.0026969896129467536
1490	0.002511035588449829
1491	0.002336727549322803
1492	0.002173424747859565
1493	0.002020515370668992
1494	0.0018774156606875894
1495	0.0017435690369922618
1496	0.0016184452148011287
1497	0.0015015393278992799
1498	0.0013923710555769108
1499	0.0012904837560198397
1500	0.00119544360794751
1501	0.0011068387621515935
1502	0.0010242785044496923
1503	0.0009473924314336645
1504	0.000875829640261147
1505	0.0008092579336121242
1506	0.0007473630408102037
1507	0.0006898478559907148
1508	0.0006364316940850891
1509	0.0005868495652832846
1510	0.0005408514685334124
1511	0.0004982017045402523
1512	0.000458678208632062
1513	0.00042207190377800745
1514	0.00038818607395663796
1515	0.0003568357579990753
1516	0.0003278471639589435
1517	0.0003010571039944143
1518	0.0002763124496860389
1519	0.00025346960765714057
1520	0.00023239401531133344
1521	0.0002129596564540957
1522	0.000195048596522088
1523	0.00017855053710492898
1524	0.00016336238940926244
1525	0.00014938786628398268
1526	0.0001365370923982766
1527	0.00012472623214049788
1528	0.00011387713478563522
1529	0.00010391699646208784
1530	9.47780384344428e-05
1531	8.639720120776069e-05
1532	7.871585395035882e-05
1533	7.167951872603869e-05
1534	6.523760902297052e-05
1535	5.934318206484598e-05
1536	5.395270439027777e-05
1537	4.902583018859053e-05
1538	4.452519188396118e-05
1539	4.0416202465172646e-05
1540	3.666686906489582e-05
1541	3.324761730026981e-05
1542	3.013112589548052e-05
1543	2.7292171116906972e-05
1544	2.4707480562099252e-05
1545	2.235559585525363e-05
1546	2.0216743813852183e-05
1547	1.8272715663635023e-05
1548	1.650675389197805e-05
1549	1.4903446342970082e-05
1550	1.3448627170938598e-05
1551	1.2129284282786417e-05
1552	1.0933472913204357e-05
1553	9.85023499055194e-06
1554	8.869523964892742e-06
1555	7.982134783279075e-06
1556	7.1796387108556615e-06
1557	6.454322709651412e-06
1558	5.799133100013207e-06
1559	5.207623242474435e-06
1560	4.6739049904128396e-06
1561	4.192603676113599e-06
1562	3.758816404791754e-06
1563	3.3680734427262816e-06
1564	3.0163024969012447e-06
1565	2.6997956944260036e-06
1566	2.4151790805076354e-06
1567	2.159384463868617e-06
1568	1.9296234482370566e-06
1569	1.723363497884119e-06
1570	1.5383058941437194e-06
1571	1.3723654484250407e-06
1572	1.2236518454226812e-06
1573	1.090452498046954e-06
1574	9.712168030443906e-07
1575	8.645416933628966e-07
1576	7.691583900456404e-07
1577	6.83920262821342e-07
1578	6.077917146059694e-07
1579	5.398380108520088e-07
1580	4.7921598008707e-07
1581	4.251655170846315e-07
1582	3.770018249172969e-07
1583	3.341083366685391e-07
1584	2.9593026183387114e-07
1585	2.6196870643827684e-07
1586	2.3177531964496412e-07
1587	2.049474231424334e-07
1588	1.81123582883697e-07
1589	1.5997958582427318e-07
1590	1.412247871751382e-07
1591	1.2459879636370697e-07
1592	1.098684723904285e-07
1593	9.682520159071602e-08
1594	8.528243297137172e-08
1595	7.507344829675178e-08
1596	6.604934596166388e-08
1597	5.8077219414060725e-08
1598	5.103851248928488e-08
1599	4.4827535496897165e-08
1600	3.935012726856946e-08
1601	3.452244963838485e-08
1602	3.026990199205815e-08
1603	2.6526144595605846e-08
1604	2.3232220403070895e-08
1605	2.0335765952907813e-08
1606	1.779030279911995e-08
1607	1.5554601691443743e-08
1608	1.3592112423731464e-08
1609	1.1870452915838095e-08
1610	1.0360951686128701e-08
1611	9.03823841327775e-09
1612	7.879877781165995e-09
1613	6.866042252973683e-09
1614	5.979219833370388e-09
1615	5.2039532541314535e-09
1616	4.5266073614818694e-09
1617	3.935161795683907e-09
1618	3.419026337363672e-09
1619	2.9688765531472575e-09
1620	2.576507607516535e-09
1621	2.2347043204012797e-09
1622	1.937125742753752e-09
1623	1.6782026969175097e-09
1624	1.4530468865851404e-09
1625	1.257370323997665e-09
1626	1.0874139511137578e-09
1627	9.398844480044347e-10
1628	8.1189832684279e-10
1629	7.009325045999891e-10
1630	6.047806328827957e-10
1631	5.215145401288833e-10
1632	4.4945021041411033e-10
1633	3.8711778515233137e-10
1634	3.3323512965087694e-10
1635	2.8668455643295647e-10
1636	2.464923420069761e-10
1637	2.1181071385779995e-10
1638	1.8190202031593894e-10
1639	1.5612482804541526e-10
1640	1.3392172055885914e-10
1641	1.1480859676324681e-10
1642	9.83652913732467e-11
1643	8.422735938359367e-11
1644	7.207888492237264e-11
1645	6.164619094419748e-11
1646	5.269234057411929e-11
1647	4.501233366742952e-11
1648	3.8428913476514306e-11
1649	3.278890836584488e-11
1650	2.7960042427044232e-11
1651	2.382815674087692e-11
1652	2.029479002247568e-11
1653	1.7275073569334984e-11
1654	1.4695900897427424e-11
1655	1.2494337278837821e-11
1656	1.061623865577613e-11
1657	9.015053164390321e-12
1658	7.650781814319055e-12
1659	6.4890777871552494e-12
1660	5.500466384185641e-12
1661	4.659669911246762e-12
1662	3.94502377218278e-12
1663	3.33797178412689e-12
1664	2.822630256020529e-12
1665	2.385411711623501e-12
1666	2.0147003120976583e-12
1667	1.7005720608772155e-12
1668	1.434553772515111e-12
1669	1.2094155730439626e-12
1670	1.0189923858430719e-12
1671	8.580304561902129e-13
1672	7.220554903082975e-13
1673	6.072594402397052e-13
1674	5.104033626207486e-13
1675	4.287341247186409e-13
1676	3.5991303138553237e-13
1677	3.019547075520156e-13
1678	2.531747975101061e-13
1679	2.1214523889838665e-13
1680	1.7765603983735112e-13
1681	1.4868263543450506e-13
1682	1.2435802783197544e-13
1683	1.0394902468161376e-13
1684	8.683598665744206e-14
1685	7.249557732157666e-14
1686	6.04860800661984e-14
1687	5.043490845987062e-14
1688	4.202798943824284e-14
1689	3.500074453488859e-14
1690	2.913043373800953e-14
1691	2.4229660444118068e-14
1692	2.0140865108763694e-14
1693	1.6731660216466082e-14
1694	1.3890880670765207e-14
1695	1.1525242129160956e-14
1696	9.556515599791021e-15
1697	7.919140143163807e-15
1698	6.558207099816135e-15
1699	5.4277591670636284e-15
1700	4.489356111366791e-15
1701	3.7108661311373585e-15
1702	3.065448053849101e-15
1703	2.5306948125326644e-15
1704	2.0879131304943076e-15
1705	1.7215181615401726e-15
1706	1.4185250824974925e-15
1707	1.1681223981815767e-15
1708	9.61314067207959e-16
1709	7.906195511146561e-16
1710	6.498225813457442e-16
1711	5.33760873455019e-16
1712	4.381502336618495e-16
1713	3.5943753232863006e-16
1714	2.94677889963173e-16
1715	2.414321578252596e-16
1716	1.9768139747382023e-16
1717	1.6175558896657934e-16
1718	1.3227424068292766e-16
1719	1.0809694744969259e-16
1720	8.828225849508665e-17
1721	7.205348181956589e-17
1722	5.877027456485924e-17
1723	4.7905056426840405e-17
1724	3.9023440641547424e-17
1725	3.176800927630185e-17
1726	2.5844870458213717e-17
1727	2.1012528136097365e-17
1728	1.7072672843988855e-17
1729	1.3862567118138046e-17
1730	1.1248753742790923e-17
1731	9.121860573921049e-18
1732	7.392313755921134e-18
1733	5.986802918179375e-18
1734	4.845368438024953e-18
1735	3.919002942756021e-18
1736	3.1676776181305804e-18
1737	2.5587191998042324e-18
1738	2.0654762561441825e-18
1739	1.6662239518606812e-18
1740	1.3432652690177888e-18
1741	1.082193954094733e-18
1742	8.712905068614164e-19
1743	7.010275378612287e-19
1744	5.636649707775383e-19
1745	4.529189995444038e-19
1746	3.6369154920970174e-19
1747	2.9184933548611747e-19
1748	2.3404355491610507e-19
1749	1.8756283576007885e-19
1750	1.5021339740243627e-19
1751	1.2022145170217209e-19
1752	9.615377351311464e-20
1753	7.685310292822707e-20
1754	6.138564632126079e-20
1755	4.8998439877822967e-20
1756	3.9084746989949866e-20
1757	3.115599531820128e-20
1758	2.481903346598475e-20
1759	1.9757711767861975e-20
1760	1.5717975501589835e-20
1761	1.2495809177802191e-20
1762	9.927493444563307e-21
1763	7.881736509279847e-21
1764	6.2533238943954914e-21
1765	4.957997149352322e-21
1766	3.928326586244636e-21
1767	3.1103874452462454e-21
1768	2.4610849779023736e-21
1769	1.9460032778480246e-21
1770	1.537676531238163e-21
1771	1.214200719490443e-21
1772	9.581195160451464e-22
1773	7.555308560063141e-22
1774	5.953709774346907e-22
1775	4.6884108833793215e-22
1776	3.6894857310140277e-22
1777	2.9014011691485396e-22
1778	2.280085414816744e-22
1779	1.7905870910554032e-22
1780	1.4052072703204696e-22
1781	1.1020100119087872e-22
1782	8.636355498297687e-23
1783	6.763553106611071e-23
1784	5.2932002380573406e-23
1785	4.139618975113997e-23
1786	3.235196328839514e-23
1787	2.526613067798255e-23
1788	1.9718517336967023e-23
1789	1.5378245592223786e-23
1790	1.1984942069172273e-23
1791	9.333860149322184e-24
1792	7.264110373077093e-24
1793	5.6493562619306095e-24
1794	4.390464441538081e-24
1795	3.4097027788509964e-24
1796	2.646163814964937e-24
1797	2.052157343826411e-24
1798	1.5903689741839988e-24
1799	1.2316236575359567e-24
1800	9.531266616871307e-25
1801	7.3708107272153045e-25
1802	5.6960202064602375e-25
1803	4.398645663832073e-25
1804	3.3943545478664646e-25
1805	2.617494434742942e-25
1806	2.0169922924031606e-25
1807	1.5531456553882957e-25
1808	1.1951135647203235e-25
1809	9.18956114738685e-26
1810	7.061037819448229e-26
1811	5.42163197745815e-26
1812	4.159861020186524e-26
1813	3.189440148262734e-26
1814	2.443635902085235e-26
1815	1.8708738175251456e-26
1816	1.4313241854340983e-26
1817	1.094250077806848e-26
1818	8.359489876038777e-27
1819	6.381563978333908e-27
1820	4.868085382122532e-27
1821	3.7108422973905594e-27
1822	2.826634169614245e-27
1823	2.1515381297209862e-27
1824	1.6364787299470916e-27
1825	1.2438072839248438e-27
1826	9.446627168981444e-28
1827	7.169369066873418e-28
1828	5.437072387293054e-28
1829	4.120299997240276e-28
1830	3.1201224262119647e-28
1831	2.3609839412705794e-28
1832	1.7852233448108463e-28
1833	1.3488688668252712e-28
1834	1.0184133298377004e-28
1835	7.683429480057875e-29
1836	5.792450778722547e-29
1837	4.3636038710483923e-29
1838	3.284759084578488e-29
1839	2.470793649187324e-29
1840	1.8571359215955943e-29
1841	1.394840898059863e-29
1842	1.0468366765612594e-29
1843	7.850656335979594e-30
1844	5.883087187567091e-30
1845	4.405309091050865e-30
1846	3.296239558492975e-30
1847	2.46451761502717e-30
1848	1.84126101791806e-30
1849	1.3745753639765745e-30
1850	1.0253945605425648e-30
1851	7.643322904735127e-31
1852	5.69300594335619e-31
1853	4.237100676590998e-31
1854	3.15110683978465e-31
1855	2.3416617026326785e-31
1856	1.7388068257670941e-31
1857	1.290161727404797e-31
1858	9.565376786908847e-32
1859	7.086382510831303e-32
1860	5.245793038720322e-32
1861	3.880263639047425e-32
1862	2.8679680060902425e-32
1863	2.1181163893332457e-32
1864	1.5631017573345442e-32
1865	1.1526197420978746e-32
1866	8.492698098423326e-33
1867	6.252671357908891e-33
1868	4.5998668157059777e-33
1869	3.3813030863130706e-33
1870	2.4835996053599515e-33
1871	1.8227921418296887e-33
1872	1.336750150493077e-33
1873	9.795357845015397e-34
1874	7.172107351249191e-34
1875	5.247217961585172e-34
1876	3.835895001869287e-34
1877	2.801941306134312e-34
1878	2.045057405554314e-34
1879	1.4914391821107318e-34
1880	1.0868224351092696e-34
1881	7.913417272605931e-35
1882	5.757333467958845e-35
1883	4.185332525445521e-35
1884	3.040109554970226e-35
1885	2.206472894101784e-35
1886	1.600138103945206e-35
1887	1.1594853222553139e-35
1888	8.395012907335588e-36
1889	6.073306656446522e-36
1890	4.390117900017911e-36
1891	3.170835326901778e-36
1892	2.2883219193820667e-36
1893	1.6500833266204067e-36
1894	1.1888836273599256e-36
1895	8.55887967914467e-37
1896	6.1565581759489416e-37
1897	4.424884412413841e-37
1898	3.177665153606234e-37
1899	2.28011089729388e-37
1900	1.6347254479267185e-37
1901	1.1710462973272432e-37
1902	8.38191142990329e-38
1903	5.994475628467415e-38
1904	4.2834906755320167e-38
1905	3.058315685172236e-38
1906	2.1817451467193762e-38
1907	1.5551142591286583e-38
1908	1.1075326104561854e-38
1909	7.881085308398652e-39
1910	5.6033812371362834e-39
1911	3.980597803322982e-39
1912	2.8253987941228858e-39
1913	2.0037516028495896e-39
1914	1.4198420036542662e-39
1915	1.0052347726053941e-39
1916	7.110917919966406e-40
1917	5.0258999421959944e-40
1918	3.549207154868743e-40
1919	2.5042490681618855e-40
1920	1.7654347776998688e-40
1921	1.2435210393970402e-40
1922	8.751474201176038e-41
1923	6.153684532978e-41
1924	4.323291137699931e-41
1925	3.0347176214236603e-41
1926	2.1283641942362473e-41
1927	1.4914089904587107e-41
1928	1.0441671416662222e-41
1929	7.30407184573812e-42
1930	5.104827727637477e-42
1931	3.564654754835483e-42
1932	2.4869867527711775e-42
1933	1.7335978822002985e-42
1934	1.2073729475271825e-42
1935	8.40140590044901e-43
1936	5.840892604162587e-43
1937	4.057163142351638e-43
1938	2.815665021229831e-43
1939	1.9523335938767468e-43
1940	1.3525111578535998e-43
1941	9.361398455094145e-44
1942	6.47370497683572e-44
1943	4.472770610376552e-44
1944	3.087529700110208e-44
1945	2.1293924134152886e-44
1946	1.467268322894443e-44
1947	1.0101175076131226e-44
1948	6.947715187238521e-45
1949	4.7744032467062937e-45
1950	3.2779505319872486e-45
1951	2.2484908553920332e-45
1952	1.5409356673306645e-45
1953	1.0550711743789449e-45
1954	7.217421830305718e-46
1955	4.932700079638466e-46
1956	3.3681298568844117e-46
1957	2.2977016828377113e-46
1958	1.5660237852103234e-46
1959	1.0663558528536235e-46
1960	7.254445838101019e-47
1961	4.930645718890478e-47
1962	3.3481122358559835e-47
1963	2.2713917906233615e-47
1964	1.5394979182711045e-47
1965	1.0424622645323752e-47
1966	7.052367447604711e-48
1967	4.766526785694358e-48
1968	3.2185541598488365e-48
1969	2.1712530444920332e-48
1970	1.4633561861598726e-48
1971	9.853233920866203e-49
1972	6.628203326019474e-49
1973	4.454513469689988e-49
1974	2.9908270055412817e-49
1975	2.0061712700878067e-49
1976	1.3444032256704251e-49
1977	9.00067408799273e-50
1978	6.020098532688394e-50
1979	4.0226695013989107e-50
1980	2.6853840762254956e-50
1981	1.790931099263449e-50
1982	1.1932484080804099e-50
1983	7.942577604395882e-51
1984	5.281652014596445e-51
1985	3.508770048503145e-51
1986	2.3287127661227596e-51
1987	1.544016432502779e-51
1988	1.0227322915033225e-51
1989	6.767763126591165e-52
1990	4.47404690273995e-52
1991	2.9547938237510364e-52
1992	1.9495041369999305e-52
1993	1.2849627121773237e-52
1994	8.461070763620464e-53
1995	5.565800238448068e-53
1996	3.6576018796015616e-53
1997	2.401213721440415e-53
1998	1.5748159423082452e-53
1999	1.0317926263178406e-53
2000	6.753325659109306e-54
2001	4.415751664156812e-54
2002	2.8843787044986505e-54
2003	1.882173353778444e-54
2004	1.2269466172780343e-54
2005	7.990048613526467e-55
2006	5.1979234432683286e-55
2007	3.378049659856686e-55
2008	2.1930920493376334e-55
2009	1.4223332143254758e-55
2010	9.21506662877446e-56
2011	5.9641315622799565e-56
2012	3.8560843321255456e-56
2013	2.4905505755741585e-56
2014	1.6069142297914606e-56
2015	1.0357083253572786e-56
2016	6.668507168783644e-57
2017	4.289089431183785e-57
2018	2.755788222938595e-57
2019	1.768763492365167e-57
2020	1.1340594014536399e-57
2021	7.263448653747167e-58
2022	4.6471841389612505e-58
2023	2.970131938996705e-58
2024	1.896266422226598e-58
2025	1.209371184469588e-58
2026	7.704694399655408e-59
2027	4.903268130869017e-59
2028	3.117088782802001e-59
2029	1.9794515643339325e-59
2030	1.2556587637629375e-59
2031	7.956614057570656e-60
2032	5.036324649028758e-60
2033	3.1843937085747384e-60
2034	2.0112509216304338e-60
2035	1.2689106807093866e-60
2036	7.996868974633127e-61
2037	5.0342162230907246e-61
2038	3.1656691722193166e-61
2039	1.9884733790193676e-61
2040	1.247651909327039e-61
2041	7.819613579279718e-62
2042	4.895467217119705e-62
2043	3.0613909110662625e-62
2044	1.912308699799567e-62
2045	1.1931926246786587e-62
2046	7.436613952332874e-63
2047	4.629678093105888e-63
2048	2.8789623901842193e-63
2049	1.78825553044958e-63
2050	1.1095076354143614e-63
2051	6.876016088703451e-64
2052	4.256455272486925e-64
2053	2.631858820592581e-64
2054	1.625470700677337e-64
2055	1.0027587366819712e-64
2056	6.178929195953761e-65
2057	3.8030158411090605e-65
2058	2.337975151064861e-65
2059	1.4356453563375316e-65
2060	8.805391054482161e-66
2061	5.394398072768067e-66
2062	3.3008733501815457e-66
2063	2.0174598991465754e-66
2064	1.2316003012882157e-66
2065	7.509692015029509e-67
2066	4.573625087610448e-67
2067	2.782170335555575e-67
2068	1.690402806473733e-67
2069	1.025837658467348e-67
2070	6.217955578399163e-68
2071	3.764399693929473e-68
2072	2.2762584248195703e-68
2073	1.3747499188446002e-68
2074	8.292790774939521e-69
2075	4.996330339088269e-69
2076	3.006585542695941e-69
2077	1.8070347913363613e-69
2078	1.0847471805693208e-69
2079	6.503664671895286e-70
2080	3.89451936630297e-70
2081	2.3292399088698425e-70
2082	1.3913542191673738e-70
2083	8.300854914323137e-71
2084	4.946158746578501e-71
2085	2.943553073174168e-71
2086	1.7495757557365044e-71
2087	1.0386020019859625e-71
2088	6.15771426913154e-72
2089	3.6462154528594917e-72
2090	2.1563337120663632e-72
2091	1.2736171369282444e-72
2092	7.512932847896035e-73
2093	4.4261509233936814e-73
2094	2.6042785004529552e-73
2095	1.530352638524853e-73
2096	8.981251749945317e-74
2097	5.2640724168923105e-74
2098	3.0813769633411407e-74
2099	1.8013750731912577e-74
2100	1.0517151927138732e-74
2101	6.132324926474453e-75
2102	3.5709477960936615e-75
2103	2.0766891183500784e-75
2104	1.2061113844463275e-75
2105	6.995674277340092e-76
2106	4.052250252366882e-76
2107	2.3441517352392244e-76
2108	1.3542418335955301e-76
2109	7.81314750937248e-77
2110	4.501666869716178e-77
2111	2.5902187471284323e-77
2112	1.4883789105385444e-77
2113	8.540882670871126e-78
2114	4.89443293727133e-78
2115	2.800983634491654e-78
2116	1.6007573201345506e-78
2117	9.135773418690186e-79
2118	5.2067675834016854e-79
2119	2.9634134890902787e-79
2120	1.6842851947246026e-79
2121	9.55952783070276e-80
2122	5.418172036714529e-80
2123	3.066639815797556e-80
2124	1.733262981252002e-80
2125	9.782636897907513e-81
2126	5.513599861771412e-81
2127	3.103133349188216e-81
2128	1.7440123181321236e-81
2129	9.787698733118303e-82
2130	5.485188815689453e-82
2131	3.06959097160025e-82
2132	1.7153208105550243e-82
2133	9.571590159016545e-83
2134	5.333283611982287e-83
2135	2.967392903585945e-83
2136	1.6486298112685964e-83
2137	9.146119697572666e-84
2138	5.066571240181991e-84
2139	2.8025466919366083e-84
2140	1.5479283953677405e-84
2141	8.537015038834568e-85
2142	4.7012813629512756e-85
2143	2.585111580394911e-85
2144	1.4193614814584972e-85
2145	7.781354761726521e-86
2146	4.259549666643023e-86
2147	2.3281781246854053e-86
2148	1.2706049166908815e-86
2149	6.92379842408439e-87
2150	3.7671732090061506e-87
2151	2.0465472164490454e-87
2152	1.110096306035611e-87
2153	6.012151856492835e-88
2154	3.251077273719765e-88
2155	1.755296006883452e-88
2156	9.462301873469394e-89
2157	5.092889092028918e-89
2158	2.7368451818482597e-89
2159	1.4684272224170917e-89
2160	7.866261540875797e-90
2161	4.207224177903433e-90
2162	2.2466311877288134e-90
2163	1.197772384725412e-90
2164	6.375594664198135e-91
2165	3.388195654526128e-91
2166	1.7976912996504843e-91
2167	9.522655208349838e-92
2168	5.036104676839931e-92
2169	2.6590261088294155e-92
2170	1.4016481908229008e-92
2171	7.376347851370186e-93
2172	3.875494013299789e-93
2173	2.03279419188755e-93
2174	1.0644805693048599e-93
2175	5.564899940804346e-94
2176	2.9043541006032254e-94
2177	1.513253273375967e-94
2178	7.871196993995437e-95
2179	4.0872789041965215e-95
2180	2.1187967987493536e-95
2181	1.0964859586740193e-95
2182	5.664645580414904e-96
2183	2.9214298393816886e-96
2184	1.5040710677701826e-96
2185	7.730160991810752e-97
2186	3.966003481548683e-97
2187	2.0312298883776182e-97
2188	1.0384929267400812e-97
2189	5.3000931850684374e-98
2190	2.7002001938725063e-98
2191	1.3732129652855725e-98
2192	6.971179283375034e-99
2193	3.532628472720394e-99
2194	1.7869398815740858e-99
2195	9.022752948565056e-100
2196	4.547599382855717e-100
2197	2.287895460231868e-100
2198	1.1489412228175004e-100
2199	5.759222969995996e-101
2200	2.881583329327073e-101
2201	1.4391180534143734e-101
2202	7.173916564763213e-102
2203	3.569501519766554e-102
2204	1.7727473029263876e-102
2205	8.787609388278643e-103
2206	4.347863629342939e-103
2207	2.14713289936471e-103
2208	1.0583183792444343e-103
2209	5.206485693662053e-104
2210	2.556468534759736e-104
2211	1.2528530367049223e-104
2212	6.128019808431507e-105
2213	2.991554789516782e-105
2214	1.4575616118963125e-105
2215	7.087717546585821e-106
2216	3.4397884469655827e-106
2217	1.666092913674103e-106
2218	8.053879444023688e-107
2219	3.8854891118542805e-107
2220	1.8707559828268437e-107
2221	8.989088230930066e-108
2222	4.310596234333305e-108
2223	2.0629008970988648e-108
2224	9.852235528790939e-109
2225	4.695725043491077e-109
2226	2.233459097210963e-109
2227	1.0601243346136807e-109
2228	5.0215178540030395e-110
2229	2.3736055194643806e-110
2230	1.1196267923552647e-110
2231	5.27017548870443e-111
2232	2.4754818054940854e-111
2233	1.1603073540759438e-111
2234	5.42701142463763e-112
2235	2.532902750528329e-112
2236	1.179619792911906e-112
2237	5.48184777328254e-113
2238	2.5419609116112222e-113
2239	1.1761515734224972e-113
2240	5.430074186138138e-114
2241	2.5014495590308907e-114
2242	1.1497851342201023e-114
2243	5.273221030509245e-115
2244	2.4130424488267317e-115
2245	1.1017396019967628e-115
2246	5.0189543004505326e-116
2247	2.281198261998701e-116
2248	1.0344833790556704e-116
2249	4.680474011145524e-117
2250	2.1127936915619246e-117
2251	9.515252769091253e-118
2252	4.275378408876995e-118
2253	1.9165261209598873e-118
2254	8.571084835441622e-119
2255	3.824129407315237e-119
2256	1.7021582044318317e-119
2257	7.558447348218476e-120
2258	3.348307319566296e-120
2259	1.4796968731648015e-120
2260	6.52333297002463e-121
2261	2.868865953471215e-121
2262	1.2586048644934423e-121
2263	5.508095525496371e-122
2264	2.4045889362625948e-122
2265	1.0471331551355759e-122
2266	4.548612803312319e-123
2267	1.970907638735213e-123
2268	8.518399749783818e-124
2269	3.6723861504453976e-124
2270	1.579178880512795e-124
2271	6.773310727557177e-125
2272	2.8976859971888535e-125
2273	1.2364489777873666e-125
2274	5.262225763942197e-126
2275	2.233700464424422e-126
2276	9.456627739762033e-127
2277	3.992980685613806e-127
2278	1.6815170483887459e-127
2279	7.062232583225616e-128
2280	2.9581002916192607e-128
2281	1.235683655660595e-128
2282	5.147763257458328e-129
2283	2.1386511063817026e-129
2284	8.860630236928096e-130
2285	3.660881729489056e-130
2286	1.5083295479295304e-130
2287	6.197109981944357e-131
2288	2.5389695251840863e-131
2289	1.0372750014541524e-131
2290	4.225627560184471e-132
2291	1.7164931238013738e-132
2292	6.952468856698998e-133
2293	2.807854985839924e-133
2294	1.1306842935203414e-133
2295	4.53974488763525e-134
2296	1.8173442390360794e-134
2297	7.253552900239526e-135
2298	2.886451642798133e-135
2299	1.1451693249254041e-135
2300	4.5295906067760505e-136
2301	1.786174310066749e-136
2302	7.0219234938402685e-137
2303	2.7519931367987876e-137
2304	1.0751996987920846e-137
2305	4.187674285927979e-138
2306	1.6258855480660653e-138
2307	6.292621378874843e-139
2308	2.4276659459007957e-139
2309	9.335830993717122e-140
2310	3.578612680794564e-140
2311	1.3673034086185444e-140
2312	5.207080553309834e-141
2313	1.97648489964891e-141
2314	7.477441126945497e-142
2315	2.8194420946606627e-142
2316	1.0595325284764141e-142
2317	3.968226847102057e-143
2318	1.481152558253549e-143
2319	5.509524287692408e-144
2320	2.0423454147021767e-144
2321	7.544573982749468e-145
2322	2.7772834377521235e-145
2323	1.0187673848496376e-145
2324	3.723818148778005e-146
2325	1.3562808169307954e-146
2326	4.922066537202633e-147
2327	1.7797987157149034e-147
2328	6.412221909917271e-148
2329	2.3017014765893617e-148
2330	8.231531607824911e-149
2331	2.932862866621461e-149
2332	1.0410471845987763e-149
2333	3.6813284014416753e-150
2334	1.2968268060795943e-150
2335	4.5508265518663814e-151
2336	1.5908049160383076e-151
2337	5.5392272511107935e-152
2338	1.9212070251753797e-152
2339	6.637106791085697e-153
2340	2.2837567964556457e-153
2341	7.826613296778155e-154
2342	2.6713897653514072e-154
2343	9.08084343304269e-155
2344	3.074161386629516e-155
2345	1.0363930265464132e-155
2346	3.4794070603302043e-156
2347	1.1631998229652372e-156
2348	3.872192343513775e-157
2349	1.2835062489305528e-157
2350	4.236061611789684e-158
2351	1.3919841298706156e-158
2352	4.554055570845175e-159
2353	1.4833322915113217e-159
2354	4.8099269305942134e-160
2355	1.552680088376383e-160
2356	4.989445592652908e-161
2357	1.5959984783542822e-161
2358	5.081656908208115e-162
2359	1.610472961317465e-162
2360	5.0799453456662346e-163
2361	1.594792343941733e-163
2362	4.98276558760217e-164
2363	1.5493138532100198e-164
2364	4.793934649730722e-165
2365	1.4760782902080536e-165
2366	4.5224290625228326e-166
2367	1.3786671016190492e-166
2368	4.1816935724606555e-167
2369	1.261913754655787e-167
2370	3.7885324343257244e-168
2371	1.1315012894135743e-168
2372	3.361710324597646e-169
2373	9.934930437944698e-170
2374	2.920427451864638e-170
2375	8.538516431296615e-171
2376	2.4828459897240186e-171
2377	7.180010301234302e-172
2378	2.0648305598507836e-172
2379	5.904777725375337e-173
2380	1.6790272814124982e-173
2381	4.747028607366142e-174
2382	1.334351404200531e-174
2383	3.728865855699783e-175
2384	1.0358929984773696e-175
2385	2.860602755815995e-176
2386	7.851942991737157e-177
2387	2.1421286111337374e-177
2388	5.808100405503468e-178
2389	1.5649975284105697e-178
2390	4.1903894939865746e-179
2391	1.1148744644524397e-179
2392	2.9471173364972383e-180
2393	7.739932859424686e-181
2394	2.0193567717470964e-181
2395	5.2334990024986004e-182
2396	1.3472274543937424e-182
2397	3.444491810290315e-183
2398	8.746008436302565e-184
2399	2.2052581935752698e-184
2400	5.521249441659796e-185
2401	1.3724813001191544e-185
2402	3.3871046294499663e-186
2403	8.297839511072239e-187
2404	2.017790001523044e-187
2405	4.869908543864385e-188
2406	1.1664282333945532e-188
2407	2.7723314271483856e-189
2408	6.537906915853604e-190
2409	1.529657927855999e-190
2410	3.550311151281075e-191
2411	8.173507027607391e-192
2412	1.866262379299146e-192
2413	4.2258137692402563e-193
2414	9.48792747866625e-194
2415	2.112051145823623e-194
2416	4.6607629697892935e-195
2417	1.019471818057987e-195
2418	2.2100585937032547e-196
2419	4.747729970224602e-197
2420	1.0105637426297632e-197
2421	2.1309692141381017e-198
2422	4.451076736168677e-199
2423	9.207981761088455e-200
2424	1.8862991732829572e-200
2425	3.825929375406496e-201
2426	7.682015855645209e-202
2427	1.526704562621363e-202
2428	3.00264515748621e-203
2429	5.843159750704285e-204
2430	1.1248887658968744e-204
2431	2.1419557841631685e-205
2432	4.0333801387566983e-206
2433	7.509338154831708e-207
2434	1.382042880341914e-207
2435	2.513850690857525e-208
2436	4.5181789640244914e-209
2437	8.022287905675292e-210
2438	1.4068430462548884e-210
2439	2.4361502004010354e-211
2440	4.1645533678428696e-212
2441	7.026354625547279e-213
2442	1.1697052377963792e-213
2443	1.920839079097038e-214
2444	3.110662601395285e-215
2445	4.9663455627697165e-216
2446	7.814713676744286e-217
2447	1.2115639421590956e-217
2448	1.850105533135153e-218
2449	2.7817477634645397e-219
2450	4.116786718127626e-220
2451	5.994602640465915e-221
2452	8.585374569012593e-222
2453	1.2088801814090992e-222
2454	1.6728356586614641e-223
2455	2.273956545959168e-224
2456	3.0351086285849615e-225
2457	3.975801899357903e-226
2458	5.108802807964847e-227
2459	6.436244027157564e-228
2460	7.945636300705912e-229
2461	9.606374418659825e-230
2462	1.136747120345146e-230
2463	1.315729614975794e-231
2464	1.4885988746906819e-232
2465	1.6450929523462762e-233
2466	1.7745189924315923e-234
2467	1.8668299715031007e-235
2468	1.9138072851698164e-236
2469	1.9101761294943826e-237
2470	1.85446082272245e-238
2471	1.7494057565123467e-239
2472	1.6018475576318875e-240
2473	1.4220175072122222e-241
2474	1.222361884152013e-242
2475	1.0160663073595998e-243
2476	8.155327486348388e-245
2477	6.310666870141014e-246
2478	4.699828080670326e-247
2479	3.3624281499860017e-248
2480	2.3062349820565403e-249
2481	1.5130779414455105e-250
2482	9.472246136684073e-252
2483	5.642712434274785e-253
2484	3.1888779891667254e-254
2485	1.7037742891579771e-255
2486	8.572851948657284e-257
2487	4.0444376900746097e-258
2488	1.7799355420188467e-259
2489	7.264433092361965e-261
2490	2.730484763882381e-262
2491	9.374113463276709e-264
2492	2.910211173236341e-265
2493	8.069453651601047e-267
2494	1.9672812828856377e-268
2495	4.130986095075511e-270
2496	7.26421817815355e-272
2497	1.0269772527146477e-273
2498	1.0943565715748247e-275
2499	7.81355665623465e-278
2500	2.803564142811811e-280
