k	pvalue
0	1
1	1
2	1
3	1
4	1
5	1
6	0.999999
7	0.999995
8	0.999976
9	0.999901
10	0.999646
11	0.998887
12	0.996893
13	0.992226
14	0.982435
15	0.963932
16	0.932286
17	0.883129
18	0.813562
19	0.723632
20	0.617213
21	0.501724
22	0.386618
23	0.281134
24	0.192173
25	0.123087
26	0.0736646
27	0.0410921
28	0.0213171
29	0.0102619
30	0.00457444
31	0.0018841
32	0.00071536
33	0.000249755
34	7.99604e-05
35	2.34026e-05
36	6.23957e-06
37	1.50937e-06
38	3.29724e-07
39	6.4689e-08
40	1.13239e-08
41	1.75482e-09
42	2.38429e-10
43	2.80647e-11
44	2.81822e-12
45	2.36605e-13
46	1.61526e-14
47	8.61125e-16
48	3.36223e-17
49	8.5493e-19
50	1.06216e-20
51	1.68831e-90
52	1.68831e-90
53	1.68831e-90
54	1.68831e-90
55	1.68831e-90
56	1.68831e-90
57	1.68831e-90
58	1.68831e-90
59	1.68831e-90
60	1.68831e-90
61	1.68831e-90
62	1.68831e-90
63	1.68831e-90
64	1.68831e-90
65	1.68831e-90
66	1.68831e-90
67	1.68831e-90
68	1.68831e-90
69	1.68831e-90
70	1.68831e-90
71	1.68831e-90
72	1.68831e-90
73	1.68831e-90
74	1.68831e-90
75	1.68831e-90
76	1.68831e-90
77	1.68831e-90
78	1.68831e-90
79	1.68831e-90
80	1.68831e-90
81	1.68831e-90
82	1.68831e-90
83	1.68831e-90
84	1.68831e-90
85	1.68831e-90
86	1.68831e-90
87	1.68831e-90
88	1.68831e-90
89	1.68831e-90
90	1.68831e-90
91	1.68831e-90
92	1.68831e-90
93	1.68831e-90
94	1.68831e-90
95	1.68831e-90
96	1.68831e-90
97	1.68831e-90
98	1.68831e-90
99	1.68831e-90
100	1.68831e-90
101	1.68831e-90
102	1.68831e-90
103	1.68831e-90
104	1.68831e-90
105	1.68831e-90
106	1.68831e-90
107	1.68831e-90
108	1.68831e-90
109	1.68831e-90
110	1.68831e-90
111	1.68831e-90
112	1.68831e-90
113	1.68831e-90
114	1.68831e-90
115	1.68831e-90
116	1.68831e-90
117	1.68831e-90
118	1.68831e-90
119	1.68831e-90
120	1.68831e-90
121	1.68831e-90
122	1.68831e-90
123	1.68831e-90
124	1.68831e-90
125	1.68831e-90
126	1.68831e-90
127	1.68831e-90
128	1.68831e-90
129	1.68831e-90
130	1.68831e-90
131	1.68831e-90
132	1.68831e-90
133	1.68831e-90
134	1.68831e-90
135	1.68831e-90
136	1.68831e-90
137	1.68831e-90
138	1.68831e-90
139	1.68831e-90
140	1.68831e-90
141	1.68831e-90
142	1.68831e-90
143	1.68831e-90
144	1.68831e-90
145	1.68831e-90
146	1.68831e-90
147	1.68831e-90
148	1.68831e-90
149	1.68831e-90
150	1.68831e-90
151	1.68831e-90
152	1.68831e-90
153	1.68831e-90
154	1.68831e-90
155	1.68831e-90
156	1.68831e-90
157	1.68831e-90
158	1.68831e-90
159	1.68831e-90
160	1.68831e-90
161	1.68831e-90
162	1.68831e-90
163	1.68831e-90
164	1.68831e-90
165	1.68831e-90
166	1.68831e-90
167	1.68831e-90
168	1.68831e-90
169	1.68831e-90
170	1.68831e-90
171	1.68831e-90
172	1.68831e-90
173	1.68831e-90
174	1.68831e-90
175	1.68831e-90
176	1.68831e-90
177	1.68831e-90
178	1.68831e-90
179	1.68831e-90
180	1.68831e-90
181	1.68831e-90
182	1.68831e-90
183	1.68831e-90
184	1.68831e-90
185	1.68831e-90
186	1.68831e-90
187	1.68831e-90
188	1.68831e-90
189	1.68831e-90
190	1.68831e-90
191	1.68831e-90
192	1.68831e-90
193	1.68831e-90
194	1.68831e-90
195	1.68831e-90
196	1.68831e-90
197	1.68831e-90
198	1.68831e-90
199	1.68831e-90
200	1.68831e-90
201	1.68831e-90
202	1.68831e-90
203	1.68831e-90
204	1.68831e-90
205	1.68831e-90
206	1.68831e-90
207	1.68831e-90
208	1.68831e-90
209	1.68831e-90
210	1.68831e-90
211	1.68831e-90
212	1.68831e-90
213	1.68831e-90
214	1.68831e-90
215	1.68831e-90
216	1.68831e-90
217	1.68831e-90
218	1.68831e-90
219	1.68831e-90
220	1.68831e-90
221	1.68831e-90
222	1.68831e-90
223	1.68831e-90
224	1.68831e-90
225	1.68831e-90
226	1.68831e-90
227	1.68831e-90
228	1.68831e-90
229	1.68831e-90
230	1.68831e-90
231	1.68831e-90
232	1.68831e-90
233	1.68831e-90
234	1.68831e-90
235	1.68831e-90
236	1.68831e-90
237	1.68831e-90
238	1.68831e-90
239	1.68831e-90
240	1.68831e-90
241	1.68831e-90
242	1.68831e-90
243	1.68831e-90
244	1.68831e-90
245	1.68831e-90
246	1.68831e-90
247	1.68831e-90
248	1.68831e-90
249	1.68831e-90
250	1.68831e-90
251	1.68831e-90
252	1.68831e-90
253	1.68831e-90
254	1.68831e-90
255	1.68831e-90
256	1.68831e-90
257	1.68831e-90
258	1.68831e-90
259	1.68831e-90
260	1.68831e-90
261	1.68831e-90
262	1.68831e-90
263	1.68831e-90
264	1.68831e-90
265	1.68831e-90
266	1.68831e-90
267	1.68831e-90
268	1.68831e-90
269	1.68831e-90
270	1.68831e-90
271	1.68831e-90
272	1.68831e-90
273	1.68831e-90
274	1.68831e-90
275	1.68831e-90
276	1.68831e-90
277	1.68831e-90
278	1.68831e-90
279	1.68831e-90
280	1.68831e-90
281	1.68831e-90
282	1.68831e-90
283	1.68831e-90
284	1.68831e-90
285	1.68831e-90
286	1.68831e-90
287	1.68831e-90
288	1.68831e-90
289	1.68831e-90
290	1.68831e-90
291	1.68831e-90
292	1.68831e-90
293	1.68831e-90
294	1.68831e-90
295	1.68831e-90
296	1.68831e-90
297	1.68831e-90
298	1.68831e-90
299	1.68831e-90
300	1.68831e-90
301	1.68831e-90
302	1.68831e-90
303	1.68831e-90
304	1.68831e-90
305	1.68831e-90
306	1.68831e-90
307	1.68831e-90
308	1.68831e-90
309	1.68831e-90
310	1.68831e-90
311	1.68831e-90
312	1.68831e-90
313	1.68831e-90
314	1.68831e-90
315	1.68831e-90
316	1.68831e-90
317	1.68831e-90
318	1.68831e-90
319	1.68831e-90
320	1.68831e-90
321	1.68831e-90
322	1.68831e-90
323	1.68831e-90
324	1.68831e-90
325	1.68831e-90
326	1.68831e-90
327	1.68831e-90
328	1.68831e-90
329	1.68831e-90
330	1.68831e-90
331	1.68831e-90
332	1.68831e-90
333	1.68831e-90
334	1.68831e-90
335	1.68831e-90
336	1.68831e-90
337	1.68831e-90
338	1.68831e-90
339	1.68831e-90
340	1.68831e-90
341	1.68831e-90
342	1.68831e-90
343	1.68831e-90
344	1.68831e-90
345	1.68831e-90
346	1.68831e-90
347	1.68831e-90
348	1.68831e-90
349	1.68831e-90
350	1.68831e-90
351	1.68831e-90
352	1.68831e-90
353	1.68831e-90
354	1.68831e-90
355	1.68831e-90
356	1.68831e-90
357	1.68831e-90
358	1.68831e-90
359	1.68831e-90
360	1.68831e-90
361	1.68831e-90
362	1.68831e-90
363	1.68831e-90
364	1.68831e-90
365	1.68831e-90
366	1.68831e-90
367	1.68831e-90
368	1.68831e-90
369	1.68831e-90
370	1.68831e-90
371	1.68831e-90
372	1.68831e-90
373	1.68831e-90
374	1.68831e-90
375	1.68831e-90
376	1.68831e-90
377	1.68831e-90
378	1.68831e-90
379	1.68831e-90
380	1.68831e-90
381	1.68831e-90
382	1.68831e-90
383	1.68831e-90
384	1.68831e-90
385	1.68831e-90
386	1.68831e-90
387	1.68831e-90
388	1.68831e-90
389	1.68831e-90
390	1.68831e-90
391	1.68831e-90
392	1.68831e-90
393	1.68831e-90
394	1.68831e-90
395	1.68831e-90
396	1.68831e-90
397	1.68831e-90
398	1.68831e-90
399	1.68831e-90
400	1.68831e-90
401	1.68831e-90
402	1.68831e-90
403	1.68831e-90
404	1.68831e-90
405	1.68831e-90
406	1.68831e-90
407	1.68831e-90
408	1.68831e-90
409	1.68831e-90
410	1.68831e-90
411	1.68831e-90
412	1.68831e-90
413	1.68831e-90
414	1.68831e-90
415	1.68831e-90
416	1.68831e-90
417	1.68831e-90
418	1.68831e-90
419	1.68831e-90
420	1.68831e-90
421	1.68831e-90
422	1.68831e-90
423	1.68831e-90
424	1.68831e-90
425	1.68831e-90
426	1.68831e-90
427	1.68831e-90
428	1.68831e-90
429	1.68831e-90
430	1.68831e-90
431	1.68831e-90
432	1.68831e-90
433	1.68831e-90
434	1.68831e-90
435	1.68831e-90
436	1.68831e-90
437	1.68831e-90
438	1.68831e-90
439	1.68831e-90
440	1.68831e-90
441	1.68831e-90
442	1.68831e-90
443	1.68831e-90
444	1.68831e-90
445	1.68831e-90
446	1.68831e-90
447	1.68831e-90
448	1.68831e-90
449	1.68831e-90
450	1.68831e-90
451	1.68831e-90
452	1.68831e-90
453	1.68831e-90
454	1.68831e-90
455	1.68831e-90
456	1.68831e-90
457	1.68831e-90
458	1.68831e-90
459	1.68831e-90
460	1.68831e-90
461	1.68831e-90
462	1.68831e-90
463	1.68831e-90
464	1.68831e-90
465	1.68831e-90
466	1.68831e-90
467	1.68831e-90
468	1.68831e-90
469	1.68831e-90
470	1.68831e-90
471	1.68831e-90
472	1.68831e-90
473	1.68831e-90
474	1.68831e-90
475	1.68831e-90
476	1.68831e-90
477	1.68831e-90
478	1.68831e-90
479	1.68831e-90
480	1.68831e-90
481	1.68831e-90
482	1.68831e-90
483	1.68831e-90
484	1.68831e-90
485	1.68831e-90
486	1.68831e-90
487	1.68831e-90
488	1.68831e-90
489	1.68831e-90
490	1.68831e-90
491	1.68831e-90
492	1.68831e-90
493	1.68831e-90
494	1.68831e-90
495	1.68831e-90
496	1.68831e-90
497	1.68831e-90
498	1.68831e-90
499	1.68831e-90
500	1.68831e-90
