k	pvalue
0	1
1	1
2	1
3	1
4	1
5	1
6	0.999999
7	0.999995
8	0.999975
9	0.999899
10	0.999639
11	0.998869
12	0.996847
13	0.992121
14	0.982223
15	0.963542
16	0.93164
17	0.882158
18	0.812233
19	0.721972
20	0.615316
21	0.499739
22	0.384713
23	0.279454
24	0.190812
25	0.122073
26	0.0729693
27	0.0406537
28	0.0210629
29	0.0101265
30	0.00450818
31	0.00185435
32	0.000703127
33	0.000245155
34	7.83816e-05
35	2.29094e-05
36	6.09976e-06
37	1.47353e-06
38	3.21455e-07
39	6.29802e-08
40	1.10097e-08
41	1.70378e-09
42	2.31175e-10
43	2.71734e-11
44	2.72496e-12
45	2.28461e-13
46	1.55751e-14
47	8.29194e-16
48	3.2331e-17
49	8.20963e-19
50	1.01855e-20
51	1.619e-90
52	1.619e-90
53	1.619e-90
54	1.619e-90
55	1.619e-90
56	1.619e-90
57	1.619e-90
58	1.619e-90
59	1.619e-90
60	1.619e-90
61	1.619e-90
62	1.619e-90
63	1.619e-90
64	1.619e-90
65	1.619e-90
66	1.619e-90
67	1.619e-90
68	1.619e-90
69	1.619e-90
70	1.619e-90
71	1.619e-90
72	1.619e-90
73	1.619e-90
74	1.619e-90
75	1.619e-90
76	1.619e-90
77	1.619e-90
78	1.619e-90
79	1.619e-90
80	1.619e-90
81	1.619e-90
82	1.619e-90
83	1.619e-90
84	1.619e-90
85	1.619e-90
86	1.619e-90
87	1.619e-90
88	1.619e-90
89	1.619e-90
90	1.619e-90
91	1.619e-90
92	1.619e-90
93	1.619e-90
94	1.619e-90
95	1.619e-90
96	1.619e-90
97	1.619e-90
98	1.619e-90
99	1.619e-90
100	1.619e-90
101	1.619e-90
102	1.619e-90
103	1.619e-90
104	1.619e-90
105	1.619e-90
106	1.619e-90
107	1.619e-90
108	1.619e-90
109	1.619e-90
110	1.619e-90
111	1.619e-90
112	1.619e-90
113	1.619e-90
114	1.619e-90
115	1.619e-90
116	1.619e-90
117	1.619e-90
118	1.619e-90
119	1.619e-90
120	1.619e-90
121	1.619e-90
122	1.619e-90
123	1.619e-90
124	1.619e-90
125	1.619e-90
126	1.619e-90
127	1.619e-90
128	1.619e-90
129	1.619e-90
130	1.619e-90
131	1.619e-90
132	1.619e-90
133	1.619e-90
134	1.619e-90
135	1.619e-90
136	1.619e-90
137	1.619e-90
138	1.619e-90
139	1.619e-90
140	1.619e-90
141	1.619e-90
142	1.619e-90
143	1.619e-90
144	1.619e-90
145	1.619e-90
146	1.619e-90
147	1.619e-90
148	1.619e-90
149	1.619e-90
150	1.619e-90
151	1.619e-90
152	1.619e-90
153	1.619e-90
154	1.619e-90
155	1.619e-90
156	1.619e-90
157	1.619e-90
158	1.619e-90
159	1.619e-90
160	1.619e-90
161	1.619e-90
162	1.619e-90
163	1.619e-90
164	1.619e-90
165	1.619e-90
166	1.619e-90
167	1.619e-90
168	1.619e-90
169	1.619e-90
170	1.619e-90
171	1.619e-90
172	1.619e-90
173	1.619e-90
174	1.619e-90
175	1.619e-90
176	1.619e-90
177	1.619e-90
178	1.619e-90
179	1.619e-90
180	1.619e-90
181	1.619e-90
182	1.619e-90
183	1.619e-90
184	1.619e-90
185	1.619e-90
186	1.619e-90
187	1.619e-90
188	1.619e-90
189	1.619e-90
190	1.619e-90
191	1.619e-90
192	1.619e-90
193	1.619e-90
194	1.619e-90
195	1.619e-90
196	1.619e-90
197	1.619e-90
198	1.619e-90
199	1.619e-90
200	1.619e-90
201	1.619e-90
202	1.619e-90
203	1.619e-90
204	1.619e-90
205	1.619e-90
206	1.619e-90
207	1.619e-90
208	1.619e-90
209	1.619e-90
210	1.619e-90
211	1.619e-90
212	1.619e-90
213	1.619e-90
214	1.619e-90
215	1.619e-90
216	1.619e-90
217	1.619e-90
218	1.619e-90
219	1.619e-90
220	1.619e-90
221	1.619e-90
222	1.619e-90
223	1.619e-90
224	1.619e-90
225	1.619e-90
226	1.619e-90
227	1.619e-90
228	1.619e-90
229	1.619e-90
230	1.619e-90
231	1.619e-90
232	1.619e-90
233	1.619e-90
234	1.619e-90
235	1.619e-90
236	1.619e-90
237	1.619e-90
238	1.619e-90
239	1.619e-90
240	1.619e-90
241	1.619e-90
242	1.619e-90
243	1.619e-90
244	1.619e-90
245	1.619e-90
246	1.619e-90
247	1.619e-90
248	1.619e-90
249	1.619e-90
250	1.619e-90
251	1.619e-90
252	1.619e-90
253	1.619e-90
254	1.619e-90
255	1.619e-90
256	1.619e-90
257	1.619e-90
258	1.619e-90
259	1.619e-90
260	1.619e-90
261	1.619e-90
262	1.619e-90
263	1.619e-90
264	1.619e-90
265	1.619e-90
266	1.619e-90
267	1.619e-90
268	1.619e-90
269	1.619e-90
270	1.619e-90
271	1.619e-90
272	1.619e-90
273	1.619e-90
274	1.619e-90
275	1.619e-90
276	1.619e-90
277	1.619e-90
278	1.619e-90
279	1.619e-90
280	1.619e-90
281	1.619e-90
282	1.619e-90
283	1.619e-90
284	1.619e-90
285	1.619e-90
286	1.619e-90
287	1.619e-90
288	1.619e-90
289	1.619e-90
290	1.619e-90
291	1.619e-90
292	1.619e-90
293	1.619e-90
294	1.619e-90
295	1.619e-90
296	1.619e-90
297	1.619e-90
298	1.619e-90
299	1.619e-90
300	1.619e-90
301	1.619e-90
302	1.619e-90
303	1.619e-90
304	1.619e-90
305	1.619e-90
306	1.619e-90
307	1.619e-90
308	1.619e-90
309	1.619e-90
310	1.619e-90
311	1.619e-90
312	1.619e-90
313	1.619e-90
314	1.619e-90
315	1.619e-90
316	1.619e-90
317	1.619e-90
318	1.619e-90
319	1.619e-90
320	1.619e-90
321	1.619e-90
322	1.619e-90
323	1.619e-90
324	1.619e-90
325	1.619e-90
326	1.619e-90
327	1.619e-90
328	1.619e-90
329	1.619e-90
330	1.619e-90
331	1.619e-90
332	1.619e-90
333	1.619e-90
334	1.619e-90
335	1.619e-90
336	1.619e-90
337	1.619e-90
338	1.619e-90
339	1.619e-90
340	1.619e-90
341	1.619e-90
342	1.619e-90
343	1.619e-90
344	1.619e-90
345	1.619e-90
346	1.619e-90
347	1.619e-90
348	1.619e-90
349	1.619e-90
350	1.619e-90
351	1.619e-90
352	1.619e-90
353	1.619e-90
354	1.619e-90
355	1.619e-90
356	1.619e-90
357	1.619e-90
358	1.619e-90
359	1.619e-90
360	1.619e-90
361	1.619e-90
362	1.619e-90
363	1.619e-90
364	1.619e-90
365	1.619e-90
366	1.619e-90
367	1.619e-90
368	1.619e-90
369	1.619e-90
370	1.619e-90
371	1.619e-90
372	1.619e-90
373	1.619e-90
374	1.619e-90
375	1.619e-90
376	1.619e-90
377	1.619e-90
378	1.619e-90
379	1.619e-90
380	1.619e-90
381	1.619e-90
382	1.619e-90
383	1.619e-90
384	1.619e-90
385	1.619e-90
386	1.619e-90
387	1.619e-90
388	1.619e-90
389	1.619e-90
390	1.619e-90
391	1.619e-90
392	1.619e-90
393	1.619e-90
394	1.619e-90
395	1.619e-90
396	1.619e-90
397	1.619e-90
398	1.619e-90
399	1.619e-90
400	1.619e-90
401	1.619e-90
402	1.619e-90
403	1.619e-90
404	1.619e-90
405	1.619e-90
406	1.619e-90
407	1.619e-90
408	1.619e-90
409	1.619e-90
410	1.619e-90
411	1.619e-90
412	1.619e-90
413	1.619e-90
414	1.619e-90
415	1.619e-90
416	1.619e-90
417	1.619e-90
418	1.619e-90
419	1.619e-90
420	1.619e-90
421	1.619e-90
422	1.619e-90
423	1.619e-90
424	1.619e-90
425	1.619e-90
426	1.619e-90
427	1.619e-90
428	1.619e-90
429	1.619e-90
430	1.619e-90
431	1.619e-90
432	1.619e-90
433	1.619e-90
434	1.619e-90
435	1.619e-90
436	1.619e-90
437	1.619e-90
438	1.619e-90
439	1.619e-90
440	1.619e-90
441	1.619e-90
442	1.619e-90
443	1.619e-90
444	1.619e-90
445	1.619e-90
446	1.619e-90
447	1.619e-90
448	1.619e-90
449	1.619e-90
450	1.619e-90
451	1.619e-90
452	1.619e-90
453	1.619e-90
454	1.619e-90
455	1.619e-90
456	1.619e-90
457	1.619e-90
458	1.619e-90
459	1.619e-90
460	1.619e-90
461	1.619e-90
462	1.619e-90
463	1.619e-90
464	1.619e-90
465	1.619e-90
466	1.619e-90
467	1.619e-90
468	1.619e-90
469	1.619e-90
470	1.619e-90
471	1.619e-90
472	1.619e-90
473	1.619e-90
474	1.619e-90
475	1.619e-90
476	1.619e-90
477	1.619e-90
478	1.619e-90
479	1.619e-90
480	1.619e-90
481	1.619e-90
482	1.619e-90
483	1.619e-90
484	1.619e-90
485	1.619e-90
486	1.619e-90
487	1.619e-90
488	1.619e-90
489	1.619e-90
490	1.619e-90
491	1.619e-90
492	1.619e-90
493	1.619e-90
494	1.619e-90
495	1.619e-90
496	1.619e-90
497	1.619e-90
498	1.619e-90
499	1.619e-90
500	1.619e-90
