k	pvalue
0	1
1	1
2	0.999988
3	0.9994
4	0.985139
5	0.813938
6	3.69416e-16
7	3.69416e-16
8	3.69416e-16
9	3.69416e-16
10	3.69416e-16
11	3.69416e-16
12	3.69416e-16
13	3.69416e-16
14	3.69416e-16
15	3.69416e-16
16	3.69416e-16
17	3.69416e-16
18	3.69416e-16
19	3.69416e-16
20	3.69416e-16
21	3.69416e-16
22	3.69416e-16
23	3.69416e-16
24	3.69416e-16
25	3.69416e-16
26	3.69416e-16
27	3.69416e-16
28	3.69416e-16
29	3.69416e-16
30	3.69416e-16
31	3.69416e-16
32	3.69416e-16
33	3.69416e-16
34	3.69416e-16
35	3.69416e-16
36	3.69416e-16
37	3.69416e-16
38	3.69416e-16
39	3.69416e-16
40	3.69416e-16
41	3.69416e-16
42	3.69416e-16
43	3.69416e-16
44	3.69416e-16
45	3.69416e-16
46	3.69416e-16
47	3.69416e-16
48	3.69416e-16
49	3.69416e-16
50	3.69416e-16
51	3.69416e-16
52	3.69416e-16
53	3.69416e-16
54	3.69416e-16
55	3.69416e-16
56	3.69416e-16
57	3.69416e-16
58	3.69416e-16
59	3.69416e-16
60	3.69416e-16
61	3.69416e-16
62	3.69416e-16
63	3.69416e-16
64	3.69416e-16
65	3.69416e-16
66	3.69416e-16
67	3.69416e-16
68	3.69416e-16
69	3.69416e-16
70	3.69416e-16
71	3.69416e-16
72	3.69416e-16
73	3.69416e-16
74	3.69416e-16
75	3.69416e-16
76	3.69416e-16
77	3.69416e-16
78	3.69416e-16
79	3.69416e-16
80	3.69416e-16
81	3.69416e-16
82	3.69416e-16
83	3.69416e-16
84	3.69416e-16
85	3.69416e-16
86	3.69416e-16
87	3.69416e-16
88	3.69416e-16
89	3.69416e-16
90	3.69416e-16
91	3.69416e-16
92	3.69416e-16
93	3.69416e-16
94	3.69416e-16
95	3.69416e-16
96	3.69416e-16
97	3.69416e-16
98	3.69416e-16
99	3.69416e-16
100	3.69416e-16
101	3.69416e-16
102	3.69416e-16
103	3.69416e-16
104	3.69416e-16
105	3.69416e-16
106	3.69416e-16
107	3.69416e-16
108	3.69416e-16
109	3.69416e-16
110	3.69416e-16
111	3.69416e-16
112	3.69416e-16
113	3.69416e-16
114	3.69416e-16
115	3.69416e-16
116	3.69416e-16
117	3.69416e-16
118	3.69416e-16
119	3.69416e-16
120	3.69416e-16
121	3.69416e-16
122	3.69416e-16
123	3.69416e-16
124	3.69416e-16
125	3.69416e-16
126	3.69416e-16
127	3.69416e-16
128	3.69416e-16
129	3.69416e-16
130	3.69416e-16
131	3.69416e-16
132	3.69416e-16
133	3.69416e-16
134	3.69416e-16
135	3.69416e-16
136	3.69416e-16
137	3.69416e-16
138	3.69416e-16
139	3.69416e-16
140	3.69416e-16
141	3.69416e-16
142	3.69416e-16
143	3.69416e-16
144	3.69416e-16
145	3.69416e-16
146	3.69416e-16
147	3.69416e-16
148	3.69416e-16
149	3.69416e-16
150	3.69416e-16
151	3.69416e-16
152	3.69416e-16
153	3.69416e-16
154	3.69416e-16
155	3.69416e-16
156	3.69416e-16
157	3.69416e-16
158	3.69416e-16
159	3.69416e-16
160	3.69416e-16
161	3.69416e-16
162	3.69416e-16
163	3.69416e-16
164	3.69416e-16
165	3.69416e-16
166	3.69416e-16
167	3.69416e-16
168	3.69416e-16
169	3.69416e-16
170	3.69416e-16
171	3.69416e-16
172	3.69416e-16
173	3.69416e-16
174	3.69416e-16
175	3.69416e-16
176	3.69416e-16
177	3.69416e-16
178	3.69416e-16
179	3.69416e-16
180	3.69416e-16
181	3.69416e-16
182	3.69416e-16
183	3.69416e-16
184	3.69416e-16
185	3.69416e-16
186	3.69416e-16
187	3.69416e-16
188	3.69416e-16
189	3.69416e-16
190	3.69416e-16
191	3.69416e-16
192	3.69416e-16
193	3.69416e-16
194	3.69416e-16
195	3.69416e-16
196	3.69416e-16
197	3.69416e-16
198	3.69416e-16
199	3.69416e-16
200	3.69416e-16
201	3.69416e-16
202	3.69416e-16
203	3.69416e-16
204	3.69416e-16
205	3.69416e-16
206	3.69416e-16
207	3.69416e-16
208	3.69416e-16
209	3.69416e-16
210	3.69416e-16
211	3.69416e-16
212	3.69416e-16
213	3.69416e-16
214	3.69416e-16
215	3.69416e-16
216	3.69416e-16
217	3.69416e-16
218	3.69416e-16
219	3.69416e-16
220	3.69416e-16
221	3.69416e-16
222	3.69416e-16
223	3.69416e-16
224	3.69416e-16
225	3.69416e-16
226	3.69416e-16
227	3.69416e-16
228	3.69416e-16
229	3.69416e-16
230	3.69416e-16
231	3.69416e-16
232	3.69416e-16
233	3.69416e-16
234	3.69416e-16
235	3.69416e-16
236	3.69416e-16
237	3.69416e-16
238	3.69416e-16
239	3.69416e-16
240	3.69416e-16
241	3.69416e-16
242	3.69416e-16
243	3.69416e-16
244	3.69416e-16
245	3.69416e-16
246	3.69416e-16
247	3.69416e-16
248	3.69416e-16
249	3.69416e-16
250	3.69416e-16
251	3.69416e-16
252	3.69416e-16
253	3.69416e-16
254	3.69416e-16
255	3.69416e-16
256	3.69416e-16
257	3.69416e-16
258	3.69416e-16
259	3.69416e-16
260	3.69416e-16
261	3.69416e-16
262	3.69416e-16
263	3.69416e-16
264	3.69416e-16
265	3.69416e-16
266	3.69416e-16
267	3.69416e-16
268	3.69416e-16
269	3.69416e-16
270	3.69416e-16
271	3.69416e-16
272	3.69416e-16
273	3.69416e-16
274	3.69416e-16
275	3.69416e-16
276	3.69416e-16
277	3.69416e-16
278	3.69416e-16
279	3.69416e-16
280	3.69416e-16
281	3.69416e-16
282	3.69416e-16
283	3.69416e-16
284	3.69416e-16
285	3.69416e-16
286	3.69416e-16
287	3.69416e-16
288	3.69416e-16
289	3.69416e-16
290	3.69416e-16
291	3.69416e-16
292	3.69416e-16
293	3.69416e-16
294	3.69416e-16
295	3.69416e-16
296	3.69416e-16
297	3.69416e-16
298	3.69416e-16
299	3.69416e-16
300	3.69416e-16
301	3.69416e-16
302	3.69416e-16
303	3.69416e-16
304	3.69416e-16
305	3.69416e-16
306	3.69416e-16
307	3.69416e-16
308	3.69416e-16
309	3.69416e-16
310	3.69416e-16
311	3.69416e-16
312	3.69416e-16
313	3.69416e-16
314	3.69416e-16
315	3.69416e-16
316	3.69416e-16
317	3.69416e-16
318	3.69416e-16
319	3.69416e-16
320	3.69416e-16
321	3.69416e-16
322	3.69416e-16
323	3.69416e-16
324	3.69416e-16
325	3.69416e-16
326	3.69416e-16
327	3.69416e-16
328	3.69416e-16
329	3.69416e-16
330	3.69416e-16
331	3.69416e-16
332	3.69416e-16
333	3.69416e-16
334	3.69416e-16
335	3.69416e-16
336	3.69416e-16
337	3.69416e-16
338	3.69416e-16
339	3.69416e-16
340	3.69416e-16
341	3.69416e-16
342	3.69416e-16
343	3.69416e-16
344	3.69416e-16
345	3.69416e-16
346	3.69416e-16
347	3.69416e-16
348	3.69416e-16
349	3.69416e-16
350	3.69416e-16
351	3.69416e-16
352	3.69416e-16
353	3.69416e-16
354	3.69416e-16
355	3.69416e-16
356	3.69416e-16
357	3.69416e-16
358	3.69416e-16
359	3.69416e-16
360	3.69416e-16
361	3.69416e-16
362	3.69416e-16
363	3.69416e-16
364	3.69416e-16
365	3.69416e-16
366	3.69416e-16
367	3.69416e-16
368	3.69416e-16
369	3.69416e-16
370	3.69416e-16
371	3.69416e-16
372	3.69416e-16
373	3.69416e-16
374	3.69416e-16
375	3.69416e-16
376	3.69416e-16
377	3.69416e-16
378	3.69416e-16
379	3.69416e-16
380	3.69416e-16
381	3.69416e-16
382	3.69416e-16
383	3.69416e-16
384	3.69416e-16
385	3.69416e-16
386	3.69416e-16
387	3.69416e-16
388	3.69416e-16
389	3.69416e-16
390	3.69416e-16
391	3.69416e-16
392	3.69416e-16
393	3.69416e-16
394	3.69416e-16
395	3.69416e-16
396	3.69416e-16
397	3.69416e-16
398	3.69416e-16
399	3.69416e-16
400	3.69416e-16
401	3.69416e-16
402	3.69416e-16
403	3.69416e-16
404	3.69416e-16
405	3.69416e-16
406	3.69416e-16
407	3.69416e-16
408	3.69416e-16
409	3.69416e-16
410	3.69416e-16
411	3.69416e-16
412	3.69416e-16
413	3.69416e-16
414	3.69416e-16
415	3.69416e-16
416	3.69416e-16
417	3.69416e-16
418	3.69416e-16
419	3.69416e-16
420	3.69416e-16
421	3.69416e-16
422	3.69416e-16
423	3.69416e-16
424	3.69416e-16
425	3.69416e-16
426	3.69416e-16
427	3.69416e-16
428	3.69416e-16
429	3.69416e-16
430	3.69416e-16
431	3.69416e-16
432	3.69416e-16
433	3.69416e-16
434	3.69416e-16
435	3.69416e-16
436	3.69416e-16
437	3.69416e-16
438	3.69416e-16
439	3.69416e-16
440	3.69416e-16
441	3.69416e-16
442	3.69416e-16
443	3.69416e-16
444	3.69416e-16
445	3.69416e-16
446	3.69416e-16
447	3.69416e-16
448	3.69416e-16
449	3.69416e-16
450	3.69416e-16
451	3.69416e-16
452	3.69416e-16
453	3.69416e-16
454	3.69416e-16
455	3.69416e-16
456	3.69416e-16
457	3.69416e-16
458	3.69416e-16
459	3.69416e-16
460	3.69416e-16
461	3.69416e-16
462	3.69416e-16
463	3.69416e-16
464	3.69416e-16
465	3.69416e-16
466	3.69416e-16
467	3.69416e-16
468	3.69416e-16
469	3.69416e-16
470	3.69416e-16
471	3.69416e-16
472	3.69416e-16
473	3.69416e-16
474	3.69416e-16
475	3.69416e-16
476	3.69416e-16
477	3.69416e-16
478	3.69416e-16
479	3.69416e-16
480	3.69416e-16
481	3.69416e-16
482	3.69416e-16
483	3.69416e-16
484	3.69416e-16
485	3.69416e-16
486	3.69416e-16
487	3.69416e-16
488	3.69416e-16
489	3.69416e-16
490	3.69416e-16
491	3.69416e-16
492	3.69416e-16
493	3.69416e-16
494	3.69416e-16
495	3.69416e-16
496	3.69416e-16
497	3.69416e-16
498	3.69416e-16
499	3.69416e-16
500	3.69416e-16
501	3.69416e-16
502	3.69416e-16
503	3.69416e-16
504	3.69416e-16
505	3.69416e-16
506	3.69416e-16
507	3.69416e-16
508	3.69416e-16
509	3.69416e-16
510	3.69416e-16
511	3.69416e-16
512	3.69416e-16
513	3.69416e-16
514	3.69416e-16
515	3.69416e-16
516	3.69416e-16
517	3.69416e-16
518	3.69416e-16
519	3.69416e-16
520	3.69416e-16
521	3.69416e-16
522	3.69416e-16
523	3.69416e-16
524	3.69416e-16
525	3.69416e-16
526	3.69416e-16
527	3.69416e-16
528	3.69416e-16
529	3.69416e-16
530	3.69416e-16
531	3.69416e-16
532	3.69416e-16
533	3.69416e-16
534	3.69416e-16
535	3.69416e-16
536	3.69416e-16
537	3.69416e-16
538	3.69416e-16
539	3.69416e-16
540	3.69416e-16
541	3.69416e-16
542	3.69416e-16
543	3.69416e-16
544	3.69416e-16
545	3.69416e-16
546	3.69416e-16
547	3.69416e-16
548	3.69416e-16
549	3.69416e-16
550	3.69416e-16
551	3.69416e-16
552	3.69416e-16
553	3.69416e-16
554	3.69416e-16
555	3.69416e-16
556	3.69416e-16
557	3.69416e-16
558	3.69416e-16
559	3.69416e-16
560	3.69416e-16
561	3.69416e-16
562	3.69416e-16
563	3.69416e-16
564	3.69416e-16
565	3.69416e-16
566	3.69416e-16
567	3.69416e-16
568	3.69416e-16
569	3.69416e-16
570	3.69416e-16
571	3.69416e-16
572	3.69416e-16
573	3.69416e-16
574	3.69416e-16
575	3.69416e-16
576	3.69416e-16
577	3.69416e-16
578	3.69416e-16
579	3.69416e-16
580	3.69416e-16
581	3.69416e-16
582	3.69416e-16
583	3.69416e-16
584	3.69416e-16
585	3.69416e-16
586	3.69416e-16
587	3.69416e-16
588	3.69416e-16
589	3.69416e-16
590	3.69416e-16
591	3.69416e-16
592	3.69416e-16
593	3.69416e-16
594	3.69416e-16
595	3.69416e-16
596	3.69416e-16
597	3.69416e-16
598	3.69416e-16
599	3.69416e-16
600	3.69416e-16
601	3.69416e-16
602	3.69416e-16
603	3.69416e-16
604	3.69416e-16
605	3.69416e-16
606	3.69416e-16
607	3.69416e-16
608	3.69416e-16
609	3.69416e-16
610	3.69416e-16
611	3.69416e-16
612	3.69416e-16
613	3.69416e-16
614	3.69416e-16
615	3.69416e-16
616	3.69416e-16
617	3.69416e-16
618	3.69416e-16
619	3.69416e-16
620	3.69416e-16
621	3.69416e-16
622	3.69416e-16
623	3.69416e-16
624	3.69416e-16
625	3.69416e-16
626	3.69416e-16
627	3.69416e-16
628	3.69416e-16
629	3.69416e-16
630	3.69416e-16
631	3.69416e-16
632	3.69416e-16
633	3.69416e-16
634	3.69416e-16
635	3.69416e-16
636	3.69416e-16
637	3.69416e-16
638	3.69416e-16
639	3.69416e-16
640	3.69416e-16
641	3.69416e-16
642	3.69416e-16
643	3.69416e-16
644	3.69416e-16
645	3.69416e-16
646	3.69416e-16
647	3.69416e-16
648	3.69416e-16
649	3.69416e-16
650	3.69416e-16
651	3.69416e-16
652	3.69416e-16
653	3.69416e-16
654	3.69416e-16
655	3.69416e-16
656	3.69416e-16
657	3.69416e-16
658	3.69416e-16
659	3.69416e-16
660	3.69416e-16
661	3.69416e-16
662	3.69416e-16
663	3.69416e-16
664	3.69416e-16
665	3.69416e-16
666	3.69416e-16
667	3.69416e-16
668	3.69416e-16
669	3.69416e-16
670	3.69416e-16
671	3.69416e-16
672	3.69416e-16
673	3.69416e-16
674	3.69416e-16
675	3.69416e-16
676	3.69416e-16
677	3.69416e-16
678	3.69416e-16
679	3.69416e-16
680	3.69416e-16
681	3.69416e-16
682	3.69416e-16
683	3.69416e-16
684	3.69416e-16
685	3.69416e-16
686	3.69416e-16
687	3.69416e-16
688	3.69416e-16
689	3.69416e-16
690	3.69416e-16
691	3.69416e-16
692	3.69416e-16
693	3.69416e-16
694	3.69416e-16
695	3.69416e-16
696	3.69416e-16
697	3.69416e-16
698	3.69416e-16
699	3.69416e-16
700	3.69416e-16
701	3.69416e-16
702	3.69416e-16
703	3.69416e-16
704	3.69416e-16
705	3.69416e-16
706	3.69416e-16
707	3.69416e-16
708	3.69416e-16
709	3.69416e-16
710	3.69416e-16
711	3.69416e-16
712	3.69416e-16
713	3.69416e-16
714	3.69416e-16
715	3.69416e-16
716	3.69416e-16
717	3.69416e-16
718	3.69416e-16
719	3.69416e-16
720	3.69416e-16
721	3.69416e-16
722	3.69416e-16
723	3.69416e-16
724	3.69416e-16
725	3.69416e-16
726	3.69416e-16
727	3.69416e-16
728	3.69416e-16
729	3.69416e-16
730	3.69416e-16
731	3.69416e-16
732	3.69416e-16
733	3.69416e-16
734	3.69416e-16
735	3.69416e-16
736	3.69416e-16
737	3.69416e-16
738	3.69416e-16
739	3.69416e-16
740	3.69416e-16
741	3.69416e-16
742	3.69416e-16
743	3.69416e-16
744	3.69416e-16
745	3.69416e-16
746	3.69416e-16
747	3.69416e-16
748	3.69416e-16
749	3.69416e-16
750	3.69416e-16
751	3.69416e-16
752	3.69416e-16
753	3.69416e-16
754	3.69416e-16
755	3.69416e-16
756	3.69416e-16
757	3.69416e-16
758	3.69416e-16
759	3.69416e-16
760	3.69416e-16
761	3.69416e-16
762	3.69416e-16
763	3.69416e-16
764	3.69416e-16
765	3.69416e-16
766	3.69416e-16
767	3.69416e-16
768	3.69416e-16
769	3.69416e-16
770	3.69416e-16
771	3.69416e-16
772	3.69416e-16
773	3.69416e-16
774	3.69416e-16
775	3.69416e-16
776	3.69416e-16
777	3.69416e-16
778	3.69416e-16
779	3.69416e-16
780	3.69416e-16
781	3.69416e-16
782	3.69416e-16
783	3.69416e-16
784	3.69416e-16
785	3.69416e-16
786	3.69416e-16
787	3.69416e-16
788	3.69416e-16
789	3.69416e-16
790	3.69416e-16
791	3.69416e-16
792	3.69416e-16
793	3.69416e-16
794	3.69416e-16
795	3.69416e-16
796	3.69416e-16
797	3.69416e-16
798	3.69416e-16
799	3.69416e-16
800	3.69416e-16
801	3.69416e-16
802	3.69416e-16
803	3.69416e-16
804	3.69416e-16
805	3.69416e-16
806	3.69416e-16
807	3.69416e-16
808	3.69416e-16
809	3.69416e-16
810	3.69416e-16
811	3.69416e-16
812	3.69416e-16
813	3.69416e-16
814	3.69416e-16
815	3.69416e-16
816	3.69416e-16
817	3.69416e-16
818	3.69416e-16
819	3.69416e-16
820	3.69416e-16
821	3.69416e-16
822	3.69416e-16
823	3.69416e-16
824	3.69416e-16
825	3.69416e-16
826	3.69416e-16
827	3.69416e-16
828	3.69416e-16
829	3.69416e-16
830	3.69416e-16
831	3.69416e-16
832	3.69416e-16
833	3.69416e-16
834	3.69416e-16
835	3.69416e-16
836	3.69416e-16
837	3.69416e-16
838	3.69416e-16
839	3.69416e-16
840	3.69416e-16
841	3.69416e-16
842	3.69416e-16
843	3.69416e-16
844	3.69416e-16
845	3.69416e-16
846	3.69416e-16
847	3.69416e-16
848	3.69416e-16
849	3.69416e-16
850	3.69416e-16
851	3.69416e-16
852	3.69416e-16
853	3.69416e-16
854	3.69416e-16
855	3.69416e-16
856	3.69416e-16
857	3.69416e-16
858	3.69416e-16
859	3.69416e-16
860	3.69416e-16
861	3.69416e-16
862	3.69416e-16
863	3.69416e-16
864	3.69416e-16
865	3.69416e-16
866	3.69416e-16
867	3.69416e-16
868	3.69416e-16
869	3.69416e-16
870	3.69416e-16
871	3.69416e-16
872	3.69416e-16
873	3.69416e-16
874	3.69416e-16
875	3.69416e-16
876	3.69416e-16
877	3.69416e-16
878	3.69416e-16
879	3.69416e-16
880	3.69416e-16
881	3.69416e-16
882	3.69416e-16
883	3.69416e-16
884	3.69416e-16
885	3.69416e-16
886	3.69416e-16
887	3.69416e-16
888	3.69416e-16
889	3.69416e-16
890	3.69416e-16
891	3.69416e-16
892	3.69416e-16
893	3.69416e-16
894	3.69416e-16
895	3.69416e-16
896	3.69416e-16
897	3.69416e-16
898	3.69416e-16
899	3.69416e-16
900	3.69416e-16
901	3.69416e-16
902	3.69416e-16
903	3.69416e-16
904	3.69416e-16
905	3.69416e-16
906	3.69416e-16
907	3.69416e-16
908	3.69416e-16
909	3.69416e-16
910	3.69416e-16
911	3.69416e-16
912	3.69416e-16
913	3.69416e-16
914	3.69416e-16
915	3.69416e-16
916	3.69416e-16
917	3.69416e-16
918	3.69416e-16
919	3.69416e-16
920	3.69416e-16
921	3.69416e-16
922	3.69416e-16
923	3.69416e-16
924	3.69416e-16
925	3.69416e-16
926	3.69416e-16
927	3.69416e-16
928	3.69416e-16
929	3.69416e-16
930	3.69416e-16
931	3.69416e-16
932	3.69416e-16
933	3.69416e-16
934	3.69416e-16
935	3.69416e-16
936	3.69416e-16
937	3.69416e-16
938	3.69416e-16
939	3.69416e-16
940	3.69416e-16
941	3.69416e-16
942	3.69416e-16
943	3.69416e-16
944	3.69416e-16
945	3.69416e-16
946	3.69416e-16
947	3.69416e-16
948	3.69416e-16
949	3.69416e-16
950	3.69416e-16
951	3.69416e-16
952	3.69416e-16
953	3.69416e-16
954	3.69416e-16
955	3.69416e-16
956	3.69416e-16
957	3.69416e-16
958	3.69416e-16
959	3.69416e-16
960	3.69416e-16
961	3.69416e-16
962	3.69416e-16
963	3.69416e-16
964	3.69416e-16
965	3.69416e-16
966	3.69416e-16
967	3.69416e-16
968	3.69416e-16
969	3.69416e-16
970	3.69416e-16
971	3.69416e-16
972	3.69416e-16
973	3.69416e-16
974	3.69416e-16
975	3.69416e-16
976	3.69416e-16
977	3.69416e-16
978	3.69416e-16
979	3.69416e-16
980	3.69416e-16
981	3.69416e-16
982	3.69416e-16
983	3.69416e-16
984	3.69416e-16
985	3.69416e-16
986	3.69416e-16
987	3.69416e-16
988	3.69416e-16
989	3.69416e-16
990	3.69416e-16
991	3.69416e-16
992	3.69416e-16
993	3.69416e-16
994	3.69416e-16
995	3.69416e-16
996	3.69416e-16
997	3.69416e-16
998	3.69416e-16
999	3.69416e-16
1000	3.69416e-16
1001	3.69416e-16
1002	3.69416e-16
1003	3.69416e-16
1004	3.69416e-16
1005	3.69416e-16
1006	3.69416e-16
1007	3.69416e-16
1008	3.69416e-16
1009	3.69416e-16
1010	3.69416e-16
1011	3.69416e-16
1012	3.69416e-16
1013	3.69416e-16
1014	3.69416e-16
1015	3.69416e-16
1016	3.69416e-16
1017	3.69416e-16
1018	3.69416e-16
1019	3.69416e-16
1020	3.69416e-16
1021	3.69416e-16
1022	3.69416e-16
1023	3.69416e-16
1024	3.69416e-16
1025	3.69416e-16
1026	3.69416e-16
1027	3.69416e-16
1028	3.69416e-16
1029	3.69416e-16
1030	3.69416e-16
1031	3.69416e-16
1032	3.69416e-16
1033	3.69416e-16
1034	3.69416e-16
1035	3.69416e-16
1036	3.69416e-16
1037	3.69416e-16
1038	3.69416e-16
1039	3.69416e-16
1040	3.69416e-16
1041	3.69416e-16
1042	3.69416e-16
1043	3.69416e-16
1044	3.69416e-16
1045	3.69416e-16
1046	3.69416e-16
1047	3.69416e-16
1048	3.69416e-16
1049	3.69416e-16
1050	3.69416e-16
1051	3.69416e-16
1052	3.69416e-16
1053	3.69416e-16
1054	3.69416e-16
1055	3.69416e-16
1056	3.69416e-16
1057	3.69416e-16
1058	3.69416e-16
1059	3.69416e-16
1060	3.69416e-16
1061	3.69416e-16
1062	3.69416e-16
1063	3.69416e-16
1064	3.69416e-16
1065	3.69416e-16
1066	3.69416e-16
1067	3.69416e-16
1068	3.69416e-16
1069	3.69416e-16
1070	3.69416e-16
1071	3.69416e-16
1072	3.69416e-16
1073	3.69416e-16
1074	3.69416e-16
1075	3.69416e-16
1076	3.69416e-16
1077	3.69416e-16
1078	3.69416e-16
1079	3.69416e-16
1080	3.69416e-16
1081	3.69416e-16
1082	3.69416e-16
1083	3.69416e-16
1084	3.69416e-16
1085	3.69416e-16
1086	3.69416e-16
1087	3.69416e-16
1088	3.69416e-16
1089	3.69416e-16
1090	3.69416e-16
1091	3.69416e-16
1092	3.69416e-16
1093	3.69416e-16
1094	3.69416e-16
1095	3.69416e-16
1096	3.69416e-16
1097	3.69416e-16
1098	3.69416e-16
1099	3.69416e-16
1100	3.69416e-16
1101	3.69416e-16
1102	3.69416e-16
1103	3.69416e-16
1104	3.69416e-16
1105	3.69416e-16
1106	3.69416e-16
1107	3.69416e-16
1108	3.69416e-16
1109	3.69416e-16
1110	3.69416e-16
1111	3.69416e-16
1112	3.69416e-16
1113	3.69416e-16
1114	3.69416e-16
1115	3.69416e-16
1116	3.69416e-16
1117	3.69416e-16
1118	3.69416e-16
1119	3.69416e-16
1120	3.69416e-16
1121	3.69416e-16
1122	3.69416e-16
1123	3.69416e-16
1124	3.69416e-16
1125	3.69416e-16
1126	3.69416e-16
1127	3.69416e-16
1128	3.69416e-16
1129	3.69416e-16
1130	3.69416e-16
1131	3.69416e-16
1132	3.69416e-16
1133	3.69416e-16
1134	3.69416e-16
1135	3.69416e-16
1136	3.69416e-16
1137	3.69416e-16
1138	3.69416e-16
1139	3.69416e-16
1140	3.69416e-16
1141	3.69416e-16
1142	3.69416e-16
1143	3.69416e-16
1144	3.69416e-16
1145	3.69416e-16
1146	3.69416e-16
1147	3.69416e-16
1148	3.69416e-16
1149	3.69416e-16
1150	3.69416e-16
1151	3.69416e-16
1152	3.69416e-16
1153	3.69416e-16
1154	3.69416e-16
1155	3.69416e-16
1156	3.69416e-16
1157	3.69416e-16
1158	3.69416e-16
1159	3.69416e-16
1160	3.69416e-16
1161	3.69416e-16
1162	3.69416e-16
1163	3.69416e-16
1164	3.69416e-16
1165	3.69416e-16
1166	3.69416e-16
1167	3.69416e-16
1168	3.69416e-16
1169	3.69416e-16
1170	3.69416e-16
1171	3.69416e-16
1172	3.69416e-16
1173	3.69416e-16
1174	3.69416e-16
1175	3.69416e-16
1176	3.69416e-16
1177	3.69416e-16
1178	3.69416e-16
1179	3.69416e-16
1180	3.69416e-16
1181	3.69416e-16
1182	3.69416e-16
1183	3.69416e-16
1184	3.69416e-16
1185	3.69416e-16
1186	3.69416e-16
1187	3.69416e-16
1188	3.69416e-16
1189	3.69416e-16
1190	3.69416e-16
1191	3.69416e-16
1192	3.69416e-16
1193	3.69416e-16
1194	3.69416e-16
1195	3.69416e-16
1196	3.69416e-16
1197	3.69416e-16
1198	3.69416e-16
1199	3.69416e-16
1200	3.69416e-16
1201	3.69416e-16
1202	3.69416e-16
1203	3.69416e-16
1204	3.69416e-16
1205	3.69416e-16
1206	3.69416e-16
1207	3.69416e-16
1208	3.69416e-16
1209	3.69416e-16
1210	3.69416e-16
1211	3.69416e-16
1212	3.69416e-16
1213	3.69416e-16
1214	3.69416e-16
1215	3.69416e-16
1216	3.69416e-16
1217	3.69416e-16
1218	3.69416e-16
1219	3.69416e-16
1220	3.69416e-16
1221	3.69416e-16
1222	3.69416e-16
1223	3.69416e-16
1224	3.69416e-16
1225	3.69416e-16
1226	3.69416e-16
1227	3.69416e-16
1228	3.69416e-16
1229	3.69416e-16
1230	3.69416e-16
1231	3.69416e-16
1232	3.69416e-16
1233	3.69416e-16
1234	3.69416e-16
1235	3.69416e-16
1236	3.69416e-16
1237	3.69416e-16
1238	3.69416e-16
1239	3.69416e-16
1240	3.69416e-16
1241	3.69416e-16
1242	3.69416e-16
1243	3.69416e-16
1244	3.69416e-16
1245	3.69416e-16
1246	3.69416e-16
1247	3.69416e-16
1248	3.69416e-16
1249	3.69416e-16
1250	3.69416e-16
1251	3.69416e-16
1252	3.69416e-16
1253	3.69416e-16
1254	3.69416e-16
1255	3.69416e-16
1256	3.69416e-16
1257	3.69416e-16
1258	3.69416e-16
1259	3.69416e-16
1260	3.69416e-16
1261	3.69416e-16
1262	3.69416e-16
1263	3.69416e-16
1264	3.69416e-16
1265	3.69416e-16
1266	3.69416e-16
1267	3.69416e-16
1268	3.69416e-16
1269	3.69416e-16
1270	3.69416e-16
1271	3.69416e-16
1272	3.69416e-16
1273	3.69416e-16
1274	3.69416e-16
1275	3.69416e-16
1276	3.69416e-16
1277	3.69416e-16
1278	3.69416e-16
1279	3.69416e-16
1280	3.69416e-16
1281	3.69416e-16
1282	3.69416e-16
1283	3.69416e-16
1284	3.69416e-16
1285	3.69416e-16
1286	3.69416e-16
1287	3.69416e-16
1288	3.69416e-16
1289	3.69416e-16
1290	3.69416e-16
1291	3.69416e-16
1292	3.69416e-16
1293	3.69416e-16
1294	3.69416e-16
1295	3.69416e-16
1296	3.69416e-16
1297	3.69416e-16
1298	3.69416e-16
1299	3.69416e-16
1300	3.69416e-16
1301	3.69416e-16
1302	3.69416e-16
1303	3.69416e-16
1304	3.69416e-16
1305	3.69416e-16
1306	3.69416e-16
1307	3.69416e-16
1308	3.69416e-16
1309	3.69416e-16
1310	3.69416e-16
1311	3.69416e-16
1312	3.69416e-16
1313	3.69416e-16
1314	3.69416e-16
1315	3.69416e-16
1316	3.69416e-16
1317	3.69416e-16
1318	3.69416e-16
1319	3.69416e-16
1320	3.69416e-16
1321	3.69416e-16
1322	3.69416e-16
1323	3.69416e-16
1324	3.69416e-16
1325	3.69416e-16
1326	3.69416e-16
1327	3.69416e-16
1328	3.69416e-16
1329	3.69416e-16
1330	3.69416e-16
1331	3.69416e-16
1332	3.69416e-16
1333	3.69416e-16
1334	3.69416e-16
1335	3.69416e-16
1336	3.69416e-16
1337	3.69416e-16
1338	3.69416e-16
1339	3.69416e-16
1340	3.69416e-16
1341	3.69416e-16
1342	3.69416e-16
1343	3.69416e-16
1344	3.69416e-16
1345	3.69416e-16
1346	3.69416e-16
1347	3.69416e-16
1348	3.69416e-16
1349	3.69416e-16
1350	3.69416e-16
1351	3.69416e-16
1352	3.69416e-16
1353	3.69416e-16
1354	3.69416e-16
1355	3.69416e-16
1356	3.69416e-16
1357	3.69416e-16
1358	3.69416e-16
1359	3.69416e-16
1360	3.69416e-16
1361	3.69416e-16
1362	3.69416e-16
1363	3.69416e-16
1364	3.69416e-16
1365	3.69416e-16
1366	3.69416e-16
1367	3.69416e-16
1368	3.69416e-16
1369	3.69416e-16
1370	3.69416e-16
1371	3.69416e-16
1372	3.69416e-16
1373	3.69416e-16
1374	3.69416e-16
1375	3.69416e-16
1376	3.69416e-16
1377	3.69416e-16
1378	3.69416e-16
1379	3.69416e-16
1380	3.69416e-16
1381	3.69416e-16
1382	3.69416e-16
1383	3.69416e-16
1384	3.69416e-16
1385	3.69416e-16
1386	3.69416e-16
1387	3.69416e-16
1388	3.69416e-16
1389	3.69416e-16
1390	3.69416e-16
1391	3.69416e-16
1392	3.69416e-16
1393	3.69416e-16
1394	3.69416e-16
1395	3.69416e-16
1396	3.69416e-16
1397	3.69416e-16
1398	3.69416e-16
1399	3.69416e-16
1400	3.69416e-16
1401	3.69416e-16
1402	3.69416e-16
1403	3.69416e-16
1404	3.69416e-16
1405	3.69416e-16
1406	3.69416e-16
1407	3.69416e-16
1408	3.69416e-16
1409	3.69416e-16
1410	3.69416e-16
1411	3.69416e-16
1412	3.69416e-16
1413	3.69416e-16
1414	3.69416e-16
1415	3.69416e-16
1416	3.69416e-16
1417	3.69416e-16
1418	3.69416e-16
1419	3.69416e-16
1420	3.69416e-16
1421	3.69416e-16
1422	3.69416e-16
1423	3.69416e-16
1424	3.69416e-16
1425	3.69416e-16
1426	3.69416e-16
1427	3.69416e-16
1428	3.69416e-16
1429	3.69416e-16
1430	3.69416e-16
1431	3.69416e-16
1432	3.69416e-16
1433	3.69416e-16
1434	3.69416e-16
1435	3.69416e-16
1436	3.69416e-16
1437	3.69416e-16
1438	3.69416e-16
1439	3.69416e-16
1440	3.69416e-16
1441	3.69416e-16
1442	3.69416e-16
1443	3.69416e-16
1444	3.69416e-16
1445	3.69416e-16
1446	3.69416e-16
1447	3.69416e-16
1448	3.69416e-16
1449	3.69416e-16
1450	3.69416e-16
1451	3.69416e-16
1452	3.69416e-16
1453	3.69416e-16
1454	3.69416e-16
1455	3.69416e-16
1456	3.69416e-16
1457	3.69416e-16
1458	3.69416e-16
1459	3.69416e-16
1460	3.69416e-16
1461	3.69416e-16
1462	3.69416e-16
1463	3.69416e-16
1464	3.69416e-16
1465	3.69416e-16
1466	3.69416e-16
1467	3.69416e-16
1468	3.69416e-16
1469	3.69416e-16
1470	3.69416e-16
1471	3.69416e-16
1472	3.69416e-16
1473	3.69416e-16
1474	3.69416e-16
1475	3.69416e-16
1476	3.69416e-16
1477	3.69416e-16
1478	3.69416e-16
1479	3.69416e-16
1480	3.69416e-16
1481	3.69416e-16
1482	3.69416e-16
1483	3.69416e-16
1484	3.69416e-16
1485	3.69416e-16
1486	3.69416e-16
1487	3.69416e-16
1488	3.69416e-16
1489	3.69416e-16
1490	3.69416e-16
1491	3.69416e-16
1492	3.69416e-16
1493	3.69416e-16
1494	3.69416e-16
1495	3.69416e-16
1496	3.69416e-16
1497	3.69416e-16
1498	3.69416e-16
1499	3.69416e-16
1500	3.69416e-16
1501	3.69416e-16
1502	3.69416e-16
1503	3.69416e-16
1504	3.69416e-16
1505	3.69416e-16
1506	3.69416e-16
1507	3.69416e-16
1508	3.69416e-16
1509	3.69416e-16
1510	3.69416e-16
1511	3.69416e-16
1512	3.69416e-16
1513	3.69416e-16
1514	3.69416e-16
1515	3.69416e-16
1516	3.69416e-16
1517	3.69416e-16
1518	3.69416e-16
1519	3.69416e-16
1520	3.69416e-16
1521	3.69416e-16
1522	3.69416e-16
1523	3.69416e-16
1524	3.69416e-16
1525	3.69416e-16
1526	3.69416e-16
1527	3.69416e-16
1528	3.69416e-16
1529	3.69416e-16
1530	3.69416e-16
1531	3.69416e-16
1532	3.69416e-16
1533	3.69416e-16
1534	3.69416e-16
1535	3.69416e-16
1536	3.69416e-16
1537	3.69416e-16
1538	3.69416e-16
1539	3.69416e-16
1540	3.69416e-16
1541	3.69416e-16
1542	3.69416e-16
1543	3.69416e-16
1544	3.69416e-16
1545	3.69416e-16
1546	3.69416e-16
1547	3.69416e-16
1548	3.69416e-16
1549	3.69416e-16
1550	3.69416e-16
1551	3.69416e-16
1552	3.69416e-16
1553	3.69416e-16
1554	3.69416e-16
1555	3.69416e-16
1556	3.69416e-16
1557	3.69416e-16
1558	3.69416e-16
1559	3.69416e-16
1560	3.69416e-16
1561	3.69416e-16
1562	3.69416e-16
1563	3.69416e-16
1564	3.69416e-16
1565	3.69416e-16
1566	3.69416e-16
1567	3.69416e-16
1568	3.69416e-16
1569	3.69416e-16
1570	3.69416e-16
1571	3.69416e-16
1572	3.69416e-16
1573	3.69416e-16
1574	3.69416e-16
1575	3.69416e-16
1576	3.69416e-16
1577	3.69416e-16
1578	3.69416e-16
1579	3.69416e-16
1580	3.69416e-16
1581	3.69416e-16
1582	3.69416e-16
1583	3.69416e-16
1584	3.69416e-16
1585	3.69416e-16
1586	3.69416e-16
1587	3.69416e-16
1588	3.69416e-16
1589	3.69416e-16
1590	3.69416e-16
1591	3.69416e-16
1592	3.69416e-16
1593	3.69416e-16
1594	3.69416e-16
1595	3.69416e-16
1596	3.69416e-16
1597	3.69416e-16
1598	3.69416e-16
1599	3.69416e-16
1600	3.69416e-16
1601	3.69416e-16
1602	3.69416e-16
1603	3.69416e-16
1604	3.69416e-16
1605	3.69416e-16
1606	3.69416e-16
1607	3.69416e-16
1608	3.69416e-16
1609	3.69416e-16
1610	3.69416e-16
1611	3.69416e-16
1612	3.69416e-16
1613	3.69416e-16
1614	3.69416e-16
1615	3.69416e-16
1616	3.69416e-16
1617	3.69416e-16
1618	3.69416e-16
1619	3.69416e-16
1620	3.69416e-16
1621	3.69416e-16
1622	3.69416e-16
1623	3.69416e-16
1624	3.69416e-16
1625	3.69416e-16
1626	3.69416e-16
1627	3.69416e-16
1628	3.69416e-16
1629	3.69416e-16
1630	3.69416e-16
1631	3.69416e-16
1632	3.69416e-16
1633	3.69416e-16
1634	3.69416e-16
1635	3.69416e-16
1636	3.69416e-16
1637	3.69416e-16
1638	3.69416e-16
1639	3.69416e-16
1640	3.69416e-16
1641	3.69416e-16
1642	3.69416e-16
1643	3.69416e-16
1644	3.69416e-16
1645	3.69416e-16
1646	3.69416e-16
1647	3.69416e-16
1648	3.69416e-16
1649	3.69416e-16
1650	3.69416e-16
1651	3.69416e-16
1652	3.69416e-16
1653	3.69416e-16
1654	3.69416e-16
1655	3.69416e-16
1656	3.69416e-16
1657	3.69416e-16
1658	3.69416e-16
1659	3.69416e-16
1660	3.69416e-16
1661	3.69416e-16
1662	3.69416e-16
1663	3.69416e-16
1664	3.69416e-16
1665	3.69416e-16
1666	3.69416e-16
1667	3.69416e-16
1668	3.69416e-16
1669	3.69416e-16
1670	3.69416e-16
1671	3.69416e-16
1672	3.69416e-16
1673	3.69416e-16
1674	3.69416e-16
1675	3.69416e-16
1676	3.69416e-16
1677	3.69416e-16
1678	3.69416e-16
1679	3.69416e-16
1680	3.69416e-16
1681	3.69416e-16
1682	3.69416e-16
1683	3.69416e-16
1684	3.69416e-16
1685	3.69416e-16
1686	3.69416e-16
1687	3.69416e-16
1688	3.69416e-16
1689	3.69416e-16
1690	3.69416e-16
1691	3.69416e-16
1692	3.69416e-16
1693	3.69416e-16
1694	3.69416e-16
1695	3.69416e-16
1696	3.69416e-16
1697	3.69416e-16
1698	3.69416e-16
1699	3.69416e-16
1700	3.69416e-16
1701	3.69416e-16
1702	3.69416e-16
1703	3.69416e-16
1704	3.69416e-16
1705	3.69416e-16
1706	3.69416e-16
1707	3.69416e-16
1708	3.69416e-16
1709	3.69416e-16
1710	3.69416e-16
1711	3.69416e-16
1712	3.69416e-16
1713	3.69416e-16
1714	3.69416e-16
1715	3.69416e-16
1716	3.69416e-16
1717	3.69416e-16
1718	3.69416e-16
1719	3.69416e-16
1720	3.69416e-16
1721	3.69416e-16
1722	3.69416e-16
1723	3.69416e-16
1724	3.69416e-16
1725	3.69416e-16
1726	3.69416e-16
1727	3.69416e-16
1728	3.69416e-16
1729	3.69416e-16
1730	3.69416e-16
1731	3.69416e-16
1732	3.69416e-16
1733	3.69416e-16
1734	3.69416e-16
1735	3.69416e-16
1736	3.69416e-16
1737	3.69416e-16
1738	3.69416e-16
1739	3.69416e-16
1740	3.69416e-16
1741	3.69416e-16
1742	3.69416e-16
1743	3.69416e-16
1744	3.69416e-16
1745	3.69416e-16
1746	3.69416e-16
1747	3.69416e-16
1748	3.69416e-16
1749	3.69416e-16
1750	3.69416e-16
1751	3.69416e-16
1752	3.69416e-16
1753	3.69416e-16
1754	3.69416e-16
1755	3.69416e-16
1756	3.69416e-16
1757	3.69416e-16
1758	3.69416e-16
1759	3.69416e-16
1760	3.69416e-16
1761	3.69416e-16
1762	3.69416e-16
1763	3.69416e-16
1764	3.69416e-16
1765	3.69416e-16
1766	3.69416e-16
1767	3.69416e-16
1768	3.69416e-16
1769	3.69416e-16
1770	3.69416e-16
1771	3.69416e-16
1772	3.69416e-16
1773	3.69416e-16
1774	3.69416e-16
1775	3.69416e-16
1776	3.69416e-16
1777	3.69416e-16
1778	3.69416e-16
1779	3.69416e-16
1780	3.69416e-16
1781	3.69416e-16
1782	3.69416e-16
1783	3.69416e-16
1784	3.69416e-16
1785	3.69416e-16
1786	3.69416e-16
1787	3.69416e-16
1788	3.69416e-16
1789	3.69416e-16
1790	3.69416e-16
1791	3.69416e-16
1792	3.69416e-16
1793	3.69416e-16
1794	3.69416e-16
1795	3.69416e-16
1796	3.69416e-16
1797	3.69416e-16
1798	3.69416e-16
1799	3.69416e-16
1800	3.69416e-16
1801	3.69416e-16
1802	3.69416e-16
1803	3.69416e-16
1804	3.69416e-16
1805	3.69416e-16
1806	3.69416e-16
1807	3.69416e-16
1808	3.69416e-16
1809	3.69416e-16
1810	3.69416e-16
1811	3.69416e-16
1812	3.69416e-16
1813	3.69416e-16
1814	3.69416e-16
1815	3.69416e-16
1816	3.69416e-16
1817	3.69416e-16
1818	3.69416e-16
1819	3.69416e-16
1820	3.69416e-16
1821	3.69416e-16
1822	3.69416e-16
1823	3.69416e-16
1824	3.69416e-16
1825	3.69416e-16
1826	3.69416e-16
1827	3.69416e-16
1828	3.69416e-16
1829	3.69416e-16
1830	3.69416e-16
1831	3.69416e-16
1832	3.69416e-16
1833	3.69416e-16
1834	3.69416e-16
1835	3.69416e-16
1836	3.69416e-16
1837	3.69416e-16
1838	3.69416e-16
1839	3.69416e-16
1840	3.69416e-16
1841	3.69416e-16
1842	3.69416e-16
1843	3.69416e-16
1844	3.69416e-16
1845	3.69416e-16
1846	3.69416e-16
1847	3.69416e-16
1848	3.69416e-16
1849	3.69416e-16
1850	3.69416e-16
1851	3.69416e-16
1852	3.69416e-16
1853	3.69416e-16
1854	3.69416e-16
1855	3.69416e-16
1856	3.69416e-16
1857	3.69416e-16
1858	3.69416e-16
1859	3.69416e-16
1860	3.69416e-16
1861	3.69416e-16
1862	3.69416e-16
1863	3.69416e-16
1864	3.69416e-16
1865	3.69416e-16
1866	3.69416e-16
1867	3.69416e-16
1868	3.69416e-16
1869	3.69416e-16
1870	3.69416e-16
1871	3.69416e-16
1872	3.69416e-16
1873	3.69416e-16
1874	3.69416e-16
1875	3.69416e-16
1876	3.69416e-16
1877	3.69416e-16
1878	3.69416e-16
1879	3.69416e-16
1880	3.69416e-16
1881	3.69416e-16
1882	3.69416e-16
1883	3.69416e-16
1884	3.69416e-16
1885	3.69416e-16
1886	3.69416e-16
1887	3.69416e-16
1888	3.69416e-16
1889	3.69416e-16
1890	3.69416e-16
1891	3.69416e-16
1892	3.69416e-16
1893	3.69416e-16
1894	3.69416e-16
1895	3.69416e-16
1896	3.69416e-16
1897	3.69416e-16
1898	3.69416e-16
1899	3.69416e-16
1900	3.69416e-16
1901	3.69416e-16
1902	3.69416e-16
1903	3.69416e-16
1904	3.69416e-16
1905	3.69416e-16
1906	3.69416e-16
1907	3.69416e-16
1908	3.69416e-16
1909	3.69416e-16
1910	3.69416e-16
1911	3.69416e-16
1912	3.69416e-16
1913	3.69416e-16
1914	3.69416e-16
1915	3.69416e-16
1916	3.69416e-16
1917	3.69416e-16
1918	3.69416e-16
1919	3.69416e-16
1920	3.69416e-16
1921	3.69416e-16
1922	3.69416e-16
1923	3.69416e-16
1924	3.69416e-16
1925	3.69416e-16
1926	3.69416e-16
1927	3.69416e-16
1928	3.69416e-16
1929	3.69416e-16
1930	3.69416e-16
1931	3.69416e-16
1932	3.69416e-16
1933	3.69416e-16
1934	3.69416e-16
1935	3.69416e-16
1936	3.69416e-16
1937	3.69416e-16
1938	3.69416e-16
1939	3.69416e-16
1940	3.69416e-16
1941	3.69416e-16
1942	3.69416e-16
1943	3.69416e-16
1944	3.69416e-16
1945	3.69416e-16
1946	3.69416e-16
1947	3.69416e-16
1948	3.69416e-16
1949	3.69416e-16
1950	3.69416e-16
1951	3.69416e-16
1952	3.69416e-16
1953	3.69416e-16
1954	3.69416e-16
1955	3.69416e-16
1956	3.69416e-16
1957	3.69416e-16
1958	3.69416e-16
1959	3.69416e-16
1960	3.69416e-16
1961	3.69416e-16
1962	3.69416e-16
1963	3.69416e-16
1964	3.69416e-16
1965	3.69416e-16
1966	3.69416e-16
1967	3.69416e-16
1968	3.69416e-16
1969	3.69416e-16
1970	3.69416e-16
1971	3.69416e-16
1972	3.69416e-16
1973	3.69416e-16
1974	3.69416e-16
1975	3.69416e-16
1976	3.69416e-16
1977	3.69416e-16
1978	3.69416e-16
1979	3.69416e-16
1980	3.69416e-16
1981	3.69416e-16
1982	3.69416e-16
1983	3.69416e-16
1984	3.69416e-16
1985	3.69416e-16
1986	3.69416e-16
1987	3.69416e-16
1988	3.69416e-16
1989	3.69416e-16
1990	3.69416e-16
1991	3.69416e-16
1992	3.69416e-16
1993	3.69416e-16
1994	3.69416e-16
1995	3.69416e-16
1996	3.69416e-16
1997	3.69416e-16
1998	3.69416e-16
1999	3.69416e-16
2000	3.69416e-16
2001	3.69416e-16
2002	3.69416e-16
2003	3.69416e-16
2004	3.69416e-16
2005	3.69416e-16
2006	3.69416e-16
2007	3.69416e-16
2008	3.69416e-16
2009	3.69416e-16
2010	3.69416e-16
2011	3.69416e-16
2012	3.69416e-16
2013	3.69416e-16
2014	3.69416e-16
2015	3.69416e-16
2016	3.69416e-16
2017	3.69416e-16
2018	3.69416e-16
2019	3.69416e-16
2020	3.69416e-16
2021	3.69416e-16
2022	3.69416e-16
2023	3.69416e-16
2024	3.69416e-16
2025	3.69416e-16
2026	3.69416e-16
2027	3.69416e-16
2028	3.69416e-16
2029	3.69416e-16
2030	3.69416e-16
2031	3.69416e-16
2032	3.69416e-16
2033	3.69416e-16
2034	3.69416e-16
2035	3.69416e-16
2036	3.69416e-16
2037	3.69416e-16
2038	3.69416e-16
2039	3.69416e-16
2040	3.69416e-16
2041	3.69416e-16
2042	3.69416e-16
2043	3.69416e-16
2044	3.69416e-16
2045	3.69416e-16
2046	3.69416e-16
2047	3.69416e-16
2048	3.69416e-16
2049	3.69416e-16
2050	3.69416e-16
2051	3.69416e-16
2052	3.69416e-16
2053	3.69416e-16
2054	3.69416e-16
2055	3.69416e-16
2056	3.69416e-16
2057	3.69416e-16
2058	3.69416e-16
2059	3.69416e-16
2060	3.69416e-16
2061	3.69416e-16
2062	3.69416e-16
2063	3.69416e-16
2064	3.69416e-16
2065	3.69416e-16
2066	3.69416e-16
2067	3.69416e-16
2068	3.69416e-16
2069	3.69416e-16
2070	3.69416e-16
2071	3.69416e-16
2072	3.69416e-16
2073	3.69416e-16
2074	3.69416e-16
2075	3.69416e-16
2076	3.69416e-16
2077	3.69416e-16
2078	3.69416e-16
2079	3.69416e-16
2080	3.69416e-16
2081	3.69416e-16
2082	3.69416e-16
2083	3.69416e-16
2084	3.69416e-16
2085	3.69416e-16
2086	3.69416e-16
2087	3.69416e-16
2088	3.69416e-16
2089	3.69416e-16
2090	3.69416e-16
2091	3.69416e-16
2092	3.69416e-16
2093	3.69416e-16
2094	3.69416e-16
2095	3.69416e-16
2096	3.69416e-16
2097	3.69416e-16
2098	3.69416e-16
2099	3.69416e-16
2100	3.69416e-16
2101	3.69416e-16
2102	3.69416e-16
2103	3.69416e-16
2104	3.69416e-16
2105	3.69416e-16
2106	3.69416e-16
2107	3.69416e-16
2108	3.69416e-16
2109	3.69416e-16
2110	3.69416e-16
2111	3.69416e-16
2112	3.69416e-16
2113	3.69416e-16
2114	3.69416e-16
2115	3.69416e-16
2116	3.69416e-16
2117	3.69416e-16
2118	3.69416e-16
2119	3.69416e-16
2120	3.69416e-16
2121	3.69416e-16
2122	3.69416e-16
2123	3.69416e-16
2124	3.69416e-16
2125	3.69416e-16
2126	3.69416e-16
2127	3.69416e-16
2128	3.69416e-16
2129	3.69416e-16
2130	3.69416e-16
2131	3.69416e-16
2132	3.69416e-16
2133	3.69416e-16
2134	3.69416e-16
2135	3.69416e-16
2136	3.69416e-16
2137	3.69416e-16
2138	3.69416e-16
2139	3.69416e-16
2140	3.69416e-16
2141	3.69416e-16
2142	3.69416e-16
2143	3.69416e-16
2144	3.69416e-16
2145	3.69416e-16
2146	3.69416e-16
2147	3.69416e-16
2148	3.69416e-16
2149	3.69416e-16
2150	3.69416e-16
2151	3.69416e-16
2152	3.69416e-16
2153	3.69416e-16
2154	3.69416e-16
2155	3.69416e-16
2156	3.69416e-16
2157	3.69416e-16
2158	3.69416e-16
2159	3.69416e-16
2160	3.69416e-16
2161	3.69416e-16
2162	3.69416e-16
2163	3.69416e-16
2164	3.69416e-16
2165	3.69416e-16
2166	3.69416e-16
2167	3.69416e-16
2168	3.69416e-16
2169	3.69416e-16
2170	3.69416e-16
2171	3.69416e-16
2172	3.69416e-16
2173	3.69416e-16
2174	3.69416e-16
2175	3.69416e-16
2176	3.69416e-16
2177	3.69416e-16
2178	3.69416e-16
2179	3.69416e-16
2180	3.69416e-16
2181	3.69416e-16
2182	3.69416e-16
2183	3.69416e-16
2184	3.69416e-16
2185	3.69416e-16
2186	3.69416e-16
2187	3.69416e-16
2188	3.69416e-16
2189	3.69416e-16
2190	3.69416e-16
2191	3.69416e-16
2192	3.69416e-16
2193	3.69416e-16
2194	3.69416e-16
2195	3.69416e-16
2196	3.69416e-16
2197	3.69416e-16
2198	3.69416e-16
2199	3.69416e-16
2200	3.69416e-16
2201	3.69416e-16
2202	3.69416e-16
2203	3.69416e-16
2204	3.69416e-16
2205	3.69416e-16
2206	3.69416e-16
2207	3.69416e-16
2208	3.69416e-16
2209	3.69416e-16
2210	3.69416e-16
2211	3.69416e-16
2212	3.69416e-16
2213	3.69416e-16
2214	3.69416e-16
2215	3.69416e-16
2216	3.69416e-16
2217	3.69416e-16
2218	3.69416e-16
2219	3.69416e-16
2220	3.69416e-16
2221	3.69416e-16
2222	3.69416e-16
2223	3.69416e-16
2224	3.69416e-16
2225	3.69416e-16
2226	3.69416e-16
2227	3.69416e-16
2228	3.69416e-16
2229	3.69416e-16
2230	3.69416e-16
2231	3.69416e-16
2232	3.69416e-16
2233	3.69416e-16
2234	3.69416e-16
2235	3.69416e-16
2236	3.69416e-16
2237	3.69416e-16
2238	3.69416e-16
2239	3.69416e-16
2240	3.69416e-16
2241	3.69416e-16
2242	3.69416e-16
2243	3.69416e-16
2244	3.69416e-16
2245	3.69416e-16
2246	3.69416e-16
2247	3.69416e-16
2248	3.69416e-16
2249	3.69416e-16
2250	3.69416e-16
2251	3.69416e-16
2252	3.69416e-16
2253	3.69416e-16
2254	3.69416e-16
2255	3.69416e-16
2256	3.69416e-16
2257	3.69416e-16
2258	3.69416e-16
2259	3.69416e-16
2260	3.69416e-16
2261	3.69416e-16
2262	3.69416e-16
2263	3.69416e-16
2264	3.69416e-16
2265	3.69416e-16
2266	3.69416e-16
2267	3.69416e-16
2268	3.69416e-16
2269	3.69416e-16
2270	3.69416e-16
2271	3.69416e-16
2272	3.69416e-16
2273	3.69416e-16
2274	3.69416e-16
2275	3.69416e-16
2276	3.69416e-16
2277	3.69416e-16
2278	3.69416e-16
2279	3.69416e-16
2280	3.69416e-16
2281	3.69416e-16
2282	3.69416e-16
2283	3.69416e-16
2284	3.69416e-16
2285	3.69416e-16
2286	3.69416e-16
2287	3.69416e-16
2288	3.69416e-16
2289	3.69416e-16
2290	3.69416e-16
2291	3.69416e-16
2292	3.69416e-16
2293	3.69416e-16
2294	3.69416e-16
2295	3.69416e-16
2296	3.69416e-16
2297	3.69416e-16
2298	3.69416e-16
2299	3.69416e-16
2300	3.69416e-16
2301	3.69416e-16
2302	3.69416e-16
2303	3.69416e-16
2304	3.69416e-16
2305	3.69416e-16
2306	3.69416e-16
2307	3.69416e-16
2308	3.69416e-16
2309	3.69416e-16
2310	3.69416e-16
2311	3.69416e-16
2312	3.69416e-16
2313	3.69416e-16
2314	3.69416e-16
2315	3.69416e-16
2316	3.69416e-16
2317	3.69416e-16
2318	3.69416e-16
2319	3.69416e-16
2320	3.69416e-16
2321	3.69416e-16
2322	3.69416e-16
2323	3.69416e-16
2324	3.69416e-16
2325	3.69416e-16
2326	3.69416e-16
2327	3.69416e-16
2328	3.69416e-16
2329	3.69416e-16
2330	3.69416e-16
2331	3.69416e-16
2332	3.69416e-16
2333	3.69416e-16
2334	3.69416e-16
2335	3.69416e-16
2336	3.69416e-16
2337	3.69416e-16
2338	3.69416e-16
2339	3.69416e-16
2340	3.69416e-16
2341	3.69416e-16
2342	3.69416e-16
2343	3.69416e-16
2344	3.69416e-16
2345	3.69416e-16
2346	3.69416e-16
2347	3.69416e-16
2348	3.69416e-16
2349	3.69416e-16
2350	3.69416e-16
2351	3.69416e-16
2352	3.69416e-16
2353	3.69416e-16
2354	3.69416e-16
2355	3.69416e-16
2356	3.69416e-16
2357	3.69416e-16
2358	3.69416e-16
2359	3.69416e-16
2360	3.69416e-16
2361	3.69416e-16
2362	3.69416e-16
2363	3.69416e-16
2364	3.69416e-16
2365	3.69416e-16
2366	3.69416e-16
2367	3.69416e-16
2368	3.69416e-16
2369	3.69416e-16
2370	3.69416e-16
2371	3.69416e-16
2372	3.69416e-16
2373	3.69416e-16
2374	3.69416e-16
2375	3.69416e-16
2376	3.69416e-16
2377	3.69416e-16
2378	3.69416e-16
2379	3.69416e-16
2380	3.69416e-16
2381	3.69416e-16
2382	3.69416e-16
2383	3.69416e-16
2384	3.69416e-16
2385	3.69416e-16
2386	3.69416e-16
2387	3.69416e-16
2388	3.69416e-16
2389	3.69416e-16
2390	3.69416e-16
2391	3.69416e-16
2392	3.69416e-16
2393	3.69416e-16
2394	3.69416e-16
2395	3.69416e-16
2396	3.69416e-16
2397	3.69416e-16
2398	3.69416e-16
2399	3.69416e-16
2400	3.69416e-16
2401	3.69416e-16
2402	3.69416e-16
2403	3.69416e-16
2404	3.69416e-16
2405	3.69416e-16
2406	3.69416e-16
2407	3.69416e-16
2408	3.69416e-16
2409	3.69416e-16
2410	3.69416e-16
2411	3.69416e-16
2412	3.69416e-16
2413	3.69416e-16
2414	3.69416e-16
2415	3.69416e-16
2416	3.69416e-16
2417	3.69416e-16
2418	3.69416e-16
2419	3.69416e-16
2420	3.69416e-16
2421	3.69416e-16
2422	3.69416e-16
2423	3.69416e-16
2424	3.69416e-16
2425	3.69416e-16
2426	3.69416e-16
2427	3.69416e-16
2428	3.69416e-16
2429	3.69416e-16
2430	3.69416e-16
2431	3.69416e-16
2432	3.69416e-16
2433	3.69416e-16
2434	3.69416e-16
2435	3.69416e-16
2436	3.69416e-16
2437	3.69416e-16
2438	3.69416e-16
2439	3.69416e-16
2440	3.69416e-16
2441	3.69416e-16
2442	3.69416e-16
2443	3.69416e-16
2444	3.69416e-16
2445	3.69416e-16
2446	3.69416e-16
2447	3.69416e-16
2448	3.69416e-16
2449	3.69416e-16
2450	3.69416e-16
2451	3.69416e-16
2452	3.69416e-16
2453	3.69416e-16
2454	3.69416e-16
2455	3.69416e-16
2456	3.69416e-16
2457	3.69416e-16
2458	3.69416e-16
2459	3.69416e-16
2460	3.69416e-16
2461	3.69416e-16
2462	3.69416e-16
2463	3.69416e-16
2464	3.69416e-16
2465	3.69416e-16
2466	3.69416e-16
2467	3.69416e-16
2468	3.69416e-16
2469	3.69416e-16
2470	3.69416e-16
2471	3.69416e-16
2472	3.69416e-16
2473	3.69416e-16
2474	3.69416e-16
2475	3.69416e-16
2476	3.69416e-16
2477	3.69416e-16
2478	3.69416e-16
2479	3.69416e-16
2480	3.69416e-16
2481	3.69416e-16
2482	3.69416e-16
2483	3.69416e-16
2484	3.69416e-16
2485	3.69416e-16
2486	3.69416e-16
2487	3.69416e-16
2488	3.69416e-16
2489	3.69416e-16
2490	3.69416e-16
2491	3.69416e-16
2492	3.69416e-16
2493	3.69416e-16
2494	3.69416e-16
2495	3.69416e-16
2496	3.69416e-16
2497	3.69416e-16
2498	3.69416e-16
2499	3.69416e-16
2500	3.69416e-16
