k	pvalue
0	1
1	1
2	1
3	1
4	1
5	1
6	1
7	1
8	1
9	1
10	1
11	1
12	1
13	1
14	1
15	1
16	1
17	1
18	1
19	1
20	1
21	1
22	1
23	1
24	1
25	1
26	1
27	1
28	1
29	1
30	1
31	1
32	1
33	1
34	1
35	1
36	1
37	1
38	1
39	1
40	0.999998
41	0.999982
42	0.999883
43	0.999343
44	0.996794
45	0.986627
46	0.952997
47	0.863256
48	0.677686
49	0.398764
50	0.127744
51	2.96718e-107
52	2.96718e-107
53	2.96718e-107
54	2.96718e-107
55	2.96718e-107
56	2.96718e-107
57	2.96718e-107
58	2.96718e-107
59	2.96718e-107
60	2.96718e-107
61	2.96718e-107
62	2.96718e-107
63	2.96718e-107
64	2.96718e-107
65	2.96718e-107
66	2.96718e-107
67	2.96718e-107
68	2.96718e-107
69	2.96718e-107
70	2.96718e-107
71	2.96718e-107
72	2.96718e-107
73	2.96718e-107
74	2.96718e-107
75	2.96718e-107
76	2.96718e-107
77	2.96718e-107
78	2.96718e-107
79	2.96718e-107
80	2.96718e-107
81	2.96718e-107
82	2.96718e-107
83	2.96718e-107
84	2.96718e-107
85	2.96718e-107
86	2.96718e-107
87	2.96718e-107
88	2.96718e-107
89	2.96718e-107
90	2.96718e-107
91	2.96718e-107
92	2.96718e-107
93	2.96718e-107
94	2.96718e-107
95	2.96718e-107
96	2.96718e-107
97	2.96718e-107
98	2.96718e-107
99	2.96718e-107
100	2.96718e-107
101	2.96718e-107
102	2.96718e-107
103	2.96718e-107
104	2.96718e-107
105	2.96718e-107
106	2.96718e-107
107	2.96718e-107
108	2.96718e-107
109	2.96718e-107
110	2.96718e-107
111	2.96718e-107
112	2.96718e-107
113	2.96718e-107
114	2.96718e-107
115	2.96718e-107
116	2.96718e-107
117	2.96718e-107
118	2.96718e-107
119	2.96718e-107
120	2.96718e-107
121	2.96718e-107
122	2.96718e-107
123	2.96718e-107
124	2.96718e-107
125	2.96718e-107
126	2.96718e-107
127	2.96718e-107
128	2.96718e-107
129	2.96718e-107
130	2.96718e-107
131	2.96718e-107
132	2.96718e-107
133	2.96718e-107
134	2.96718e-107
135	2.96718e-107
136	2.96718e-107
137	2.96718e-107
138	2.96718e-107
139	2.96718e-107
140	2.96718e-107
141	2.96718e-107
142	2.96718e-107
143	2.96718e-107
144	2.96718e-107
145	2.96718e-107
146	2.96718e-107
147	2.96718e-107
148	2.96718e-107
149	2.96718e-107
150	2.96718e-107
151	2.96718e-107
152	2.96718e-107
153	2.96718e-107
154	2.96718e-107
155	2.96718e-107
156	2.96718e-107
157	2.96718e-107
158	2.96718e-107
159	2.96718e-107
160	2.96718e-107
161	2.96718e-107
162	2.96718e-107
163	2.96718e-107
164	2.96718e-107
165	2.96718e-107
166	2.96718e-107
167	2.96718e-107
168	2.96718e-107
169	2.96718e-107
170	2.96718e-107
171	2.96718e-107
172	2.96718e-107
173	2.96718e-107
174	2.96718e-107
175	2.96718e-107
176	2.96718e-107
177	2.96718e-107
178	2.96718e-107
179	2.96718e-107
180	2.96718e-107
181	2.96718e-107
182	2.96718e-107
183	2.96718e-107
184	2.96718e-107
185	2.96718e-107
186	2.96718e-107
187	2.96718e-107
188	2.96718e-107
189	2.96718e-107
190	2.96718e-107
191	2.96718e-107
192	2.96718e-107
193	2.96718e-107
194	2.96718e-107
195	2.96718e-107
196	2.96718e-107
197	2.96718e-107
198	2.96718e-107
199	2.96718e-107
200	2.96718e-107
201	2.96718e-107
202	2.96718e-107
203	2.96718e-107
204	2.96718e-107
205	2.96718e-107
206	2.96718e-107
207	2.96718e-107
208	2.96718e-107
209	2.96718e-107
210	2.96718e-107
211	2.96718e-107
212	2.96718e-107
213	2.96718e-107
214	2.96718e-107
215	2.96718e-107
216	2.96718e-107
217	2.96718e-107
218	2.96718e-107
219	2.96718e-107
220	2.96718e-107
221	2.96718e-107
222	2.96718e-107
223	2.96718e-107
224	2.96718e-107
225	2.96718e-107
226	2.96718e-107
227	2.96718e-107
228	2.96718e-107
229	2.96718e-107
230	2.96718e-107
231	2.96718e-107
232	2.96718e-107
233	2.96718e-107
234	2.96718e-107
235	2.96718e-107
236	2.96718e-107
237	2.96718e-107
238	2.96718e-107
239	2.96718e-107
240	2.96718e-107
241	2.96718e-107
242	2.96718e-107
243	2.96718e-107
244	2.96718e-107
245	2.96718e-107
246	2.96718e-107
247	2.96718e-107
248	2.96718e-107
249	2.96718e-107
250	2.96718e-107
251	2.96718e-107
252	2.96718e-107
253	2.96718e-107
254	2.96718e-107
255	2.96718e-107
256	2.96718e-107
257	2.96718e-107
258	2.96718e-107
259	2.96718e-107
260	2.96718e-107
261	2.96718e-107
262	2.96718e-107
263	2.96718e-107
264	2.96718e-107
265	2.96718e-107
266	2.96718e-107
267	2.96718e-107
268	2.96718e-107
269	2.96718e-107
270	2.96718e-107
271	2.96718e-107
272	2.96718e-107
273	2.96718e-107
274	2.96718e-107
275	2.96718e-107
276	2.96718e-107
277	2.96718e-107
278	2.96718e-107
279	2.96718e-107
280	2.96718e-107
281	2.96718e-107
282	2.96718e-107
283	2.96718e-107
284	2.96718e-107
285	2.96718e-107
286	2.96718e-107
287	2.96718e-107
288	2.96718e-107
289	2.96718e-107
290	2.96718e-107
291	2.96718e-107
292	2.96718e-107
293	2.96718e-107
294	2.96718e-107
295	2.96718e-107
296	2.96718e-107
297	2.96718e-107
298	2.96718e-107
299	2.96718e-107
300	2.96718e-107
301	2.96718e-107
302	2.96718e-107
303	2.96718e-107
304	2.96718e-107
305	2.96718e-107
306	2.96718e-107
307	2.96718e-107
308	2.96718e-107
309	2.96718e-107
310	2.96718e-107
311	2.96718e-107
312	2.96718e-107
313	2.96718e-107
314	2.96718e-107
315	2.96718e-107
316	2.96718e-107
317	2.96718e-107
318	2.96718e-107
319	2.96718e-107
320	2.96718e-107
321	2.96718e-107
322	2.96718e-107
323	2.96718e-107
324	2.96718e-107
325	2.96718e-107
326	2.96718e-107
327	2.96718e-107
328	2.96718e-107
329	2.96718e-107
330	2.96718e-107
331	2.96718e-107
332	2.96718e-107
333	2.96718e-107
334	2.96718e-107
335	2.96718e-107
336	2.96718e-107
337	2.96718e-107
338	2.96718e-107
339	2.96718e-107
340	2.96718e-107
341	2.96718e-107
342	2.96718e-107
343	2.96718e-107
344	2.96718e-107
345	2.96718e-107
346	2.96718e-107
347	2.96718e-107
348	2.96718e-107
349	2.96718e-107
350	2.96718e-107
351	2.96718e-107
352	2.96718e-107
353	2.96718e-107
354	2.96718e-107
355	2.96718e-107
356	2.96718e-107
357	2.96718e-107
358	2.96718e-107
359	2.96718e-107
360	2.96718e-107
361	2.96718e-107
362	2.96718e-107
363	2.96718e-107
364	2.96718e-107
365	2.96718e-107
366	2.96718e-107
367	2.96718e-107
368	2.96718e-107
369	2.96718e-107
370	2.96718e-107
371	2.96718e-107
372	2.96718e-107
373	2.96718e-107
374	2.96718e-107
375	2.96718e-107
376	2.96718e-107
377	2.96718e-107
378	2.96718e-107
379	2.96718e-107
380	2.96718e-107
381	2.96718e-107
382	2.96718e-107
383	2.96718e-107
384	2.96718e-107
385	2.96718e-107
386	2.96718e-107
387	2.96718e-107
388	2.96718e-107
389	2.96718e-107
390	2.96718e-107
391	2.96718e-107
392	2.96718e-107
393	2.96718e-107
394	2.96718e-107
395	2.96718e-107
396	2.96718e-107
397	2.96718e-107
398	2.96718e-107
399	2.96718e-107
400	2.96718e-107
401	2.96718e-107
402	2.96718e-107
403	2.96718e-107
404	2.96718e-107
405	2.96718e-107
406	2.96718e-107
407	2.96718e-107
408	2.96718e-107
409	2.96718e-107
410	2.96718e-107
411	2.96718e-107
412	2.96718e-107
413	2.96718e-107
414	2.96718e-107
415	2.96718e-107
416	2.96718e-107
417	2.96718e-107
418	2.96718e-107
419	2.96718e-107
420	2.96718e-107
421	2.96718e-107
422	2.96718e-107
423	2.96718e-107
424	2.96718e-107
425	2.96718e-107
426	2.96718e-107
427	2.96718e-107
428	2.96718e-107
429	2.96718e-107
430	2.96718e-107
431	2.96718e-107
432	2.96718e-107
433	2.96718e-107
434	2.96718e-107
435	2.96718e-107
436	2.96718e-107
437	2.96718e-107
438	2.96718e-107
439	2.96718e-107
440	2.96718e-107
441	2.96718e-107
442	2.96718e-107
443	2.96718e-107
444	2.96718e-107
445	2.96718e-107
446	2.96718e-107
447	2.96718e-107
448	2.96718e-107
449	2.96718e-107
450	2.96718e-107
451	2.96718e-107
452	2.96718e-107
453	2.96718e-107
454	2.96718e-107
455	2.96718e-107
456	2.96718e-107
457	2.96718e-107
458	2.96718e-107
459	2.96718e-107
460	2.96718e-107
461	2.96718e-107
462	2.96718e-107
463	2.96718e-107
464	2.96718e-107
465	2.96718e-107
466	2.96718e-107
467	2.96718e-107
468	2.96718e-107
469	2.96718e-107
470	2.96718e-107
471	2.96718e-107
472	2.96718e-107
473	2.96718e-107
474	2.96718e-107
475	2.96718e-107
476	2.96718e-107
477	2.96718e-107
478	2.96718e-107
479	2.96718e-107
480	2.96718e-107
481	2.96718e-107
482	2.96718e-107
483	2.96718e-107
484	2.96718e-107
485	2.96718e-107
486	2.96718e-107
487	2.96718e-107
488	2.96718e-107
489	2.96718e-107
490	2.96718e-107
491	2.96718e-107
492	2.96718e-107
493	2.96718e-107
494	2.96718e-107
495	2.96718e-107
496	2.96718e-107
497	2.96718e-107
498	2.96718e-107
499	2.96718e-107
500	2.96718e-107
501	2.96718e-107
502	2.96718e-107
503	2.96718e-107
504	2.96718e-107
505	2.96718e-107
506	2.96718e-107
507	2.96718e-107
508	2.96718e-107
509	2.96718e-107
510	2.96718e-107
511	2.96718e-107
512	2.96718e-107
513	2.96718e-107
514	2.96718e-107
515	2.96718e-107
516	2.96718e-107
517	2.96718e-107
518	2.96718e-107
519	2.96718e-107
520	2.96718e-107
521	2.96718e-107
522	2.96718e-107
523	2.96718e-107
524	2.96718e-107
525	2.96718e-107
526	2.96718e-107
527	2.96718e-107
528	2.96718e-107
529	2.96718e-107
530	2.96718e-107
531	2.96718e-107
532	2.96718e-107
533	2.96718e-107
534	2.96718e-107
535	2.96718e-107
536	2.96718e-107
537	2.96718e-107
538	2.96718e-107
539	2.96718e-107
540	2.96718e-107
541	2.96718e-107
542	2.96718e-107
543	2.96718e-107
544	2.96718e-107
545	2.96718e-107
546	2.96718e-107
547	2.96718e-107
548	2.96718e-107
549	2.96718e-107
550	2.96718e-107
551	2.96718e-107
552	2.96718e-107
553	2.96718e-107
554	2.96718e-107
555	2.96718e-107
556	2.96718e-107
557	2.96718e-107
558	2.96718e-107
559	2.96718e-107
560	2.96718e-107
561	2.96718e-107
562	2.96718e-107
563	2.96718e-107
564	2.96718e-107
565	2.96718e-107
566	2.96718e-107
567	2.96718e-107
568	2.96718e-107
569	2.96718e-107
570	2.96718e-107
571	2.96718e-107
572	2.96718e-107
573	2.96718e-107
574	2.96718e-107
575	2.96718e-107
576	2.96718e-107
577	2.96718e-107
578	2.96718e-107
579	2.96718e-107
580	2.96718e-107
581	2.96718e-107
582	2.96718e-107
583	2.96718e-107
584	2.96718e-107
585	2.96718e-107
586	2.96718e-107
587	2.96718e-107
588	2.96718e-107
589	2.96718e-107
590	2.96718e-107
591	2.96718e-107
592	2.96718e-107
593	2.96718e-107
594	2.96718e-107
595	2.96718e-107
596	2.96718e-107
597	2.96718e-107
598	2.96718e-107
599	2.96718e-107
600	2.96718e-107
601	2.96718e-107
602	2.96718e-107
603	2.96718e-107
604	2.96718e-107
605	2.96718e-107
606	2.96718e-107
607	2.96718e-107
608	2.96718e-107
609	2.96718e-107
610	2.96718e-107
611	2.96718e-107
612	2.96718e-107
613	2.96718e-107
614	2.96718e-107
615	2.96718e-107
616	2.96718e-107
617	2.96718e-107
618	2.96718e-107
619	2.96718e-107
620	2.96718e-107
621	2.96718e-107
622	2.96718e-107
623	2.96718e-107
624	2.96718e-107
625	2.96718e-107
626	2.96718e-107
627	2.96718e-107
628	2.96718e-107
629	2.96718e-107
630	2.96718e-107
631	2.96718e-107
632	2.96718e-107
633	2.96718e-107
634	2.96718e-107
635	2.96718e-107
636	2.96718e-107
637	2.96718e-107
638	2.96718e-107
639	2.96718e-107
640	2.96718e-107
641	2.96718e-107
642	2.96718e-107
643	2.96718e-107
644	2.96718e-107
645	2.96718e-107
646	2.96718e-107
647	2.96718e-107
648	2.96718e-107
649	2.96718e-107
650	2.96718e-107
651	2.96718e-107
652	2.96718e-107
653	2.96718e-107
654	2.96718e-107
655	2.96718e-107
656	2.96718e-107
657	2.96718e-107
658	2.96718e-107
659	2.96718e-107
660	2.96718e-107
661	2.96718e-107
662	2.96718e-107
663	2.96718e-107
664	2.96718e-107
665	2.96718e-107
666	2.96718e-107
667	2.96718e-107
668	2.96718e-107
669	2.96718e-107
670	2.96718e-107
671	2.96718e-107
672	2.96718e-107
673	2.96718e-107
674	2.96718e-107
675	2.96718e-107
676	2.96718e-107
677	2.96718e-107
678	2.96718e-107
679	2.96718e-107
680	2.96718e-107
681	2.96718e-107
682	2.96718e-107
683	2.96718e-107
684	2.96718e-107
685	2.96718e-107
686	2.96718e-107
687	2.96718e-107
688	2.96718e-107
689	2.96718e-107
690	2.96718e-107
691	2.96718e-107
692	2.96718e-107
693	2.96718e-107
694	2.96718e-107
695	2.96718e-107
696	2.96718e-107
697	2.96718e-107
698	2.96718e-107
699	2.96718e-107
700	2.96718e-107
701	2.96718e-107
702	2.96718e-107
703	2.96718e-107
704	2.96718e-107
705	2.96718e-107
706	2.96718e-107
707	2.96718e-107
708	2.96718e-107
709	2.96718e-107
710	2.96718e-107
711	2.96718e-107
712	2.96718e-107
713	2.96718e-107
714	2.96718e-107
715	2.96718e-107
716	2.96718e-107
717	2.96718e-107
718	2.96718e-107
719	2.96718e-107
720	2.96718e-107
721	2.96718e-107
722	2.96718e-107
723	2.96718e-107
724	2.96718e-107
725	2.96718e-107
726	2.96718e-107
727	2.96718e-107
728	2.96718e-107
729	2.96718e-107
730	2.96718e-107
731	2.96718e-107
732	2.96718e-107
733	2.96718e-107
734	2.96718e-107
735	2.96718e-107
736	2.96718e-107
737	2.96718e-107
738	2.96718e-107
739	2.96718e-107
740	2.96718e-107
741	2.96718e-107
742	2.96718e-107
743	2.96718e-107
744	2.96718e-107
745	2.96718e-107
746	2.96718e-107
747	2.96718e-107
748	2.96718e-107
749	2.96718e-107
750	2.96718e-107
751	2.96718e-107
752	2.96718e-107
753	2.96718e-107
754	2.96718e-107
755	2.96718e-107
756	2.96718e-107
757	2.96718e-107
758	2.96718e-107
759	2.96718e-107
760	2.96718e-107
761	2.96718e-107
762	2.96718e-107
763	2.96718e-107
764	2.96718e-107
765	2.96718e-107
766	2.96718e-107
767	2.96718e-107
768	2.96718e-107
769	2.96718e-107
770	2.96718e-107
771	2.96718e-107
772	2.96718e-107
773	2.96718e-107
774	2.96718e-107
775	2.96718e-107
776	2.96718e-107
777	2.96718e-107
778	2.96718e-107
779	2.96718e-107
780	2.96718e-107
781	2.96718e-107
782	2.96718e-107
783	2.96718e-107
784	2.96718e-107
785	2.96718e-107
786	2.96718e-107
787	2.96718e-107
788	2.96718e-107
789	2.96718e-107
790	2.96718e-107
791	2.96718e-107
792	2.96718e-107
793	2.96718e-107
794	2.96718e-107
795	2.96718e-107
796	2.96718e-107
797	2.96718e-107
798	2.96718e-107
799	2.96718e-107
800	2.96718e-107
801	2.96718e-107
802	2.96718e-107
803	2.96718e-107
804	2.96718e-107
805	2.96718e-107
806	2.96718e-107
807	2.96718e-107
808	2.96718e-107
809	2.96718e-107
810	2.96718e-107
811	2.96718e-107
812	2.96718e-107
813	2.96718e-107
814	2.96718e-107
815	2.96718e-107
816	2.96718e-107
817	2.96718e-107
818	2.96718e-107
819	2.96718e-107
820	2.96718e-107
821	2.96718e-107
822	2.96718e-107
823	2.96718e-107
824	2.96718e-107
825	2.96718e-107
826	2.96718e-107
827	2.96718e-107
828	2.96718e-107
829	2.96718e-107
830	2.96718e-107
831	2.96718e-107
832	2.96718e-107
833	2.96718e-107
834	2.96718e-107
835	2.96718e-107
836	2.96718e-107
837	2.96718e-107
838	2.96718e-107
839	2.96718e-107
840	2.96718e-107
841	2.96718e-107
842	2.96718e-107
843	2.96718e-107
844	2.96718e-107
845	2.96718e-107
846	2.96718e-107
847	2.96718e-107
848	2.96718e-107
849	2.96718e-107
850	2.96718e-107
851	2.96718e-107
852	2.96718e-107
853	2.96718e-107
854	2.96718e-107
855	2.96718e-107
856	2.96718e-107
857	2.96718e-107
858	2.96718e-107
859	2.96718e-107
860	2.96718e-107
861	2.96718e-107
862	2.96718e-107
863	2.96718e-107
864	2.96718e-107
865	2.96718e-107
866	2.96718e-107
867	2.96718e-107
868	2.96718e-107
869	2.96718e-107
870	2.96718e-107
871	2.96718e-107
872	2.96718e-107
873	2.96718e-107
874	2.96718e-107
875	2.96718e-107
876	2.96718e-107
877	2.96718e-107
878	2.96718e-107
879	2.96718e-107
880	2.96718e-107
881	2.96718e-107
882	2.96718e-107
883	2.96718e-107
884	2.96718e-107
885	2.96718e-107
886	2.96718e-107
887	2.96718e-107
888	2.96718e-107
889	2.96718e-107
890	2.96718e-107
891	2.96718e-107
892	2.96718e-107
893	2.96718e-107
894	2.96718e-107
895	2.96718e-107
896	2.96718e-107
897	2.96718e-107
898	2.96718e-107
899	2.96718e-107
900	2.96718e-107
901	2.96718e-107
902	2.96718e-107
903	2.96718e-107
904	2.96718e-107
905	2.96718e-107
906	2.96718e-107
907	2.96718e-107
908	2.96718e-107
909	2.96718e-107
910	2.96718e-107
911	2.96718e-107
912	2.96718e-107
913	2.96718e-107
914	2.96718e-107
915	2.96718e-107
916	2.96718e-107
917	2.96718e-107
918	2.96718e-107
919	2.96718e-107
920	2.96718e-107
921	2.96718e-107
922	2.96718e-107
923	2.96718e-107
924	2.96718e-107
925	2.96718e-107
926	2.96718e-107
927	2.96718e-107
928	2.96718e-107
929	2.96718e-107
930	2.96718e-107
931	2.96718e-107
932	2.96718e-107
933	2.96718e-107
934	2.96718e-107
935	2.96718e-107
936	2.96718e-107
937	2.96718e-107
938	2.96718e-107
939	2.96718e-107
940	2.96718e-107
941	2.96718e-107
942	2.96718e-107
943	2.96718e-107
944	2.96718e-107
945	2.96718e-107
946	2.96718e-107
947	2.96718e-107
948	2.96718e-107
949	2.96718e-107
950	2.96718e-107
951	2.96718e-107
952	2.96718e-107
953	2.96718e-107
954	2.96718e-107
955	2.96718e-107
956	2.96718e-107
957	2.96718e-107
958	2.96718e-107
959	2.96718e-107
960	2.96718e-107
961	2.96718e-107
962	2.96718e-107
963	2.96718e-107
964	2.96718e-107
965	2.96718e-107
966	2.96718e-107
967	2.96718e-107
968	2.96718e-107
969	2.96718e-107
970	2.96718e-107
971	2.96718e-107
972	2.96718e-107
973	2.96718e-107
974	2.96718e-107
975	2.96718e-107
976	2.96718e-107
977	2.96718e-107
978	2.96718e-107
979	2.96718e-107
980	2.96718e-107
981	2.96718e-107
982	2.96718e-107
983	2.96718e-107
984	2.96718e-107
985	2.96718e-107
986	2.96718e-107
987	2.96718e-107
988	2.96718e-107
989	2.96718e-107
990	2.96718e-107
991	2.96718e-107
992	2.96718e-107
993	2.96718e-107
994	2.96718e-107
995	2.96718e-107
996	2.96718e-107
997	2.96718e-107
998	2.96718e-107
999	2.96718e-107
1000	2.96718e-107
1001	2.96718e-107
1002	2.96718e-107
1003	2.96718e-107
1004	2.96718e-107
1005	2.96718e-107
1006	2.96718e-107
1007	2.96718e-107
1008	2.96718e-107
1009	2.96718e-107
1010	2.96718e-107
1011	2.96718e-107
1012	2.96718e-107
1013	2.96718e-107
1014	2.96718e-107
1015	2.96718e-107
1016	2.96718e-107
1017	2.96718e-107
1018	2.96718e-107
1019	2.96718e-107
1020	2.96718e-107
1021	2.96718e-107
1022	2.96718e-107
1023	2.96718e-107
1024	2.96718e-107
1025	2.96718e-107
1026	2.96718e-107
1027	2.96718e-107
1028	2.96718e-107
1029	2.96718e-107
1030	2.96718e-107
1031	2.96718e-107
1032	2.96718e-107
1033	2.96718e-107
1034	2.96718e-107
1035	2.96718e-107
1036	2.96718e-107
1037	2.96718e-107
1038	2.96718e-107
1039	2.96718e-107
1040	2.96718e-107
1041	2.96718e-107
1042	2.96718e-107
1043	2.96718e-107
1044	2.96718e-107
1045	2.96718e-107
1046	2.96718e-107
1047	2.96718e-107
1048	2.96718e-107
1049	2.96718e-107
1050	2.96718e-107
1051	2.96718e-107
1052	2.96718e-107
1053	2.96718e-107
1054	2.96718e-107
1055	2.96718e-107
1056	2.96718e-107
1057	2.96718e-107
1058	2.96718e-107
1059	2.96718e-107
1060	2.96718e-107
1061	2.96718e-107
1062	2.96718e-107
1063	2.96718e-107
1064	2.96718e-107
1065	2.96718e-107
1066	2.96718e-107
1067	2.96718e-107
1068	2.96718e-107
1069	2.96718e-107
1070	2.96718e-107
1071	2.96718e-107
1072	2.96718e-107
1073	2.96718e-107
1074	2.96718e-107
1075	2.96718e-107
1076	2.96718e-107
1077	2.96718e-107
1078	2.96718e-107
1079	2.96718e-107
1080	2.96718e-107
1081	2.96718e-107
1082	2.96718e-107
1083	2.96718e-107
1084	2.96718e-107
1085	2.96718e-107
1086	2.96718e-107
1087	2.96718e-107
1088	2.96718e-107
1089	2.96718e-107
1090	2.96718e-107
1091	2.96718e-107
1092	2.96718e-107
1093	2.96718e-107
1094	2.96718e-107
1095	2.96718e-107
1096	2.96718e-107
1097	2.96718e-107
1098	2.96718e-107
1099	2.96718e-107
1100	2.96718e-107
1101	2.96718e-107
1102	2.96718e-107
1103	2.96718e-107
1104	2.96718e-107
1105	2.96718e-107
1106	2.96718e-107
1107	2.96718e-107
1108	2.96718e-107
1109	2.96718e-107
1110	2.96718e-107
1111	2.96718e-107
1112	2.96718e-107
1113	2.96718e-107
1114	2.96718e-107
1115	2.96718e-107
1116	2.96718e-107
1117	2.96718e-107
1118	2.96718e-107
1119	2.96718e-107
1120	2.96718e-107
1121	2.96718e-107
1122	2.96718e-107
1123	2.96718e-107
1124	2.96718e-107
1125	2.96718e-107
1126	2.96718e-107
1127	2.96718e-107
1128	2.96718e-107
1129	2.96718e-107
1130	2.96718e-107
1131	2.96718e-107
1132	2.96718e-107
1133	2.96718e-107
1134	2.96718e-107
1135	2.96718e-107
1136	2.96718e-107
1137	2.96718e-107
1138	2.96718e-107
1139	2.96718e-107
1140	2.96718e-107
1141	2.96718e-107
1142	2.96718e-107
1143	2.96718e-107
1144	2.96718e-107
1145	2.96718e-107
1146	2.96718e-107
1147	2.96718e-107
1148	2.96718e-107
1149	2.96718e-107
1150	2.96718e-107
1151	2.96718e-107
1152	2.96718e-107
1153	2.96718e-107
1154	2.96718e-107
1155	2.96718e-107
1156	2.96718e-107
1157	2.96718e-107
1158	2.96718e-107
1159	2.96718e-107
1160	2.96718e-107
1161	2.96718e-107
1162	2.96718e-107
1163	2.96718e-107
1164	2.96718e-107
1165	2.96718e-107
1166	2.96718e-107
1167	2.96718e-107
1168	2.96718e-107
1169	2.96718e-107
1170	2.96718e-107
1171	2.96718e-107
1172	2.96718e-107
1173	2.96718e-107
1174	2.96718e-107
1175	2.96718e-107
1176	2.96718e-107
1177	2.96718e-107
1178	2.96718e-107
1179	2.96718e-107
1180	2.96718e-107
1181	2.96718e-107
1182	2.96718e-107
1183	2.96718e-107
1184	2.96718e-107
1185	2.96718e-107
1186	2.96718e-107
1187	2.96718e-107
1188	2.96718e-107
1189	2.96718e-107
1190	2.96718e-107
1191	2.96718e-107
1192	2.96718e-107
1193	2.96718e-107
1194	2.96718e-107
1195	2.96718e-107
1196	2.96718e-107
1197	2.96718e-107
1198	2.96718e-107
1199	2.96718e-107
1200	2.96718e-107
1201	2.96718e-107
1202	2.96718e-107
1203	2.96718e-107
1204	2.96718e-107
1205	2.96718e-107
1206	2.96718e-107
1207	2.96718e-107
1208	2.96718e-107
1209	2.96718e-107
1210	2.96718e-107
1211	2.96718e-107
1212	2.96718e-107
1213	2.96718e-107
1214	2.96718e-107
1215	2.96718e-107
1216	2.96718e-107
1217	2.96718e-107
1218	2.96718e-107
1219	2.96718e-107
1220	2.96718e-107
1221	2.96718e-107
1222	2.96718e-107
1223	2.96718e-107
1224	2.96718e-107
1225	2.96718e-107
1226	2.96718e-107
1227	2.96718e-107
1228	2.96718e-107
1229	2.96718e-107
1230	2.96718e-107
1231	2.96718e-107
1232	2.96718e-107
1233	2.96718e-107
1234	2.96718e-107
1235	2.96718e-107
1236	2.96718e-107
1237	2.96718e-107
1238	2.96718e-107
1239	2.96718e-107
1240	2.96718e-107
1241	2.96718e-107
1242	2.96718e-107
1243	2.96718e-107
1244	2.96718e-107
1245	2.96718e-107
1246	2.96718e-107
1247	2.96718e-107
1248	2.96718e-107
1249	2.96718e-107
1250	2.96718e-107
1251	2.96718e-107
1252	2.96718e-107
1253	2.96718e-107
1254	2.96718e-107
1255	2.96718e-107
1256	2.96718e-107
1257	2.96718e-107
1258	2.96718e-107
1259	2.96718e-107
1260	2.96718e-107
1261	2.96718e-107
1262	2.96718e-107
1263	2.96718e-107
1264	2.96718e-107
1265	2.96718e-107
1266	2.96718e-107
1267	2.96718e-107
1268	2.96718e-107
1269	2.96718e-107
1270	2.96718e-107
1271	2.96718e-107
1272	2.96718e-107
1273	2.96718e-107
1274	2.96718e-107
1275	2.96718e-107
1276	2.96718e-107
1277	2.96718e-107
1278	2.96718e-107
1279	2.96718e-107
1280	2.96718e-107
1281	2.96718e-107
1282	2.96718e-107
1283	2.96718e-107
1284	2.96718e-107
1285	2.96718e-107
1286	2.96718e-107
1287	2.96718e-107
1288	2.96718e-107
1289	2.96718e-107
1290	2.96718e-107
1291	2.96718e-107
1292	2.96718e-107
1293	2.96718e-107
1294	2.96718e-107
1295	2.96718e-107
1296	2.96718e-107
1297	2.96718e-107
1298	2.96718e-107
1299	2.96718e-107
1300	2.96718e-107
1301	2.96718e-107
1302	2.96718e-107
1303	2.96718e-107
1304	2.96718e-107
1305	2.96718e-107
1306	2.96718e-107
1307	2.96718e-107
1308	2.96718e-107
1309	2.96718e-107
1310	2.96718e-107
1311	2.96718e-107
1312	2.96718e-107
1313	2.96718e-107
1314	2.96718e-107
1315	2.96718e-107
1316	2.96718e-107
1317	2.96718e-107
1318	2.96718e-107
1319	2.96718e-107
1320	2.96718e-107
1321	2.96718e-107
1322	2.96718e-107
1323	2.96718e-107
1324	2.96718e-107
1325	2.96718e-107
1326	2.96718e-107
1327	2.96718e-107
1328	2.96718e-107
1329	2.96718e-107
1330	2.96718e-107
1331	2.96718e-107
1332	2.96718e-107
1333	2.96718e-107
1334	2.96718e-107
1335	2.96718e-107
1336	2.96718e-107
1337	2.96718e-107
1338	2.96718e-107
1339	2.96718e-107
1340	2.96718e-107
1341	2.96718e-107
1342	2.96718e-107
1343	2.96718e-107
1344	2.96718e-107
1345	2.96718e-107
1346	2.96718e-107
1347	2.96718e-107
1348	2.96718e-107
1349	2.96718e-107
1350	2.96718e-107
1351	2.96718e-107
1352	2.96718e-107
1353	2.96718e-107
1354	2.96718e-107
1355	2.96718e-107
1356	2.96718e-107
1357	2.96718e-107
1358	2.96718e-107
1359	2.96718e-107
1360	2.96718e-107
1361	2.96718e-107
1362	2.96718e-107
1363	2.96718e-107
1364	2.96718e-107
1365	2.96718e-107
1366	2.96718e-107
1367	2.96718e-107
1368	2.96718e-107
1369	2.96718e-107
1370	2.96718e-107
1371	2.96718e-107
1372	2.96718e-107
1373	2.96718e-107
1374	2.96718e-107
1375	2.96718e-107
1376	2.96718e-107
1377	2.96718e-107
1378	2.96718e-107
1379	2.96718e-107
1380	2.96718e-107
1381	2.96718e-107
1382	2.96718e-107
1383	2.96718e-107
1384	2.96718e-107
1385	2.96718e-107
1386	2.96718e-107
1387	2.96718e-107
1388	2.96718e-107
1389	2.96718e-107
1390	2.96718e-107
1391	2.96718e-107
1392	2.96718e-107
1393	2.96718e-107
1394	2.96718e-107
1395	2.96718e-107
1396	2.96718e-107
1397	2.96718e-107
1398	2.96718e-107
1399	2.96718e-107
1400	2.96718e-107
1401	2.96718e-107
1402	2.96718e-107
1403	2.96718e-107
1404	2.96718e-107
1405	2.96718e-107
1406	2.96718e-107
1407	2.96718e-107
1408	2.96718e-107
1409	2.96718e-107
1410	2.96718e-107
1411	2.96718e-107
1412	2.96718e-107
1413	2.96718e-107
1414	2.96718e-107
1415	2.96718e-107
1416	2.96718e-107
1417	2.96718e-107
1418	2.96718e-107
1419	2.96718e-107
1420	2.96718e-107
1421	2.96718e-107
1422	2.96718e-107
1423	2.96718e-107
1424	2.96718e-107
1425	2.96718e-107
1426	2.96718e-107
1427	2.96718e-107
1428	2.96718e-107
1429	2.96718e-107
1430	2.96718e-107
1431	2.96718e-107
1432	2.96718e-107
1433	2.96718e-107
1434	2.96718e-107
1435	2.96718e-107
1436	2.96718e-107
1437	2.96718e-107
1438	2.96718e-107
1439	2.96718e-107
1440	2.96718e-107
1441	2.96718e-107
1442	2.96718e-107
1443	2.96718e-107
1444	2.96718e-107
1445	2.96718e-107
1446	2.96718e-107
1447	2.96718e-107
1448	2.96718e-107
1449	2.96718e-107
1450	2.96718e-107
1451	2.96718e-107
1452	2.96718e-107
1453	2.96718e-107
1454	2.96718e-107
1455	2.96718e-107
1456	2.96718e-107
1457	2.96718e-107
1458	2.96718e-107
1459	2.96718e-107
1460	2.96718e-107
1461	2.96718e-107
1462	2.96718e-107
1463	2.96718e-107
1464	2.96718e-107
1465	2.96718e-107
1466	2.96718e-107
1467	2.96718e-107
1468	2.96718e-107
1469	2.96718e-107
1470	2.96718e-107
1471	2.96718e-107
1472	2.96718e-107
1473	2.96718e-107
1474	2.96718e-107
1475	2.96718e-107
1476	2.96718e-107
1477	2.96718e-107
1478	2.96718e-107
1479	2.96718e-107
1480	2.96718e-107
1481	2.96718e-107
1482	2.96718e-107
1483	2.96718e-107
1484	2.96718e-107
1485	2.96718e-107
1486	2.96718e-107
1487	2.96718e-107
1488	2.96718e-107
1489	2.96718e-107
1490	2.96718e-107
1491	2.96718e-107
1492	2.96718e-107
1493	2.96718e-107
1494	2.96718e-107
1495	2.96718e-107
1496	2.96718e-107
1497	2.96718e-107
1498	2.96718e-107
1499	2.96718e-107
1500	2.96718e-107
1501	2.96718e-107
1502	2.96718e-107
1503	2.96718e-107
1504	2.96718e-107
1505	2.96718e-107
1506	2.96718e-107
1507	2.96718e-107
1508	2.96718e-107
1509	2.96718e-107
1510	2.96718e-107
1511	2.96718e-107
1512	2.96718e-107
1513	2.96718e-107
1514	2.96718e-107
1515	2.96718e-107
1516	2.96718e-107
1517	2.96718e-107
1518	2.96718e-107
1519	2.96718e-107
1520	2.96718e-107
1521	2.96718e-107
1522	2.96718e-107
1523	2.96718e-107
1524	2.96718e-107
1525	2.96718e-107
1526	2.96718e-107
1527	2.96718e-107
1528	2.96718e-107
1529	2.96718e-107
1530	2.96718e-107
1531	2.96718e-107
1532	2.96718e-107
1533	2.96718e-107
1534	2.96718e-107
1535	2.96718e-107
1536	2.96718e-107
1537	2.96718e-107
1538	2.96718e-107
1539	2.96718e-107
1540	2.96718e-107
1541	2.96718e-107
1542	2.96718e-107
1543	2.96718e-107
1544	2.96718e-107
1545	2.96718e-107
1546	2.96718e-107
1547	2.96718e-107
1548	2.96718e-107
1549	2.96718e-107
1550	2.96718e-107
1551	2.96718e-107
1552	2.96718e-107
1553	2.96718e-107
1554	2.96718e-107
1555	2.96718e-107
1556	2.96718e-107
1557	2.96718e-107
1558	2.96718e-107
1559	2.96718e-107
1560	2.96718e-107
1561	2.96718e-107
1562	2.96718e-107
1563	2.96718e-107
1564	2.96718e-107
1565	2.96718e-107
1566	2.96718e-107
1567	2.96718e-107
1568	2.96718e-107
1569	2.96718e-107
1570	2.96718e-107
1571	2.96718e-107
1572	2.96718e-107
1573	2.96718e-107
1574	2.96718e-107
1575	2.96718e-107
1576	2.96718e-107
1577	2.96718e-107
1578	2.96718e-107
1579	2.96718e-107
1580	2.96718e-107
1581	2.96718e-107
1582	2.96718e-107
1583	2.96718e-107
1584	2.96718e-107
1585	2.96718e-107
1586	2.96718e-107
1587	2.96718e-107
1588	2.96718e-107
1589	2.96718e-107
1590	2.96718e-107
1591	2.96718e-107
1592	2.96718e-107
1593	2.96718e-107
1594	2.96718e-107
1595	2.96718e-107
1596	2.96718e-107
1597	2.96718e-107
1598	2.96718e-107
1599	2.96718e-107
1600	2.96718e-107
1601	2.96718e-107
1602	2.96718e-107
1603	2.96718e-107
1604	2.96718e-107
1605	2.96718e-107
1606	2.96718e-107
1607	2.96718e-107
1608	2.96718e-107
1609	2.96718e-107
1610	2.96718e-107
1611	2.96718e-107
1612	2.96718e-107
1613	2.96718e-107
1614	2.96718e-107
1615	2.96718e-107
1616	2.96718e-107
1617	2.96718e-107
1618	2.96718e-107
1619	2.96718e-107
1620	2.96718e-107
1621	2.96718e-107
1622	2.96718e-107
1623	2.96718e-107
1624	2.96718e-107
1625	2.96718e-107
1626	2.96718e-107
1627	2.96718e-107
1628	2.96718e-107
1629	2.96718e-107
1630	2.96718e-107
1631	2.96718e-107
1632	2.96718e-107
1633	2.96718e-107
1634	2.96718e-107
1635	2.96718e-107
1636	2.96718e-107
1637	2.96718e-107
1638	2.96718e-107
1639	2.96718e-107
1640	2.96718e-107
1641	2.96718e-107
1642	2.96718e-107
1643	2.96718e-107
1644	2.96718e-107
1645	2.96718e-107
1646	2.96718e-107
1647	2.96718e-107
1648	2.96718e-107
1649	2.96718e-107
1650	2.96718e-107
1651	2.96718e-107
1652	2.96718e-107
1653	2.96718e-107
1654	2.96718e-107
1655	2.96718e-107
1656	2.96718e-107
1657	2.96718e-107
1658	2.96718e-107
1659	2.96718e-107
1660	2.96718e-107
1661	2.96718e-107
1662	2.96718e-107
1663	2.96718e-107
1664	2.96718e-107
1665	2.96718e-107
1666	2.96718e-107
1667	2.96718e-107
1668	2.96718e-107
1669	2.96718e-107
1670	2.96718e-107
1671	2.96718e-107
1672	2.96718e-107
1673	2.96718e-107
1674	2.96718e-107
1675	2.96718e-107
1676	2.96718e-107
1677	2.96718e-107
1678	2.96718e-107
1679	2.96718e-107
1680	2.96718e-107
1681	2.96718e-107
1682	2.96718e-107
1683	2.96718e-107
1684	2.96718e-107
1685	2.96718e-107
1686	2.96718e-107
1687	2.96718e-107
1688	2.96718e-107
1689	2.96718e-107
1690	2.96718e-107
1691	2.96718e-107
1692	2.96718e-107
1693	2.96718e-107
1694	2.96718e-107
1695	2.96718e-107
1696	2.96718e-107
1697	2.96718e-107
1698	2.96718e-107
1699	2.96718e-107
1700	2.96718e-107
1701	2.96718e-107
1702	2.96718e-107
1703	2.96718e-107
1704	2.96718e-107
1705	2.96718e-107
1706	2.96718e-107
1707	2.96718e-107
1708	2.96718e-107
1709	2.96718e-107
1710	2.96718e-107
1711	2.96718e-107
1712	2.96718e-107
1713	2.96718e-107
1714	2.96718e-107
1715	2.96718e-107
1716	2.96718e-107
1717	2.96718e-107
1718	2.96718e-107
1719	2.96718e-107
1720	2.96718e-107
1721	2.96718e-107
1722	2.96718e-107
1723	2.96718e-107
1724	2.96718e-107
1725	2.96718e-107
1726	2.96718e-107
1727	2.96718e-107
1728	2.96718e-107
1729	2.96718e-107
1730	2.96718e-107
1731	2.96718e-107
1732	2.96718e-107
1733	2.96718e-107
1734	2.96718e-107
1735	2.96718e-107
1736	2.96718e-107
1737	2.96718e-107
1738	2.96718e-107
1739	2.96718e-107
1740	2.96718e-107
1741	2.96718e-107
1742	2.96718e-107
1743	2.96718e-107
1744	2.96718e-107
1745	2.96718e-107
1746	2.96718e-107
1747	2.96718e-107
1748	2.96718e-107
1749	2.96718e-107
1750	2.96718e-107
1751	2.96718e-107
1752	2.96718e-107
1753	2.96718e-107
1754	2.96718e-107
1755	2.96718e-107
1756	2.96718e-107
1757	2.96718e-107
1758	2.96718e-107
1759	2.96718e-107
1760	2.96718e-107
1761	2.96718e-107
1762	2.96718e-107
1763	2.96718e-107
1764	2.96718e-107
1765	2.96718e-107
1766	2.96718e-107
1767	2.96718e-107
1768	2.96718e-107
1769	2.96718e-107
1770	2.96718e-107
1771	2.96718e-107
1772	2.96718e-107
1773	2.96718e-107
1774	2.96718e-107
1775	2.96718e-107
1776	2.96718e-107
1777	2.96718e-107
1778	2.96718e-107
1779	2.96718e-107
1780	2.96718e-107
1781	2.96718e-107
1782	2.96718e-107
1783	2.96718e-107
1784	2.96718e-107
1785	2.96718e-107
1786	2.96718e-107
1787	2.96718e-107
1788	2.96718e-107
1789	2.96718e-107
1790	2.96718e-107
1791	2.96718e-107
1792	2.96718e-107
1793	2.96718e-107
1794	2.96718e-107
1795	2.96718e-107
1796	2.96718e-107
1797	2.96718e-107
1798	2.96718e-107
1799	2.96718e-107
1800	2.96718e-107
1801	2.96718e-107
1802	2.96718e-107
1803	2.96718e-107
1804	2.96718e-107
1805	2.96718e-107
1806	2.96718e-107
1807	2.96718e-107
1808	2.96718e-107
1809	2.96718e-107
1810	2.96718e-107
1811	2.96718e-107
1812	2.96718e-107
1813	2.96718e-107
1814	2.96718e-107
1815	2.96718e-107
1816	2.96718e-107
1817	2.96718e-107
1818	2.96718e-107
1819	2.96718e-107
1820	2.96718e-107
1821	2.96718e-107
1822	2.96718e-107
1823	2.96718e-107
1824	2.96718e-107
1825	2.96718e-107
1826	2.96718e-107
1827	2.96718e-107
1828	2.96718e-107
1829	2.96718e-107
1830	2.96718e-107
1831	2.96718e-107
1832	2.96718e-107
1833	2.96718e-107
1834	2.96718e-107
1835	2.96718e-107
1836	2.96718e-107
1837	2.96718e-107
1838	2.96718e-107
1839	2.96718e-107
1840	2.96718e-107
1841	2.96718e-107
1842	2.96718e-107
1843	2.96718e-107
1844	2.96718e-107
1845	2.96718e-107
1846	2.96718e-107
1847	2.96718e-107
1848	2.96718e-107
1849	2.96718e-107
1850	2.96718e-107
1851	2.96718e-107
1852	2.96718e-107
1853	2.96718e-107
1854	2.96718e-107
1855	2.96718e-107
1856	2.96718e-107
1857	2.96718e-107
1858	2.96718e-107
1859	2.96718e-107
1860	2.96718e-107
1861	2.96718e-107
1862	2.96718e-107
1863	2.96718e-107
1864	2.96718e-107
1865	2.96718e-107
1866	2.96718e-107
1867	2.96718e-107
1868	2.96718e-107
1869	2.96718e-107
1870	2.96718e-107
1871	2.96718e-107
1872	2.96718e-107
1873	2.96718e-107
1874	2.96718e-107
1875	2.96718e-107
1876	2.96718e-107
1877	2.96718e-107
1878	2.96718e-107
1879	2.96718e-107
1880	2.96718e-107
1881	2.96718e-107
1882	2.96718e-107
1883	2.96718e-107
1884	2.96718e-107
1885	2.96718e-107
1886	2.96718e-107
1887	2.96718e-107
1888	2.96718e-107
1889	2.96718e-107
1890	2.96718e-107
1891	2.96718e-107
1892	2.96718e-107
1893	2.96718e-107
1894	2.96718e-107
1895	2.96718e-107
1896	2.96718e-107
1897	2.96718e-107
1898	2.96718e-107
1899	2.96718e-107
1900	2.96718e-107
1901	2.96718e-107
1902	2.96718e-107
1903	2.96718e-107
1904	2.96718e-107
1905	2.96718e-107
1906	2.96718e-107
1907	2.96718e-107
1908	2.96718e-107
1909	2.96718e-107
1910	2.96718e-107
1911	2.96718e-107
1912	2.96718e-107
1913	2.96718e-107
1914	2.96718e-107
1915	2.96718e-107
1916	2.96718e-107
1917	2.96718e-107
1918	2.96718e-107
1919	2.96718e-107
1920	2.96718e-107
1921	2.96718e-107
1922	2.96718e-107
1923	2.96718e-107
1924	2.96718e-107
1925	2.96718e-107
1926	2.96718e-107
1927	2.96718e-107
1928	2.96718e-107
1929	2.96718e-107
1930	2.96718e-107
1931	2.96718e-107
1932	2.96718e-107
1933	2.96718e-107
1934	2.96718e-107
1935	2.96718e-107
1936	2.96718e-107
1937	2.96718e-107
1938	2.96718e-107
1939	2.96718e-107
1940	2.96718e-107
1941	2.96718e-107
1942	2.96718e-107
1943	2.96718e-107
1944	2.96718e-107
1945	2.96718e-107
1946	2.96718e-107
1947	2.96718e-107
1948	2.96718e-107
1949	2.96718e-107
1950	2.96718e-107
1951	2.96718e-107
1952	2.96718e-107
1953	2.96718e-107
1954	2.96718e-107
1955	2.96718e-107
1956	2.96718e-107
1957	2.96718e-107
1958	2.96718e-107
1959	2.96718e-107
1960	2.96718e-107
1961	2.96718e-107
1962	2.96718e-107
1963	2.96718e-107
1964	2.96718e-107
1965	2.96718e-107
1966	2.96718e-107
1967	2.96718e-107
1968	2.96718e-107
1969	2.96718e-107
1970	2.96718e-107
1971	2.96718e-107
1972	2.96718e-107
1973	2.96718e-107
1974	2.96718e-107
1975	2.96718e-107
1976	2.96718e-107
1977	2.96718e-107
1978	2.96718e-107
1979	2.96718e-107
1980	2.96718e-107
1981	2.96718e-107
1982	2.96718e-107
1983	2.96718e-107
1984	2.96718e-107
1985	2.96718e-107
1986	2.96718e-107
1987	2.96718e-107
1988	2.96718e-107
1989	2.96718e-107
1990	2.96718e-107
1991	2.96718e-107
1992	2.96718e-107
1993	2.96718e-107
1994	2.96718e-107
1995	2.96718e-107
1996	2.96718e-107
1997	2.96718e-107
1998	2.96718e-107
1999	2.96718e-107
2000	2.96718e-107
2001	2.96718e-107
2002	2.96718e-107
2003	2.96718e-107
2004	2.96718e-107
2005	2.96718e-107
2006	2.96718e-107
2007	2.96718e-107
2008	2.96718e-107
2009	2.96718e-107
2010	2.96718e-107
2011	2.96718e-107
2012	2.96718e-107
2013	2.96718e-107
2014	2.96718e-107
2015	2.96718e-107
2016	2.96718e-107
2017	2.96718e-107
2018	2.96718e-107
2019	2.96718e-107
2020	2.96718e-107
2021	2.96718e-107
2022	2.96718e-107
2023	2.96718e-107
2024	2.96718e-107
2025	2.96718e-107
2026	2.96718e-107
2027	2.96718e-107
2028	2.96718e-107
2029	2.96718e-107
2030	2.96718e-107
2031	2.96718e-107
2032	2.96718e-107
2033	2.96718e-107
2034	2.96718e-107
2035	2.96718e-107
2036	2.96718e-107
2037	2.96718e-107
2038	2.96718e-107
2039	2.96718e-107
2040	2.96718e-107
2041	2.96718e-107
2042	2.96718e-107
2043	2.96718e-107
2044	2.96718e-107
2045	2.96718e-107
2046	2.96718e-107
2047	2.96718e-107
2048	2.96718e-107
2049	2.96718e-107
2050	2.96718e-107
2051	2.96718e-107
2052	2.96718e-107
2053	2.96718e-107
2054	2.96718e-107
2055	2.96718e-107
2056	2.96718e-107
2057	2.96718e-107
2058	2.96718e-107
2059	2.96718e-107
2060	2.96718e-107
2061	2.96718e-107
2062	2.96718e-107
2063	2.96718e-107
2064	2.96718e-107
2065	2.96718e-107
2066	2.96718e-107
2067	2.96718e-107
2068	2.96718e-107
2069	2.96718e-107
2070	2.96718e-107
2071	2.96718e-107
2072	2.96718e-107
2073	2.96718e-107
2074	2.96718e-107
2075	2.96718e-107
2076	2.96718e-107
2077	2.96718e-107
2078	2.96718e-107
2079	2.96718e-107
2080	2.96718e-107
2081	2.96718e-107
2082	2.96718e-107
2083	2.96718e-107
2084	2.96718e-107
2085	2.96718e-107
2086	2.96718e-107
2087	2.96718e-107
2088	2.96718e-107
2089	2.96718e-107
2090	2.96718e-107
2091	2.96718e-107
2092	2.96718e-107
2093	2.96718e-107
2094	2.96718e-107
2095	2.96718e-107
2096	2.96718e-107
2097	2.96718e-107
2098	2.96718e-107
2099	2.96718e-107
2100	2.96718e-107
2101	2.96718e-107
2102	2.96718e-107
2103	2.96718e-107
2104	2.96718e-107
2105	2.96718e-107
2106	2.96718e-107
2107	2.96718e-107
2108	2.96718e-107
2109	2.96718e-107
2110	2.96718e-107
2111	2.96718e-107
2112	2.96718e-107
2113	2.96718e-107
2114	2.96718e-107
2115	2.96718e-107
2116	2.96718e-107
2117	2.96718e-107
2118	2.96718e-107
2119	2.96718e-107
2120	2.96718e-107
2121	2.96718e-107
2122	2.96718e-107
2123	2.96718e-107
2124	2.96718e-107
2125	2.96718e-107
2126	2.96718e-107
2127	2.96718e-107
2128	2.96718e-107
2129	2.96718e-107
2130	2.96718e-107
2131	2.96718e-107
2132	2.96718e-107
2133	2.96718e-107
2134	2.96718e-107
2135	2.96718e-107
2136	2.96718e-107
2137	2.96718e-107
2138	2.96718e-107
2139	2.96718e-107
2140	2.96718e-107
2141	2.96718e-107
2142	2.96718e-107
2143	2.96718e-107
2144	2.96718e-107
2145	2.96718e-107
2146	2.96718e-107
2147	2.96718e-107
2148	2.96718e-107
2149	2.96718e-107
2150	2.96718e-107
2151	2.96718e-107
2152	2.96718e-107
2153	2.96718e-107
2154	2.96718e-107
2155	2.96718e-107
2156	2.96718e-107
2157	2.96718e-107
2158	2.96718e-107
2159	2.96718e-107
2160	2.96718e-107
2161	2.96718e-107
2162	2.96718e-107
2163	2.96718e-107
2164	2.96718e-107
2165	2.96718e-107
2166	2.96718e-107
2167	2.96718e-107
2168	2.96718e-107
2169	2.96718e-107
2170	2.96718e-107
2171	2.96718e-107
2172	2.96718e-107
2173	2.96718e-107
2174	2.96718e-107
2175	2.96718e-107
2176	2.96718e-107
2177	2.96718e-107
2178	2.96718e-107
2179	2.96718e-107
2180	2.96718e-107
2181	2.96718e-107
2182	2.96718e-107
2183	2.96718e-107
2184	2.96718e-107
2185	2.96718e-107
2186	2.96718e-107
2187	2.96718e-107
2188	2.96718e-107
2189	2.96718e-107
2190	2.96718e-107
2191	2.96718e-107
2192	2.96718e-107
2193	2.96718e-107
2194	2.96718e-107
2195	2.96718e-107
2196	2.96718e-107
2197	2.96718e-107
2198	2.96718e-107
2199	2.96718e-107
2200	2.96718e-107
2201	2.96718e-107
2202	2.96718e-107
2203	2.96718e-107
2204	2.96718e-107
2205	2.96718e-107
2206	2.96718e-107
2207	2.96718e-107
2208	2.96718e-107
2209	2.96718e-107
2210	2.96718e-107
2211	2.96718e-107
2212	2.96718e-107
2213	2.96718e-107
2214	2.96718e-107
2215	2.96718e-107
2216	2.96718e-107
2217	2.96718e-107
2218	2.96718e-107
2219	2.96718e-107
2220	2.96718e-107
2221	2.96718e-107
2222	2.96718e-107
2223	2.96718e-107
2224	2.96718e-107
2225	2.96718e-107
2226	2.96718e-107
2227	2.96718e-107
2228	2.96718e-107
2229	2.96718e-107
2230	2.96718e-107
2231	2.96718e-107
2232	2.96718e-107
2233	2.96718e-107
2234	2.96718e-107
2235	2.96718e-107
2236	2.96718e-107
2237	2.96718e-107
2238	2.96718e-107
2239	2.96718e-107
2240	2.96718e-107
2241	2.96718e-107
2242	2.96718e-107
2243	2.96718e-107
2244	2.96718e-107
2245	2.96718e-107
2246	2.96718e-107
2247	2.96718e-107
2248	2.96718e-107
2249	2.96718e-107
2250	2.96718e-107
2251	2.96718e-107
2252	2.96718e-107
2253	2.96718e-107
2254	2.96718e-107
2255	2.96718e-107
2256	2.96718e-107
2257	2.96718e-107
2258	2.96718e-107
2259	2.96718e-107
2260	2.96718e-107
2261	2.96718e-107
2262	2.96718e-107
2263	2.96718e-107
2264	2.96718e-107
2265	2.96718e-107
2266	2.96718e-107
2267	2.96718e-107
2268	2.96718e-107
2269	2.96718e-107
2270	2.96718e-107
2271	2.96718e-107
2272	2.96718e-107
2273	2.96718e-107
2274	2.96718e-107
2275	2.96718e-107
2276	2.96718e-107
2277	2.96718e-107
2278	2.96718e-107
2279	2.96718e-107
2280	2.96718e-107
2281	2.96718e-107
2282	2.96718e-107
2283	2.96718e-107
2284	2.96718e-107
2285	2.96718e-107
2286	2.96718e-107
2287	2.96718e-107
2288	2.96718e-107
2289	2.96718e-107
2290	2.96718e-107
2291	2.96718e-107
2292	2.96718e-107
2293	2.96718e-107
2294	2.96718e-107
2295	2.96718e-107
2296	2.96718e-107
2297	2.96718e-107
2298	2.96718e-107
2299	2.96718e-107
2300	2.96718e-107
2301	2.96718e-107
2302	2.96718e-107
2303	2.96718e-107
2304	2.96718e-107
2305	2.96718e-107
2306	2.96718e-107
2307	2.96718e-107
2308	2.96718e-107
2309	2.96718e-107
2310	2.96718e-107
2311	2.96718e-107
2312	2.96718e-107
2313	2.96718e-107
2314	2.96718e-107
2315	2.96718e-107
2316	2.96718e-107
2317	2.96718e-107
2318	2.96718e-107
2319	2.96718e-107
2320	2.96718e-107
2321	2.96718e-107
2322	2.96718e-107
2323	2.96718e-107
2324	2.96718e-107
2325	2.96718e-107
2326	2.96718e-107
2327	2.96718e-107
2328	2.96718e-107
2329	2.96718e-107
2330	2.96718e-107
2331	2.96718e-107
2332	2.96718e-107
2333	2.96718e-107
2334	2.96718e-107
2335	2.96718e-107
2336	2.96718e-107
2337	2.96718e-107
2338	2.96718e-107
2339	2.96718e-107
2340	2.96718e-107
2341	2.96718e-107
2342	2.96718e-107
2343	2.96718e-107
2344	2.96718e-107
2345	2.96718e-107
2346	2.96718e-107
2347	2.96718e-107
2348	2.96718e-107
2349	2.96718e-107
2350	2.96718e-107
2351	2.96718e-107
2352	2.96718e-107
2353	2.96718e-107
2354	2.96718e-107
2355	2.96718e-107
2356	2.96718e-107
2357	2.96718e-107
2358	2.96718e-107
2359	2.96718e-107
2360	2.96718e-107
2361	2.96718e-107
2362	2.96718e-107
2363	2.96718e-107
2364	2.96718e-107
2365	2.96718e-107
2366	2.96718e-107
2367	2.96718e-107
2368	2.96718e-107
2369	2.96718e-107
2370	2.96718e-107
2371	2.96718e-107
2372	2.96718e-107
2373	2.96718e-107
2374	2.96718e-107
2375	2.96718e-107
2376	2.96718e-107
2377	2.96718e-107
2378	2.96718e-107
2379	2.96718e-107
2380	2.96718e-107
2381	2.96718e-107
2382	2.96718e-107
2383	2.96718e-107
2384	2.96718e-107
2385	2.96718e-107
2386	2.96718e-107
2387	2.96718e-107
2388	2.96718e-107
2389	2.96718e-107
2390	2.96718e-107
2391	2.96718e-107
2392	2.96718e-107
2393	2.96718e-107
2394	2.96718e-107
2395	2.96718e-107
2396	2.96718e-107
2397	2.96718e-107
2398	2.96718e-107
2399	2.96718e-107
2400	2.96718e-107
2401	2.96718e-107
2402	2.96718e-107
2403	2.96718e-107
2404	2.96718e-107
2405	2.96718e-107
2406	2.96718e-107
2407	2.96718e-107
2408	2.96718e-107
2409	2.96718e-107
2410	2.96718e-107
2411	2.96718e-107
2412	2.96718e-107
2413	2.96718e-107
2414	2.96718e-107
2415	2.96718e-107
2416	2.96718e-107
2417	2.96718e-107
2418	2.96718e-107
2419	2.96718e-107
2420	2.96718e-107
2421	2.96718e-107
2422	2.96718e-107
2423	2.96718e-107
2424	2.96718e-107
2425	2.96718e-107
2426	2.96718e-107
2427	2.96718e-107
2428	2.96718e-107
2429	2.96718e-107
2430	2.96718e-107
2431	2.96718e-107
2432	2.96718e-107
2433	2.96718e-107
2434	2.96718e-107
2435	2.96718e-107
2436	2.96718e-107
2437	2.96718e-107
2438	2.96718e-107
2439	2.96718e-107
2440	2.96718e-107
2441	2.96718e-107
2442	2.96718e-107
2443	2.96718e-107
2444	2.96718e-107
2445	2.96718e-107
2446	2.96718e-107
2447	2.96718e-107
2448	2.96718e-107
2449	2.96718e-107
2450	2.96718e-107
2451	2.96718e-107
2452	2.96718e-107
2453	2.96718e-107
2454	2.96718e-107
2455	2.96718e-107
2456	2.96718e-107
2457	2.96718e-107
2458	2.96718e-107
2459	2.96718e-107
2460	2.96718e-107
2461	2.96718e-107
2462	2.96718e-107
2463	2.96718e-107
2464	2.96718e-107
2465	2.96718e-107
2466	2.96718e-107
2467	2.96718e-107
2468	2.96718e-107
2469	2.96718e-107
2470	2.96718e-107
2471	2.96718e-107
2472	2.96718e-107
2473	2.96718e-107
2474	2.96718e-107
2475	2.96718e-107
2476	2.96718e-107
2477	2.96718e-107
2478	2.96718e-107
2479	2.96718e-107
2480	2.96718e-107
2481	2.96718e-107
2482	2.96718e-107
2483	2.96718e-107
2484	2.96718e-107
2485	2.96718e-107
2486	2.96718e-107
2487	2.96718e-107
2488	2.96718e-107
2489	2.96718e-107
2490	2.96718e-107
2491	2.96718e-107
2492	2.96718e-107
2493	2.96718e-107
2494	2.96718e-107
2495	2.96718e-107
2496	2.96718e-107
2497	2.96718e-107
2498	2.96718e-107
2499	2.96718e-107
2500	2.96718e-107
