k	pvalue
0	1
1	1
2	1
3	1
4	1
5	1
6	1
7	1
8	1
9	1
10	1
11	1
12	1
13	1
14	1
15	1
16	1
17	1
18	1
19	1
20	1
21	1
22	1
23	1
24	1
25	1
26	1
27	1
28	1
29	1
30	1
31	1
32	1
33	1
34	1
35	1
36	1
37	1
38	1
39	1
40	1
41	0.999996
42	0.999971
43	0.9998
44	0.998824
45	0.994115
46	0.975308
47	0.914843
48	0.764508
49	0.493353
50	0.177799
51	4.12982e-107
52	4.12982e-107
53	4.12982e-107
54	4.12982e-107
55	4.12982e-107
56	4.12982e-107
57	4.12982e-107
58	4.12982e-107
59	4.12982e-107
60	4.12982e-107
61	4.12982e-107
62	4.12982e-107
63	4.12982e-107
64	4.12982e-107
65	4.12982e-107
66	4.12982e-107
67	4.12982e-107
68	4.12982e-107
69	4.12982e-107
70	4.12982e-107
71	4.12982e-107
72	4.12982e-107
73	4.12982e-107
74	4.12982e-107
75	4.12982e-107
76	4.12982e-107
77	4.12982e-107
78	4.12982e-107
79	4.12982e-107
80	4.12982e-107
81	4.12982e-107
82	4.12982e-107
83	4.12982e-107
84	4.12982e-107
85	4.12982e-107
86	4.12982e-107
87	4.12982e-107
88	4.12982e-107
89	4.12982e-107
90	4.12982e-107
91	4.12982e-107
92	4.12982e-107
93	4.12982e-107
94	4.12982e-107
95	4.12982e-107
96	4.12982e-107
97	4.12982e-107
98	4.12982e-107
99	4.12982e-107
100	4.12982e-107
101	4.12982e-107
102	4.12982e-107
103	4.12982e-107
104	4.12982e-107
105	4.12982e-107
106	4.12982e-107
107	4.12982e-107
108	4.12982e-107
109	4.12982e-107
110	4.12982e-107
111	4.12982e-107
112	4.12982e-107
113	4.12982e-107
114	4.12982e-107
115	4.12982e-107
116	4.12982e-107
117	4.12982e-107
118	4.12982e-107
119	4.12982e-107
120	4.12982e-107
121	4.12982e-107
122	4.12982e-107
123	4.12982e-107
124	4.12982e-107
125	4.12982e-107
126	4.12982e-107
127	4.12982e-107
128	4.12982e-107
129	4.12982e-107
130	4.12982e-107
131	4.12982e-107
132	4.12982e-107
133	4.12982e-107
134	4.12982e-107
135	4.12982e-107
136	4.12982e-107
137	4.12982e-107
138	4.12982e-107
139	4.12982e-107
140	4.12982e-107
141	4.12982e-107
142	4.12982e-107
143	4.12982e-107
144	4.12982e-107
145	4.12982e-107
146	4.12982e-107
147	4.12982e-107
148	4.12982e-107
149	4.12982e-107
150	4.12982e-107
151	4.12982e-107
152	4.12982e-107
153	4.12982e-107
154	4.12982e-107
155	4.12982e-107
156	4.12982e-107
157	4.12982e-107
158	4.12982e-107
159	4.12982e-107
160	4.12982e-107
161	4.12982e-107
162	4.12982e-107
163	4.12982e-107
164	4.12982e-107
165	4.12982e-107
166	4.12982e-107
167	4.12982e-107
168	4.12982e-107
169	4.12982e-107
170	4.12982e-107
171	4.12982e-107
172	4.12982e-107
173	4.12982e-107
174	4.12982e-107
175	4.12982e-107
176	4.12982e-107
177	4.12982e-107
178	4.12982e-107
179	4.12982e-107
180	4.12982e-107
181	4.12982e-107
182	4.12982e-107
183	4.12982e-107
184	4.12982e-107
185	4.12982e-107
186	4.12982e-107
187	4.12982e-107
188	4.12982e-107
189	4.12982e-107
190	4.12982e-107
191	4.12982e-107
192	4.12982e-107
193	4.12982e-107
194	4.12982e-107
195	4.12982e-107
196	4.12982e-107
197	4.12982e-107
198	4.12982e-107
199	4.12982e-107
200	4.12982e-107
201	4.12982e-107
202	4.12982e-107
203	4.12982e-107
204	4.12982e-107
205	4.12982e-107
206	4.12982e-107
207	4.12982e-107
208	4.12982e-107
209	4.12982e-107
210	4.12982e-107
211	4.12982e-107
212	4.12982e-107
213	4.12982e-107
214	4.12982e-107
215	4.12982e-107
216	4.12982e-107
217	4.12982e-107
218	4.12982e-107
219	4.12982e-107
220	4.12982e-107
221	4.12982e-107
222	4.12982e-107
223	4.12982e-107
224	4.12982e-107
225	4.12982e-107
226	4.12982e-107
227	4.12982e-107
228	4.12982e-107
229	4.12982e-107
230	4.12982e-107
231	4.12982e-107
232	4.12982e-107
233	4.12982e-107
234	4.12982e-107
235	4.12982e-107
236	4.12982e-107
237	4.12982e-107
238	4.12982e-107
239	4.12982e-107
240	4.12982e-107
241	4.12982e-107
242	4.12982e-107
243	4.12982e-107
244	4.12982e-107
245	4.12982e-107
246	4.12982e-107
247	4.12982e-107
248	4.12982e-107
249	4.12982e-107
250	4.12982e-107
251	4.12982e-107
252	4.12982e-107
253	4.12982e-107
254	4.12982e-107
255	4.12982e-107
256	4.12982e-107
257	4.12982e-107
258	4.12982e-107
259	4.12982e-107
260	4.12982e-107
261	4.12982e-107
262	4.12982e-107
263	4.12982e-107
264	4.12982e-107
265	4.12982e-107
266	4.12982e-107
267	4.12982e-107
268	4.12982e-107
269	4.12982e-107
270	4.12982e-107
271	4.12982e-107
272	4.12982e-107
273	4.12982e-107
274	4.12982e-107
275	4.12982e-107
276	4.12982e-107
277	4.12982e-107
278	4.12982e-107
279	4.12982e-107
280	4.12982e-107
281	4.12982e-107
282	4.12982e-107
283	4.12982e-107
284	4.12982e-107
285	4.12982e-107
286	4.12982e-107
287	4.12982e-107
288	4.12982e-107
289	4.12982e-107
290	4.12982e-107
291	4.12982e-107
292	4.12982e-107
293	4.12982e-107
294	4.12982e-107
295	4.12982e-107
296	4.12982e-107
297	4.12982e-107
298	4.12982e-107
299	4.12982e-107
300	4.12982e-107
301	4.12982e-107
302	4.12982e-107
303	4.12982e-107
304	4.12982e-107
305	4.12982e-107
306	4.12982e-107
307	4.12982e-107
308	4.12982e-107
309	4.12982e-107
310	4.12982e-107
311	4.12982e-107
312	4.12982e-107
313	4.12982e-107
314	4.12982e-107
315	4.12982e-107
316	4.12982e-107
317	4.12982e-107
318	4.12982e-107
319	4.12982e-107
320	4.12982e-107
321	4.12982e-107
322	4.12982e-107
323	4.12982e-107
324	4.12982e-107
325	4.12982e-107
326	4.12982e-107
327	4.12982e-107
328	4.12982e-107
329	4.12982e-107
330	4.12982e-107
331	4.12982e-107
332	4.12982e-107
333	4.12982e-107
334	4.12982e-107
335	4.12982e-107
336	4.12982e-107
337	4.12982e-107
338	4.12982e-107
339	4.12982e-107
340	4.12982e-107
341	4.12982e-107
342	4.12982e-107
343	4.12982e-107
344	4.12982e-107
345	4.12982e-107
346	4.12982e-107
347	4.12982e-107
348	4.12982e-107
349	4.12982e-107
350	4.12982e-107
351	4.12982e-107
352	4.12982e-107
353	4.12982e-107
354	4.12982e-107
355	4.12982e-107
356	4.12982e-107
357	4.12982e-107
358	4.12982e-107
359	4.12982e-107
360	4.12982e-107
361	4.12982e-107
362	4.12982e-107
363	4.12982e-107
364	4.12982e-107
365	4.12982e-107
366	4.12982e-107
367	4.12982e-107
368	4.12982e-107
369	4.12982e-107
370	4.12982e-107
371	4.12982e-107
372	4.12982e-107
373	4.12982e-107
374	4.12982e-107
375	4.12982e-107
376	4.12982e-107
377	4.12982e-107
378	4.12982e-107
379	4.12982e-107
380	4.12982e-107
381	4.12982e-107
382	4.12982e-107
383	4.12982e-107
384	4.12982e-107
385	4.12982e-107
386	4.12982e-107
387	4.12982e-107
388	4.12982e-107
389	4.12982e-107
390	4.12982e-107
391	4.12982e-107
392	4.12982e-107
393	4.12982e-107
394	4.12982e-107
395	4.12982e-107
396	4.12982e-107
397	4.12982e-107
398	4.12982e-107
399	4.12982e-107
400	4.12982e-107
401	4.12982e-107
402	4.12982e-107
403	4.12982e-107
404	4.12982e-107
405	4.12982e-107
406	4.12982e-107
407	4.12982e-107
408	4.12982e-107
409	4.12982e-107
410	4.12982e-107
411	4.12982e-107
412	4.12982e-107
413	4.12982e-107
414	4.12982e-107
415	4.12982e-107
416	4.12982e-107
417	4.12982e-107
418	4.12982e-107
419	4.12982e-107
420	4.12982e-107
421	4.12982e-107
422	4.12982e-107
423	4.12982e-107
424	4.12982e-107
425	4.12982e-107
426	4.12982e-107
427	4.12982e-107
428	4.12982e-107
429	4.12982e-107
430	4.12982e-107
431	4.12982e-107
432	4.12982e-107
433	4.12982e-107
434	4.12982e-107
435	4.12982e-107
436	4.12982e-107
437	4.12982e-107
438	4.12982e-107
439	4.12982e-107
440	4.12982e-107
441	4.12982e-107
442	4.12982e-107
443	4.12982e-107
444	4.12982e-107
445	4.12982e-107
446	4.12982e-107
447	4.12982e-107
448	4.12982e-107
449	4.12982e-107
450	4.12982e-107
451	4.12982e-107
452	4.12982e-107
453	4.12982e-107
454	4.12982e-107
455	4.12982e-107
456	4.12982e-107
457	4.12982e-107
458	4.12982e-107
459	4.12982e-107
460	4.12982e-107
461	4.12982e-107
462	4.12982e-107
463	4.12982e-107
464	4.12982e-107
465	4.12982e-107
466	4.12982e-107
467	4.12982e-107
468	4.12982e-107
469	4.12982e-107
470	4.12982e-107
471	4.12982e-107
472	4.12982e-107
473	4.12982e-107
474	4.12982e-107
475	4.12982e-107
476	4.12982e-107
477	4.12982e-107
478	4.12982e-107
479	4.12982e-107
480	4.12982e-107
481	4.12982e-107
482	4.12982e-107
483	4.12982e-107
484	4.12982e-107
485	4.12982e-107
486	4.12982e-107
487	4.12982e-107
488	4.12982e-107
489	4.12982e-107
490	4.12982e-107
491	4.12982e-107
492	4.12982e-107
493	4.12982e-107
494	4.12982e-107
495	4.12982e-107
496	4.12982e-107
497	4.12982e-107
498	4.12982e-107
499	4.12982e-107
500	4.12982e-107
501	4.12982e-107
502	4.12982e-107
503	4.12982e-107
504	4.12982e-107
505	4.12982e-107
506	4.12982e-107
507	4.12982e-107
508	4.12982e-107
509	4.12982e-107
510	4.12982e-107
511	4.12982e-107
512	4.12982e-107
513	4.12982e-107
514	4.12982e-107
515	4.12982e-107
516	4.12982e-107
517	4.12982e-107
518	4.12982e-107
519	4.12982e-107
520	4.12982e-107
521	4.12982e-107
522	4.12982e-107
523	4.12982e-107
524	4.12982e-107
525	4.12982e-107
526	4.12982e-107
527	4.12982e-107
528	4.12982e-107
529	4.12982e-107
530	4.12982e-107
531	4.12982e-107
532	4.12982e-107
533	4.12982e-107
534	4.12982e-107
535	4.12982e-107
536	4.12982e-107
537	4.12982e-107
538	4.12982e-107
539	4.12982e-107
540	4.12982e-107
541	4.12982e-107
542	4.12982e-107
543	4.12982e-107
544	4.12982e-107
545	4.12982e-107
546	4.12982e-107
547	4.12982e-107
548	4.12982e-107
549	4.12982e-107
550	4.12982e-107
551	4.12982e-107
552	4.12982e-107
553	4.12982e-107
554	4.12982e-107
555	4.12982e-107
556	4.12982e-107
557	4.12982e-107
558	4.12982e-107
559	4.12982e-107
560	4.12982e-107
561	4.12982e-107
562	4.12982e-107
563	4.12982e-107
564	4.12982e-107
565	4.12982e-107
566	4.12982e-107
567	4.12982e-107
568	4.12982e-107
569	4.12982e-107
570	4.12982e-107
571	4.12982e-107
572	4.12982e-107
573	4.12982e-107
574	4.12982e-107
575	4.12982e-107
576	4.12982e-107
577	4.12982e-107
578	4.12982e-107
579	4.12982e-107
580	4.12982e-107
581	4.12982e-107
582	4.12982e-107
583	4.12982e-107
584	4.12982e-107
585	4.12982e-107
586	4.12982e-107
587	4.12982e-107
588	4.12982e-107
589	4.12982e-107
590	4.12982e-107
591	4.12982e-107
592	4.12982e-107
593	4.12982e-107
594	4.12982e-107
595	4.12982e-107
596	4.12982e-107
597	4.12982e-107
598	4.12982e-107
599	4.12982e-107
600	4.12982e-107
601	4.12982e-107
602	4.12982e-107
603	4.12982e-107
604	4.12982e-107
605	4.12982e-107
606	4.12982e-107
607	4.12982e-107
608	4.12982e-107
609	4.12982e-107
610	4.12982e-107
611	4.12982e-107
612	4.12982e-107
613	4.12982e-107
614	4.12982e-107
615	4.12982e-107
616	4.12982e-107
617	4.12982e-107
618	4.12982e-107
619	4.12982e-107
620	4.12982e-107
621	4.12982e-107
622	4.12982e-107
623	4.12982e-107
624	4.12982e-107
625	4.12982e-107
626	4.12982e-107
627	4.12982e-107
628	4.12982e-107
629	4.12982e-107
630	4.12982e-107
631	4.12982e-107
632	4.12982e-107
633	4.12982e-107
634	4.12982e-107
635	4.12982e-107
636	4.12982e-107
637	4.12982e-107
638	4.12982e-107
639	4.12982e-107
640	4.12982e-107
641	4.12982e-107
642	4.12982e-107
643	4.12982e-107
644	4.12982e-107
645	4.12982e-107
646	4.12982e-107
647	4.12982e-107
648	4.12982e-107
649	4.12982e-107
650	4.12982e-107
651	4.12982e-107
652	4.12982e-107
653	4.12982e-107
654	4.12982e-107
655	4.12982e-107
656	4.12982e-107
657	4.12982e-107
658	4.12982e-107
659	4.12982e-107
660	4.12982e-107
661	4.12982e-107
662	4.12982e-107
663	4.12982e-107
664	4.12982e-107
665	4.12982e-107
666	4.12982e-107
667	4.12982e-107
668	4.12982e-107
669	4.12982e-107
670	4.12982e-107
671	4.12982e-107
672	4.12982e-107
673	4.12982e-107
674	4.12982e-107
675	4.12982e-107
676	4.12982e-107
677	4.12982e-107
678	4.12982e-107
679	4.12982e-107
680	4.12982e-107
681	4.12982e-107
682	4.12982e-107
683	4.12982e-107
684	4.12982e-107
685	4.12982e-107
686	4.12982e-107
687	4.12982e-107
688	4.12982e-107
689	4.12982e-107
690	4.12982e-107
691	4.12982e-107
692	4.12982e-107
693	4.12982e-107
694	4.12982e-107
695	4.12982e-107
696	4.12982e-107
697	4.12982e-107
698	4.12982e-107
699	4.12982e-107
700	4.12982e-107
701	4.12982e-107
702	4.12982e-107
703	4.12982e-107
704	4.12982e-107
705	4.12982e-107
706	4.12982e-107
707	4.12982e-107
708	4.12982e-107
709	4.12982e-107
710	4.12982e-107
711	4.12982e-107
712	4.12982e-107
713	4.12982e-107
714	4.12982e-107
715	4.12982e-107
716	4.12982e-107
717	4.12982e-107
718	4.12982e-107
719	4.12982e-107
720	4.12982e-107
721	4.12982e-107
722	4.12982e-107
723	4.12982e-107
724	4.12982e-107
725	4.12982e-107
726	4.12982e-107
727	4.12982e-107
728	4.12982e-107
729	4.12982e-107
730	4.12982e-107
731	4.12982e-107
732	4.12982e-107
733	4.12982e-107
734	4.12982e-107
735	4.12982e-107
736	4.12982e-107
737	4.12982e-107
738	4.12982e-107
739	4.12982e-107
740	4.12982e-107
741	4.12982e-107
742	4.12982e-107
743	4.12982e-107
744	4.12982e-107
745	4.12982e-107
746	4.12982e-107
747	4.12982e-107
748	4.12982e-107
749	4.12982e-107
750	4.12982e-107
751	4.12982e-107
752	4.12982e-107
753	4.12982e-107
754	4.12982e-107
755	4.12982e-107
756	4.12982e-107
757	4.12982e-107
758	4.12982e-107
759	4.12982e-107
760	4.12982e-107
761	4.12982e-107
762	4.12982e-107
763	4.12982e-107
764	4.12982e-107
765	4.12982e-107
766	4.12982e-107
767	4.12982e-107
768	4.12982e-107
769	4.12982e-107
770	4.12982e-107
771	4.12982e-107
772	4.12982e-107
773	4.12982e-107
774	4.12982e-107
775	4.12982e-107
776	4.12982e-107
777	4.12982e-107
778	4.12982e-107
779	4.12982e-107
780	4.12982e-107
781	4.12982e-107
782	4.12982e-107
783	4.12982e-107
784	4.12982e-107
785	4.12982e-107
786	4.12982e-107
787	4.12982e-107
788	4.12982e-107
789	4.12982e-107
790	4.12982e-107
791	4.12982e-107
792	4.12982e-107
793	4.12982e-107
794	4.12982e-107
795	4.12982e-107
796	4.12982e-107
797	4.12982e-107
798	4.12982e-107
799	4.12982e-107
800	4.12982e-107
801	4.12982e-107
802	4.12982e-107
803	4.12982e-107
804	4.12982e-107
805	4.12982e-107
806	4.12982e-107
807	4.12982e-107
808	4.12982e-107
809	4.12982e-107
810	4.12982e-107
811	4.12982e-107
812	4.12982e-107
813	4.12982e-107
814	4.12982e-107
815	4.12982e-107
816	4.12982e-107
817	4.12982e-107
818	4.12982e-107
819	4.12982e-107
820	4.12982e-107
821	4.12982e-107
822	4.12982e-107
823	4.12982e-107
824	4.12982e-107
825	4.12982e-107
826	4.12982e-107
827	4.12982e-107
828	4.12982e-107
829	4.12982e-107
830	4.12982e-107
831	4.12982e-107
832	4.12982e-107
833	4.12982e-107
834	4.12982e-107
835	4.12982e-107
836	4.12982e-107
837	4.12982e-107
838	4.12982e-107
839	4.12982e-107
840	4.12982e-107
841	4.12982e-107
842	4.12982e-107
843	4.12982e-107
844	4.12982e-107
845	4.12982e-107
846	4.12982e-107
847	4.12982e-107
848	4.12982e-107
849	4.12982e-107
850	4.12982e-107
851	4.12982e-107
852	4.12982e-107
853	4.12982e-107
854	4.12982e-107
855	4.12982e-107
856	4.12982e-107
857	4.12982e-107
858	4.12982e-107
859	4.12982e-107
860	4.12982e-107
861	4.12982e-107
862	4.12982e-107
863	4.12982e-107
864	4.12982e-107
865	4.12982e-107
866	4.12982e-107
867	4.12982e-107
868	4.12982e-107
869	4.12982e-107
870	4.12982e-107
871	4.12982e-107
872	4.12982e-107
873	4.12982e-107
874	4.12982e-107
875	4.12982e-107
876	4.12982e-107
877	4.12982e-107
878	4.12982e-107
879	4.12982e-107
880	4.12982e-107
881	4.12982e-107
882	4.12982e-107
883	4.12982e-107
884	4.12982e-107
885	4.12982e-107
886	4.12982e-107
887	4.12982e-107
888	4.12982e-107
889	4.12982e-107
890	4.12982e-107
891	4.12982e-107
892	4.12982e-107
893	4.12982e-107
894	4.12982e-107
895	4.12982e-107
896	4.12982e-107
897	4.12982e-107
898	4.12982e-107
899	4.12982e-107
900	4.12982e-107
901	4.12982e-107
902	4.12982e-107
903	4.12982e-107
904	4.12982e-107
905	4.12982e-107
906	4.12982e-107
907	4.12982e-107
908	4.12982e-107
909	4.12982e-107
910	4.12982e-107
911	4.12982e-107
912	4.12982e-107
913	4.12982e-107
914	4.12982e-107
915	4.12982e-107
916	4.12982e-107
917	4.12982e-107
918	4.12982e-107
919	4.12982e-107
920	4.12982e-107
921	4.12982e-107
922	4.12982e-107
923	4.12982e-107
924	4.12982e-107
925	4.12982e-107
926	4.12982e-107
927	4.12982e-107
928	4.12982e-107
929	4.12982e-107
930	4.12982e-107
931	4.12982e-107
932	4.12982e-107
933	4.12982e-107
934	4.12982e-107
935	4.12982e-107
936	4.12982e-107
937	4.12982e-107
938	4.12982e-107
939	4.12982e-107
940	4.12982e-107
941	4.12982e-107
942	4.12982e-107
943	4.12982e-107
944	4.12982e-107
945	4.12982e-107
946	4.12982e-107
947	4.12982e-107
948	4.12982e-107
949	4.12982e-107
950	4.12982e-107
951	4.12982e-107
952	4.12982e-107
953	4.12982e-107
954	4.12982e-107
955	4.12982e-107
956	4.12982e-107
957	4.12982e-107
958	4.12982e-107
959	4.12982e-107
960	4.12982e-107
961	4.12982e-107
962	4.12982e-107
963	4.12982e-107
964	4.12982e-107
965	4.12982e-107
966	4.12982e-107
967	4.12982e-107
968	4.12982e-107
969	4.12982e-107
970	4.12982e-107
971	4.12982e-107
972	4.12982e-107
973	4.12982e-107
974	4.12982e-107
975	4.12982e-107
976	4.12982e-107
977	4.12982e-107
978	4.12982e-107
979	4.12982e-107
980	4.12982e-107
981	4.12982e-107
982	4.12982e-107
983	4.12982e-107
984	4.12982e-107
985	4.12982e-107
986	4.12982e-107
987	4.12982e-107
988	4.12982e-107
989	4.12982e-107
990	4.12982e-107
991	4.12982e-107
992	4.12982e-107
993	4.12982e-107
994	4.12982e-107
995	4.12982e-107
996	4.12982e-107
997	4.12982e-107
998	4.12982e-107
999	4.12982e-107
1000	4.12982e-107
1001	4.12982e-107
1002	4.12982e-107
1003	4.12982e-107
1004	4.12982e-107
1005	4.12982e-107
1006	4.12982e-107
1007	4.12982e-107
1008	4.12982e-107
1009	4.12982e-107
1010	4.12982e-107
1011	4.12982e-107
1012	4.12982e-107
1013	4.12982e-107
1014	4.12982e-107
1015	4.12982e-107
1016	4.12982e-107
1017	4.12982e-107
1018	4.12982e-107
1019	4.12982e-107
1020	4.12982e-107
1021	4.12982e-107
1022	4.12982e-107
1023	4.12982e-107
1024	4.12982e-107
1025	4.12982e-107
1026	4.12982e-107
1027	4.12982e-107
1028	4.12982e-107
1029	4.12982e-107
1030	4.12982e-107
1031	4.12982e-107
1032	4.12982e-107
1033	4.12982e-107
1034	4.12982e-107
1035	4.12982e-107
1036	4.12982e-107
1037	4.12982e-107
1038	4.12982e-107
1039	4.12982e-107
1040	4.12982e-107
1041	4.12982e-107
1042	4.12982e-107
1043	4.12982e-107
1044	4.12982e-107
1045	4.12982e-107
1046	4.12982e-107
1047	4.12982e-107
1048	4.12982e-107
1049	4.12982e-107
1050	4.12982e-107
1051	4.12982e-107
1052	4.12982e-107
1053	4.12982e-107
1054	4.12982e-107
1055	4.12982e-107
1056	4.12982e-107
1057	4.12982e-107
1058	4.12982e-107
1059	4.12982e-107
1060	4.12982e-107
1061	4.12982e-107
1062	4.12982e-107
1063	4.12982e-107
1064	4.12982e-107
1065	4.12982e-107
1066	4.12982e-107
1067	4.12982e-107
1068	4.12982e-107
1069	4.12982e-107
1070	4.12982e-107
1071	4.12982e-107
1072	4.12982e-107
1073	4.12982e-107
1074	4.12982e-107
1075	4.12982e-107
1076	4.12982e-107
1077	4.12982e-107
1078	4.12982e-107
1079	4.12982e-107
1080	4.12982e-107
1081	4.12982e-107
1082	4.12982e-107
1083	4.12982e-107
1084	4.12982e-107
1085	4.12982e-107
1086	4.12982e-107
1087	4.12982e-107
1088	4.12982e-107
1089	4.12982e-107
1090	4.12982e-107
1091	4.12982e-107
1092	4.12982e-107
1093	4.12982e-107
1094	4.12982e-107
1095	4.12982e-107
1096	4.12982e-107
1097	4.12982e-107
1098	4.12982e-107
1099	4.12982e-107
1100	4.12982e-107
1101	4.12982e-107
1102	4.12982e-107
1103	4.12982e-107
1104	4.12982e-107
1105	4.12982e-107
1106	4.12982e-107
1107	4.12982e-107
1108	4.12982e-107
1109	4.12982e-107
1110	4.12982e-107
1111	4.12982e-107
1112	4.12982e-107
1113	4.12982e-107
1114	4.12982e-107
1115	4.12982e-107
1116	4.12982e-107
1117	4.12982e-107
1118	4.12982e-107
1119	4.12982e-107
1120	4.12982e-107
1121	4.12982e-107
1122	4.12982e-107
1123	4.12982e-107
1124	4.12982e-107
1125	4.12982e-107
1126	4.12982e-107
1127	4.12982e-107
1128	4.12982e-107
1129	4.12982e-107
1130	4.12982e-107
1131	4.12982e-107
1132	4.12982e-107
1133	4.12982e-107
1134	4.12982e-107
1135	4.12982e-107
1136	4.12982e-107
1137	4.12982e-107
1138	4.12982e-107
1139	4.12982e-107
1140	4.12982e-107
1141	4.12982e-107
1142	4.12982e-107
1143	4.12982e-107
1144	4.12982e-107
1145	4.12982e-107
1146	4.12982e-107
1147	4.12982e-107
1148	4.12982e-107
1149	4.12982e-107
1150	4.12982e-107
1151	4.12982e-107
1152	4.12982e-107
1153	4.12982e-107
1154	4.12982e-107
1155	4.12982e-107
1156	4.12982e-107
1157	4.12982e-107
1158	4.12982e-107
1159	4.12982e-107
1160	4.12982e-107
1161	4.12982e-107
1162	4.12982e-107
1163	4.12982e-107
1164	4.12982e-107
1165	4.12982e-107
1166	4.12982e-107
1167	4.12982e-107
1168	4.12982e-107
1169	4.12982e-107
1170	4.12982e-107
1171	4.12982e-107
1172	4.12982e-107
1173	4.12982e-107
1174	4.12982e-107
1175	4.12982e-107
1176	4.12982e-107
1177	4.12982e-107
1178	4.12982e-107
1179	4.12982e-107
1180	4.12982e-107
1181	4.12982e-107
1182	4.12982e-107
1183	4.12982e-107
1184	4.12982e-107
1185	4.12982e-107
1186	4.12982e-107
1187	4.12982e-107
1188	4.12982e-107
1189	4.12982e-107
1190	4.12982e-107
1191	4.12982e-107
1192	4.12982e-107
1193	4.12982e-107
1194	4.12982e-107
1195	4.12982e-107
1196	4.12982e-107
1197	4.12982e-107
1198	4.12982e-107
1199	4.12982e-107
1200	4.12982e-107
1201	4.12982e-107
1202	4.12982e-107
1203	4.12982e-107
1204	4.12982e-107
1205	4.12982e-107
1206	4.12982e-107
1207	4.12982e-107
1208	4.12982e-107
1209	4.12982e-107
1210	4.12982e-107
1211	4.12982e-107
1212	4.12982e-107
1213	4.12982e-107
1214	4.12982e-107
1215	4.12982e-107
1216	4.12982e-107
1217	4.12982e-107
1218	4.12982e-107
1219	4.12982e-107
1220	4.12982e-107
1221	4.12982e-107
1222	4.12982e-107
1223	4.12982e-107
1224	4.12982e-107
1225	4.12982e-107
1226	4.12982e-107
1227	4.12982e-107
1228	4.12982e-107
1229	4.12982e-107
1230	4.12982e-107
1231	4.12982e-107
1232	4.12982e-107
1233	4.12982e-107
1234	4.12982e-107
1235	4.12982e-107
1236	4.12982e-107
1237	4.12982e-107
1238	4.12982e-107
1239	4.12982e-107
1240	4.12982e-107
1241	4.12982e-107
1242	4.12982e-107
1243	4.12982e-107
1244	4.12982e-107
1245	4.12982e-107
1246	4.12982e-107
1247	4.12982e-107
1248	4.12982e-107
1249	4.12982e-107
1250	4.12982e-107
1251	4.12982e-107
1252	4.12982e-107
1253	4.12982e-107
1254	4.12982e-107
1255	4.12982e-107
1256	4.12982e-107
1257	4.12982e-107
1258	4.12982e-107
1259	4.12982e-107
1260	4.12982e-107
1261	4.12982e-107
1262	4.12982e-107
1263	4.12982e-107
1264	4.12982e-107
1265	4.12982e-107
1266	4.12982e-107
1267	4.12982e-107
1268	4.12982e-107
1269	4.12982e-107
1270	4.12982e-107
1271	4.12982e-107
1272	4.12982e-107
1273	4.12982e-107
1274	4.12982e-107
1275	4.12982e-107
1276	4.12982e-107
1277	4.12982e-107
1278	4.12982e-107
1279	4.12982e-107
1280	4.12982e-107
1281	4.12982e-107
1282	4.12982e-107
1283	4.12982e-107
1284	4.12982e-107
1285	4.12982e-107
1286	4.12982e-107
1287	4.12982e-107
1288	4.12982e-107
1289	4.12982e-107
1290	4.12982e-107
1291	4.12982e-107
1292	4.12982e-107
1293	4.12982e-107
1294	4.12982e-107
1295	4.12982e-107
1296	4.12982e-107
1297	4.12982e-107
1298	4.12982e-107
1299	4.12982e-107
1300	4.12982e-107
1301	4.12982e-107
1302	4.12982e-107
1303	4.12982e-107
1304	4.12982e-107
1305	4.12982e-107
1306	4.12982e-107
1307	4.12982e-107
1308	4.12982e-107
1309	4.12982e-107
1310	4.12982e-107
1311	4.12982e-107
1312	4.12982e-107
1313	4.12982e-107
1314	4.12982e-107
1315	4.12982e-107
1316	4.12982e-107
1317	4.12982e-107
1318	4.12982e-107
1319	4.12982e-107
1320	4.12982e-107
1321	4.12982e-107
1322	4.12982e-107
1323	4.12982e-107
1324	4.12982e-107
1325	4.12982e-107
1326	4.12982e-107
1327	4.12982e-107
1328	4.12982e-107
1329	4.12982e-107
1330	4.12982e-107
1331	4.12982e-107
1332	4.12982e-107
1333	4.12982e-107
1334	4.12982e-107
1335	4.12982e-107
1336	4.12982e-107
1337	4.12982e-107
1338	4.12982e-107
1339	4.12982e-107
1340	4.12982e-107
1341	4.12982e-107
1342	4.12982e-107
1343	4.12982e-107
1344	4.12982e-107
1345	4.12982e-107
1346	4.12982e-107
1347	4.12982e-107
1348	4.12982e-107
1349	4.12982e-107
1350	4.12982e-107
1351	4.12982e-107
1352	4.12982e-107
1353	4.12982e-107
1354	4.12982e-107
1355	4.12982e-107
1356	4.12982e-107
1357	4.12982e-107
1358	4.12982e-107
1359	4.12982e-107
1360	4.12982e-107
1361	4.12982e-107
1362	4.12982e-107
1363	4.12982e-107
1364	4.12982e-107
1365	4.12982e-107
1366	4.12982e-107
1367	4.12982e-107
1368	4.12982e-107
1369	4.12982e-107
1370	4.12982e-107
1371	4.12982e-107
1372	4.12982e-107
1373	4.12982e-107
1374	4.12982e-107
1375	4.12982e-107
1376	4.12982e-107
1377	4.12982e-107
1378	4.12982e-107
1379	4.12982e-107
1380	4.12982e-107
1381	4.12982e-107
1382	4.12982e-107
1383	4.12982e-107
1384	4.12982e-107
1385	4.12982e-107
1386	4.12982e-107
1387	4.12982e-107
1388	4.12982e-107
1389	4.12982e-107
1390	4.12982e-107
1391	4.12982e-107
1392	4.12982e-107
1393	4.12982e-107
1394	4.12982e-107
1395	4.12982e-107
1396	4.12982e-107
1397	4.12982e-107
1398	4.12982e-107
1399	4.12982e-107
1400	4.12982e-107
1401	4.12982e-107
1402	4.12982e-107
1403	4.12982e-107
1404	4.12982e-107
1405	4.12982e-107
1406	4.12982e-107
1407	4.12982e-107
1408	4.12982e-107
1409	4.12982e-107
1410	4.12982e-107
1411	4.12982e-107
1412	4.12982e-107
1413	4.12982e-107
1414	4.12982e-107
1415	4.12982e-107
1416	4.12982e-107
1417	4.12982e-107
1418	4.12982e-107
1419	4.12982e-107
1420	4.12982e-107
1421	4.12982e-107
1422	4.12982e-107
1423	4.12982e-107
1424	4.12982e-107
1425	4.12982e-107
1426	4.12982e-107
1427	4.12982e-107
1428	4.12982e-107
1429	4.12982e-107
1430	4.12982e-107
1431	4.12982e-107
1432	4.12982e-107
1433	4.12982e-107
1434	4.12982e-107
1435	4.12982e-107
1436	4.12982e-107
1437	4.12982e-107
1438	4.12982e-107
1439	4.12982e-107
1440	4.12982e-107
1441	4.12982e-107
1442	4.12982e-107
1443	4.12982e-107
1444	4.12982e-107
1445	4.12982e-107
1446	4.12982e-107
1447	4.12982e-107
1448	4.12982e-107
1449	4.12982e-107
1450	4.12982e-107
1451	4.12982e-107
1452	4.12982e-107
1453	4.12982e-107
1454	4.12982e-107
1455	4.12982e-107
1456	4.12982e-107
1457	4.12982e-107
1458	4.12982e-107
1459	4.12982e-107
1460	4.12982e-107
1461	4.12982e-107
1462	4.12982e-107
1463	4.12982e-107
1464	4.12982e-107
1465	4.12982e-107
1466	4.12982e-107
1467	4.12982e-107
1468	4.12982e-107
1469	4.12982e-107
1470	4.12982e-107
1471	4.12982e-107
1472	4.12982e-107
1473	4.12982e-107
1474	4.12982e-107
1475	4.12982e-107
1476	4.12982e-107
1477	4.12982e-107
1478	4.12982e-107
1479	4.12982e-107
1480	4.12982e-107
1481	4.12982e-107
1482	4.12982e-107
1483	4.12982e-107
1484	4.12982e-107
1485	4.12982e-107
1486	4.12982e-107
1487	4.12982e-107
1488	4.12982e-107
1489	4.12982e-107
1490	4.12982e-107
1491	4.12982e-107
1492	4.12982e-107
1493	4.12982e-107
1494	4.12982e-107
1495	4.12982e-107
1496	4.12982e-107
1497	4.12982e-107
1498	4.12982e-107
1499	4.12982e-107
1500	4.12982e-107
1501	4.12982e-107
1502	4.12982e-107
1503	4.12982e-107
1504	4.12982e-107
1505	4.12982e-107
1506	4.12982e-107
1507	4.12982e-107
1508	4.12982e-107
1509	4.12982e-107
1510	4.12982e-107
1511	4.12982e-107
1512	4.12982e-107
1513	4.12982e-107
1514	4.12982e-107
1515	4.12982e-107
1516	4.12982e-107
1517	4.12982e-107
1518	4.12982e-107
1519	4.12982e-107
1520	4.12982e-107
1521	4.12982e-107
1522	4.12982e-107
1523	4.12982e-107
1524	4.12982e-107
1525	4.12982e-107
1526	4.12982e-107
1527	4.12982e-107
1528	4.12982e-107
1529	4.12982e-107
1530	4.12982e-107
1531	4.12982e-107
1532	4.12982e-107
1533	4.12982e-107
1534	4.12982e-107
1535	4.12982e-107
1536	4.12982e-107
1537	4.12982e-107
1538	4.12982e-107
1539	4.12982e-107
1540	4.12982e-107
1541	4.12982e-107
1542	4.12982e-107
1543	4.12982e-107
1544	4.12982e-107
1545	4.12982e-107
1546	4.12982e-107
1547	4.12982e-107
1548	4.12982e-107
1549	4.12982e-107
1550	4.12982e-107
1551	4.12982e-107
1552	4.12982e-107
1553	4.12982e-107
1554	4.12982e-107
1555	4.12982e-107
1556	4.12982e-107
1557	4.12982e-107
1558	4.12982e-107
1559	4.12982e-107
1560	4.12982e-107
1561	4.12982e-107
1562	4.12982e-107
1563	4.12982e-107
1564	4.12982e-107
1565	4.12982e-107
1566	4.12982e-107
1567	4.12982e-107
1568	4.12982e-107
1569	4.12982e-107
1570	4.12982e-107
1571	4.12982e-107
1572	4.12982e-107
1573	4.12982e-107
1574	4.12982e-107
1575	4.12982e-107
1576	4.12982e-107
1577	4.12982e-107
1578	4.12982e-107
1579	4.12982e-107
1580	4.12982e-107
1581	4.12982e-107
1582	4.12982e-107
1583	4.12982e-107
1584	4.12982e-107
1585	4.12982e-107
1586	4.12982e-107
1587	4.12982e-107
1588	4.12982e-107
1589	4.12982e-107
1590	4.12982e-107
1591	4.12982e-107
1592	4.12982e-107
1593	4.12982e-107
1594	4.12982e-107
1595	4.12982e-107
1596	4.12982e-107
1597	4.12982e-107
1598	4.12982e-107
1599	4.12982e-107
1600	4.12982e-107
1601	4.12982e-107
1602	4.12982e-107
1603	4.12982e-107
1604	4.12982e-107
1605	4.12982e-107
1606	4.12982e-107
1607	4.12982e-107
1608	4.12982e-107
1609	4.12982e-107
1610	4.12982e-107
1611	4.12982e-107
1612	4.12982e-107
1613	4.12982e-107
1614	4.12982e-107
1615	4.12982e-107
1616	4.12982e-107
1617	4.12982e-107
1618	4.12982e-107
1619	4.12982e-107
1620	4.12982e-107
1621	4.12982e-107
1622	4.12982e-107
1623	4.12982e-107
1624	4.12982e-107
1625	4.12982e-107
1626	4.12982e-107
1627	4.12982e-107
1628	4.12982e-107
1629	4.12982e-107
1630	4.12982e-107
1631	4.12982e-107
1632	4.12982e-107
1633	4.12982e-107
1634	4.12982e-107
1635	4.12982e-107
1636	4.12982e-107
1637	4.12982e-107
1638	4.12982e-107
1639	4.12982e-107
1640	4.12982e-107
1641	4.12982e-107
1642	4.12982e-107
1643	4.12982e-107
1644	4.12982e-107
1645	4.12982e-107
1646	4.12982e-107
1647	4.12982e-107
1648	4.12982e-107
1649	4.12982e-107
1650	4.12982e-107
1651	4.12982e-107
1652	4.12982e-107
1653	4.12982e-107
1654	4.12982e-107
1655	4.12982e-107
1656	4.12982e-107
1657	4.12982e-107
1658	4.12982e-107
1659	4.12982e-107
1660	4.12982e-107
1661	4.12982e-107
1662	4.12982e-107
1663	4.12982e-107
1664	4.12982e-107
1665	4.12982e-107
1666	4.12982e-107
1667	4.12982e-107
1668	4.12982e-107
1669	4.12982e-107
1670	4.12982e-107
1671	4.12982e-107
1672	4.12982e-107
1673	4.12982e-107
1674	4.12982e-107
1675	4.12982e-107
1676	4.12982e-107
1677	4.12982e-107
1678	4.12982e-107
1679	4.12982e-107
1680	4.12982e-107
1681	4.12982e-107
1682	4.12982e-107
1683	4.12982e-107
1684	4.12982e-107
1685	4.12982e-107
1686	4.12982e-107
1687	4.12982e-107
1688	4.12982e-107
1689	4.12982e-107
1690	4.12982e-107
1691	4.12982e-107
1692	4.12982e-107
1693	4.12982e-107
1694	4.12982e-107
1695	4.12982e-107
1696	4.12982e-107
1697	4.12982e-107
1698	4.12982e-107
1699	4.12982e-107
1700	4.12982e-107
1701	4.12982e-107
1702	4.12982e-107
1703	4.12982e-107
1704	4.12982e-107
1705	4.12982e-107
1706	4.12982e-107
1707	4.12982e-107
1708	4.12982e-107
1709	4.12982e-107
1710	4.12982e-107
1711	4.12982e-107
1712	4.12982e-107
1713	4.12982e-107
1714	4.12982e-107
1715	4.12982e-107
1716	4.12982e-107
1717	4.12982e-107
1718	4.12982e-107
1719	4.12982e-107
1720	4.12982e-107
1721	4.12982e-107
1722	4.12982e-107
1723	4.12982e-107
1724	4.12982e-107
1725	4.12982e-107
1726	4.12982e-107
1727	4.12982e-107
1728	4.12982e-107
1729	4.12982e-107
1730	4.12982e-107
1731	4.12982e-107
1732	4.12982e-107
1733	4.12982e-107
1734	4.12982e-107
1735	4.12982e-107
1736	4.12982e-107
1737	4.12982e-107
1738	4.12982e-107
1739	4.12982e-107
1740	4.12982e-107
1741	4.12982e-107
1742	4.12982e-107
1743	4.12982e-107
1744	4.12982e-107
1745	4.12982e-107
1746	4.12982e-107
1747	4.12982e-107
1748	4.12982e-107
1749	4.12982e-107
1750	4.12982e-107
1751	4.12982e-107
1752	4.12982e-107
1753	4.12982e-107
1754	4.12982e-107
1755	4.12982e-107
1756	4.12982e-107
1757	4.12982e-107
1758	4.12982e-107
1759	4.12982e-107
1760	4.12982e-107
1761	4.12982e-107
1762	4.12982e-107
1763	4.12982e-107
1764	4.12982e-107
1765	4.12982e-107
1766	4.12982e-107
1767	4.12982e-107
1768	4.12982e-107
1769	4.12982e-107
1770	4.12982e-107
1771	4.12982e-107
1772	4.12982e-107
1773	4.12982e-107
1774	4.12982e-107
1775	4.12982e-107
1776	4.12982e-107
1777	4.12982e-107
1778	4.12982e-107
1779	4.12982e-107
1780	4.12982e-107
1781	4.12982e-107
1782	4.12982e-107
1783	4.12982e-107
1784	4.12982e-107
1785	4.12982e-107
1786	4.12982e-107
1787	4.12982e-107
1788	4.12982e-107
1789	4.12982e-107
1790	4.12982e-107
1791	4.12982e-107
1792	4.12982e-107
1793	4.12982e-107
1794	4.12982e-107
1795	4.12982e-107
1796	4.12982e-107
1797	4.12982e-107
1798	4.12982e-107
1799	4.12982e-107
1800	4.12982e-107
1801	4.12982e-107
1802	4.12982e-107
1803	4.12982e-107
1804	4.12982e-107
1805	4.12982e-107
1806	4.12982e-107
1807	4.12982e-107
1808	4.12982e-107
1809	4.12982e-107
1810	4.12982e-107
1811	4.12982e-107
1812	4.12982e-107
1813	4.12982e-107
1814	4.12982e-107
1815	4.12982e-107
1816	4.12982e-107
1817	4.12982e-107
1818	4.12982e-107
1819	4.12982e-107
1820	4.12982e-107
1821	4.12982e-107
1822	4.12982e-107
1823	4.12982e-107
1824	4.12982e-107
1825	4.12982e-107
1826	4.12982e-107
1827	4.12982e-107
1828	4.12982e-107
1829	4.12982e-107
1830	4.12982e-107
1831	4.12982e-107
1832	4.12982e-107
1833	4.12982e-107
1834	4.12982e-107
1835	4.12982e-107
1836	4.12982e-107
1837	4.12982e-107
1838	4.12982e-107
1839	4.12982e-107
1840	4.12982e-107
1841	4.12982e-107
1842	4.12982e-107
1843	4.12982e-107
1844	4.12982e-107
1845	4.12982e-107
1846	4.12982e-107
1847	4.12982e-107
1848	4.12982e-107
1849	4.12982e-107
1850	4.12982e-107
1851	4.12982e-107
1852	4.12982e-107
1853	4.12982e-107
1854	4.12982e-107
1855	4.12982e-107
1856	4.12982e-107
1857	4.12982e-107
1858	4.12982e-107
1859	4.12982e-107
1860	4.12982e-107
1861	4.12982e-107
1862	4.12982e-107
1863	4.12982e-107
1864	4.12982e-107
1865	4.12982e-107
1866	4.12982e-107
1867	4.12982e-107
1868	4.12982e-107
1869	4.12982e-107
1870	4.12982e-107
1871	4.12982e-107
1872	4.12982e-107
1873	4.12982e-107
1874	4.12982e-107
1875	4.12982e-107
1876	4.12982e-107
1877	4.12982e-107
1878	4.12982e-107
1879	4.12982e-107
1880	4.12982e-107
1881	4.12982e-107
1882	4.12982e-107
1883	4.12982e-107
1884	4.12982e-107
1885	4.12982e-107
1886	4.12982e-107
1887	4.12982e-107
1888	4.12982e-107
1889	4.12982e-107
1890	4.12982e-107
1891	4.12982e-107
1892	4.12982e-107
1893	4.12982e-107
1894	4.12982e-107
1895	4.12982e-107
1896	4.12982e-107
1897	4.12982e-107
1898	4.12982e-107
1899	4.12982e-107
1900	4.12982e-107
1901	4.12982e-107
1902	4.12982e-107
1903	4.12982e-107
1904	4.12982e-107
1905	4.12982e-107
1906	4.12982e-107
1907	4.12982e-107
1908	4.12982e-107
1909	4.12982e-107
1910	4.12982e-107
1911	4.12982e-107
1912	4.12982e-107
1913	4.12982e-107
1914	4.12982e-107
1915	4.12982e-107
1916	4.12982e-107
1917	4.12982e-107
1918	4.12982e-107
1919	4.12982e-107
1920	4.12982e-107
1921	4.12982e-107
1922	4.12982e-107
1923	4.12982e-107
1924	4.12982e-107
1925	4.12982e-107
1926	4.12982e-107
1927	4.12982e-107
1928	4.12982e-107
1929	4.12982e-107
1930	4.12982e-107
1931	4.12982e-107
1932	4.12982e-107
1933	4.12982e-107
1934	4.12982e-107
1935	4.12982e-107
1936	4.12982e-107
1937	4.12982e-107
1938	4.12982e-107
1939	4.12982e-107
1940	4.12982e-107
1941	4.12982e-107
1942	4.12982e-107
1943	4.12982e-107
1944	4.12982e-107
1945	4.12982e-107
1946	4.12982e-107
1947	4.12982e-107
1948	4.12982e-107
1949	4.12982e-107
1950	4.12982e-107
1951	4.12982e-107
1952	4.12982e-107
1953	4.12982e-107
1954	4.12982e-107
1955	4.12982e-107
1956	4.12982e-107
1957	4.12982e-107
1958	4.12982e-107
1959	4.12982e-107
1960	4.12982e-107
1961	4.12982e-107
1962	4.12982e-107
1963	4.12982e-107
1964	4.12982e-107
1965	4.12982e-107
1966	4.12982e-107
1967	4.12982e-107
1968	4.12982e-107
1969	4.12982e-107
1970	4.12982e-107
1971	4.12982e-107
1972	4.12982e-107
1973	4.12982e-107
1974	4.12982e-107
1975	4.12982e-107
1976	4.12982e-107
1977	4.12982e-107
1978	4.12982e-107
1979	4.12982e-107
1980	4.12982e-107
1981	4.12982e-107
1982	4.12982e-107
1983	4.12982e-107
1984	4.12982e-107
1985	4.12982e-107
1986	4.12982e-107
1987	4.12982e-107
1988	4.12982e-107
1989	4.12982e-107
1990	4.12982e-107
1991	4.12982e-107
1992	4.12982e-107
1993	4.12982e-107
1994	4.12982e-107
1995	4.12982e-107
1996	4.12982e-107
1997	4.12982e-107
1998	4.12982e-107
1999	4.12982e-107
2000	4.12982e-107
2001	4.12982e-107
2002	4.12982e-107
2003	4.12982e-107
2004	4.12982e-107
2005	4.12982e-107
2006	4.12982e-107
2007	4.12982e-107
2008	4.12982e-107
2009	4.12982e-107
2010	4.12982e-107
2011	4.12982e-107
2012	4.12982e-107
2013	4.12982e-107
2014	4.12982e-107
2015	4.12982e-107
2016	4.12982e-107
2017	4.12982e-107
2018	4.12982e-107
2019	4.12982e-107
2020	4.12982e-107
2021	4.12982e-107
2022	4.12982e-107
2023	4.12982e-107
2024	4.12982e-107
2025	4.12982e-107
2026	4.12982e-107
2027	4.12982e-107
2028	4.12982e-107
2029	4.12982e-107
2030	4.12982e-107
2031	4.12982e-107
2032	4.12982e-107
2033	4.12982e-107
2034	4.12982e-107
2035	4.12982e-107
2036	4.12982e-107
2037	4.12982e-107
2038	4.12982e-107
2039	4.12982e-107
2040	4.12982e-107
2041	4.12982e-107
2042	4.12982e-107
2043	4.12982e-107
2044	4.12982e-107
2045	4.12982e-107
2046	4.12982e-107
2047	4.12982e-107
2048	4.12982e-107
2049	4.12982e-107
2050	4.12982e-107
2051	4.12982e-107
2052	4.12982e-107
2053	4.12982e-107
2054	4.12982e-107
2055	4.12982e-107
2056	4.12982e-107
2057	4.12982e-107
2058	4.12982e-107
2059	4.12982e-107
2060	4.12982e-107
2061	4.12982e-107
2062	4.12982e-107
2063	4.12982e-107
2064	4.12982e-107
2065	4.12982e-107
2066	4.12982e-107
2067	4.12982e-107
2068	4.12982e-107
2069	4.12982e-107
2070	4.12982e-107
2071	4.12982e-107
2072	4.12982e-107
2073	4.12982e-107
2074	4.12982e-107
2075	4.12982e-107
2076	4.12982e-107
2077	4.12982e-107
2078	4.12982e-107
2079	4.12982e-107
2080	4.12982e-107
2081	4.12982e-107
2082	4.12982e-107
2083	4.12982e-107
2084	4.12982e-107
2085	4.12982e-107
2086	4.12982e-107
2087	4.12982e-107
2088	4.12982e-107
2089	4.12982e-107
2090	4.12982e-107
2091	4.12982e-107
2092	4.12982e-107
2093	4.12982e-107
2094	4.12982e-107
2095	4.12982e-107
2096	4.12982e-107
2097	4.12982e-107
2098	4.12982e-107
2099	4.12982e-107
2100	4.12982e-107
2101	4.12982e-107
2102	4.12982e-107
2103	4.12982e-107
2104	4.12982e-107
2105	4.12982e-107
2106	4.12982e-107
2107	4.12982e-107
2108	4.12982e-107
2109	4.12982e-107
2110	4.12982e-107
2111	4.12982e-107
2112	4.12982e-107
2113	4.12982e-107
2114	4.12982e-107
2115	4.12982e-107
2116	4.12982e-107
2117	4.12982e-107
2118	4.12982e-107
2119	4.12982e-107
2120	4.12982e-107
2121	4.12982e-107
2122	4.12982e-107
2123	4.12982e-107
2124	4.12982e-107
2125	4.12982e-107
2126	4.12982e-107
2127	4.12982e-107
2128	4.12982e-107
2129	4.12982e-107
2130	4.12982e-107
2131	4.12982e-107
2132	4.12982e-107
2133	4.12982e-107
2134	4.12982e-107
2135	4.12982e-107
2136	4.12982e-107
2137	4.12982e-107
2138	4.12982e-107
2139	4.12982e-107
2140	4.12982e-107
2141	4.12982e-107
2142	4.12982e-107
2143	4.12982e-107
2144	4.12982e-107
2145	4.12982e-107
2146	4.12982e-107
2147	4.12982e-107
2148	4.12982e-107
2149	4.12982e-107
2150	4.12982e-107
2151	4.12982e-107
2152	4.12982e-107
2153	4.12982e-107
2154	4.12982e-107
2155	4.12982e-107
2156	4.12982e-107
2157	4.12982e-107
2158	4.12982e-107
2159	4.12982e-107
2160	4.12982e-107
2161	4.12982e-107
2162	4.12982e-107
2163	4.12982e-107
2164	4.12982e-107
2165	4.12982e-107
2166	4.12982e-107
2167	4.12982e-107
2168	4.12982e-107
2169	4.12982e-107
2170	4.12982e-107
2171	4.12982e-107
2172	4.12982e-107
2173	4.12982e-107
2174	4.12982e-107
2175	4.12982e-107
2176	4.12982e-107
2177	4.12982e-107
2178	4.12982e-107
2179	4.12982e-107
2180	4.12982e-107
2181	4.12982e-107
2182	4.12982e-107
2183	4.12982e-107
2184	4.12982e-107
2185	4.12982e-107
2186	4.12982e-107
2187	4.12982e-107
2188	4.12982e-107
2189	4.12982e-107
2190	4.12982e-107
2191	4.12982e-107
2192	4.12982e-107
2193	4.12982e-107
2194	4.12982e-107
2195	4.12982e-107
2196	4.12982e-107
2197	4.12982e-107
2198	4.12982e-107
2199	4.12982e-107
2200	4.12982e-107
2201	4.12982e-107
2202	4.12982e-107
2203	4.12982e-107
2204	4.12982e-107
2205	4.12982e-107
2206	4.12982e-107
2207	4.12982e-107
2208	4.12982e-107
2209	4.12982e-107
2210	4.12982e-107
2211	4.12982e-107
2212	4.12982e-107
2213	4.12982e-107
2214	4.12982e-107
2215	4.12982e-107
2216	4.12982e-107
2217	4.12982e-107
2218	4.12982e-107
2219	4.12982e-107
2220	4.12982e-107
2221	4.12982e-107
2222	4.12982e-107
2223	4.12982e-107
2224	4.12982e-107
2225	4.12982e-107
2226	4.12982e-107
2227	4.12982e-107
2228	4.12982e-107
2229	4.12982e-107
2230	4.12982e-107
2231	4.12982e-107
2232	4.12982e-107
2233	4.12982e-107
2234	4.12982e-107
2235	4.12982e-107
2236	4.12982e-107
2237	4.12982e-107
2238	4.12982e-107
2239	4.12982e-107
2240	4.12982e-107
2241	4.12982e-107
2242	4.12982e-107
2243	4.12982e-107
2244	4.12982e-107
2245	4.12982e-107
2246	4.12982e-107
2247	4.12982e-107
2248	4.12982e-107
2249	4.12982e-107
2250	4.12982e-107
2251	4.12982e-107
2252	4.12982e-107
2253	4.12982e-107
2254	4.12982e-107
2255	4.12982e-107
2256	4.12982e-107
2257	4.12982e-107
2258	4.12982e-107
2259	4.12982e-107
2260	4.12982e-107
2261	4.12982e-107
2262	4.12982e-107
2263	4.12982e-107
2264	4.12982e-107
2265	4.12982e-107
2266	4.12982e-107
2267	4.12982e-107
2268	4.12982e-107
2269	4.12982e-107
2270	4.12982e-107
2271	4.12982e-107
2272	4.12982e-107
2273	4.12982e-107
2274	4.12982e-107
2275	4.12982e-107
2276	4.12982e-107
2277	4.12982e-107
2278	4.12982e-107
2279	4.12982e-107
2280	4.12982e-107
2281	4.12982e-107
2282	4.12982e-107
2283	4.12982e-107
2284	4.12982e-107
2285	4.12982e-107
2286	4.12982e-107
2287	4.12982e-107
2288	4.12982e-107
2289	4.12982e-107
2290	4.12982e-107
2291	4.12982e-107
2292	4.12982e-107
2293	4.12982e-107
2294	4.12982e-107
2295	4.12982e-107
2296	4.12982e-107
2297	4.12982e-107
2298	4.12982e-107
2299	4.12982e-107
2300	4.12982e-107
2301	4.12982e-107
2302	4.12982e-107
2303	4.12982e-107
2304	4.12982e-107
2305	4.12982e-107
2306	4.12982e-107
2307	4.12982e-107
2308	4.12982e-107
2309	4.12982e-107
2310	4.12982e-107
2311	4.12982e-107
2312	4.12982e-107
2313	4.12982e-107
2314	4.12982e-107
2315	4.12982e-107
2316	4.12982e-107
2317	4.12982e-107
2318	4.12982e-107
2319	4.12982e-107
2320	4.12982e-107
2321	4.12982e-107
2322	4.12982e-107
2323	4.12982e-107
2324	4.12982e-107
2325	4.12982e-107
2326	4.12982e-107
2327	4.12982e-107
2328	4.12982e-107
2329	4.12982e-107
2330	4.12982e-107
2331	4.12982e-107
2332	4.12982e-107
2333	4.12982e-107
2334	4.12982e-107
2335	4.12982e-107
2336	4.12982e-107
2337	4.12982e-107
2338	4.12982e-107
2339	4.12982e-107
2340	4.12982e-107
2341	4.12982e-107
2342	4.12982e-107
2343	4.12982e-107
2344	4.12982e-107
2345	4.12982e-107
2346	4.12982e-107
2347	4.12982e-107
2348	4.12982e-107
2349	4.12982e-107
2350	4.12982e-107
2351	4.12982e-107
2352	4.12982e-107
2353	4.12982e-107
2354	4.12982e-107
2355	4.12982e-107
2356	4.12982e-107
2357	4.12982e-107
2358	4.12982e-107
2359	4.12982e-107
2360	4.12982e-107
2361	4.12982e-107
2362	4.12982e-107
2363	4.12982e-107
2364	4.12982e-107
2365	4.12982e-107
2366	4.12982e-107
2367	4.12982e-107
2368	4.12982e-107
2369	4.12982e-107
2370	4.12982e-107
2371	4.12982e-107
2372	4.12982e-107
2373	4.12982e-107
2374	4.12982e-107
2375	4.12982e-107
2376	4.12982e-107
2377	4.12982e-107
2378	4.12982e-107
2379	4.12982e-107
2380	4.12982e-107
2381	4.12982e-107
2382	4.12982e-107
2383	4.12982e-107
2384	4.12982e-107
2385	4.12982e-107
2386	4.12982e-107
2387	4.12982e-107
2388	4.12982e-107
2389	4.12982e-107
2390	4.12982e-107
2391	4.12982e-107
2392	4.12982e-107
2393	4.12982e-107
2394	4.12982e-107
2395	4.12982e-107
2396	4.12982e-107
2397	4.12982e-107
2398	4.12982e-107
2399	4.12982e-107
2400	4.12982e-107
2401	4.12982e-107
2402	4.12982e-107
2403	4.12982e-107
2404	4.12982e-107
2405	4.12982e-107
2406	4.12982e-107
2407	4.12982e-107
2408	4.12982e-107
2409	4.12982e-107
2410	4.12982e-107
2411	4.12982e-107
2412	4.12982e-107
2413	4.12982e-107
2414	4.12982e-107
2415	4.12982e-107
2416	4.12982e-107
2417	4.12982e-107
2418	4.12982e-107
2419	4.12982e-107
2420	4.12982e-107
2421	4.12982e-107
2422	4.12982e-107
2423	4.12982e-107
2424	4.12982e-107
2425	4.12982e-107
2426	4.12982e-107
2427	4.12982e-107
2428	4.12982e-107
2429	4.12982e-107
2430	4.12982e-107
2431	4.12982e-107
2432	4.12982e-107
2433	4.12982e-107
2434	4.12982e-107
2435	4.12982e-107
2436	4.12982e-107
2437	4.12982e-107
2438	4.12982e-107
2439	4.12982e-107
2440	4.12982e-107
2441	4.12982e-107
2442	4.12982e-107
2443	4.12982e-107
2444	4.12982e-107
2445	4.12982e-107
2446	4.12982e-107
2447	4.12982e-107
2448	4.12982e-107
2449	4.12982e-107
2450	4.12982e-107
2451	4.12982e-107
2452	4.12982e-107
2453	4.12982e-107
2454	4.12982e-107
2455	4.12982e-107
2456	4.12982e-107
2457	4.12982e-107
2458	4.12982e-107
2459	4.12982e-107
2460	4.12982e-107
2461	4.12982e-107
2462	4.12982e-107
2463	4.12982e-107
2464	4.12982e-107
2465	4.12982e-107
2466	4.12982e-107
2467	4.12982e-107
2468	4.12982e-107
2469	4.12982e-107
2470	4.12982e-107
2471	4.12982e-107
2472	4.12982e-107
2473	4.12982e-107
2474	4.12982e-107
2475	4.12982e-107
2476	4.12982e-107
2477	4.12982e-107
2478	4.12982e-107
2479	4.12982e-107
2480	4.12982e-107
2481	4.12982e-107
2482	4.12982e-107
2483	4.12982e-107
2484	4.12982e-107
2485	4.12982e-107
2486	4.12982e-107
2487	4.12982e-107
2488	4.12982e-107
2489	4.12982e-107
2490	4.12982e-107
2491	4.12982e-107
2492	4.12982e-107
2493	4.12982e-107
2494	4.12982e-107
2495	4.12982e-107
2496	4.12982e-107
2497	4.12982e-107
2498	4.12982e-107
2499	4.12982e-107
2500	4.12982e-107
