k	pvalue
0	1
1	1
2	1
3	1
4	1
5	1
6	1
7	1
8	1
9	1
10	1
11	1
12	1
13	1
14	1
15	1
16	1
17	1
18	1
19	1
20	1
21	1
22	1
23	1
24	1
25	1
26	1
27	1
28	1
29	1
30	1
31	1
32	1
33	1
34	1
35	1
36	1
37	1
38	1
39	1
40	1
41	1
42	1
43	1
44	1
45	1
46	1
47	1
48	1
49	1
50	1
51	1
52	1
53	1
54	1
55	1
56	1
57	1
58	1
59	1
60	1
61	1
62	1
63	1
64	1
65	1
66	1
67	1
68	1
69	1
70	1
71	1
72	1
73	1
74	1
75	1
76	1
77	1
78	1
79	1
80	1
81	1
82	1
83	1
84	1
85	1
86	1
87	1
88	1
89	1
90	1
91	1
92	1
93	1
94	1
95	1
96	1
97	1
98	1
99	1
100	1
101	1
102	1
103	1
104	1
105	1
106	1
107	1
108	1
109	1
110	1
111	1
112	1
113	1
114	1
115	1
116	1
117	1
118	1
119	1
120	1
121	1
122	1
123	1
124	1
125	1
126	1
127	1
128	1
129	1
130	1
131	1
132	1
133	1
134	1
135	1
136	1
137	1
138	1
139	1
140	1
141	1
142	1
143	1
144	1
145	1
146	1
147	1
148	1
149	1
150	1
151	1
152	1
153	1
154	1
155	1
156	1
157	1
158	1
159	1
160	1
161	1
162	1
163	1
164	1
165	1
166	1
167	1
168	1
169	1
170	1
171	1
172	1
173	1
174	1
175	1
176	1
177	1
178	1
179	1
180	1
181	1
182	1
183	1
184	1
185	1
186	1
187	1
188	1
189	1
190	1
191	1
192	1
193	1
194	1
195	1
196	1
197	1
198	1
199	1
200	1
201	1
202	1
203	1
204	1
205	1
206	1
207	1
208	1
209	1
210	1
211	1
212	1
213	1
214	1
215	1
216	1
217	1
218	1
219	1
220	1
221	1
222	1
223	1
224	1
225	1
226	1
227	1
228	1
229	1
230	1
231	1
232	1
233	1
234	1
235	1
236	1
237	1
238	1
239	1
240	1
241	1
242	1
243	1
244	1
245	1
246	1
247	1
248	1
249	1
250	1
251	1
252	1
253	1
254	1
255	1
256	1
257	1
258	1
259	1
260	1
261	1
262	1
263	1
264	1
265	1
266	1
267	1
268	1
269	1
270	1
271	1
272	1
273	1
274	1
275	1
276	1
277	1
278	1
279	1
280	1
281	1
282	1
283	1
284	1
285	1
286	1
287	1
288	1
289	1
290	1
291	1
292	1
293	1
294	1
295	1
296	1
297	1
298	1
299	1
300	1
301	1
302	1
303	1
304	1
305	1
306	1
307	1
308	1
309	1
310	1
311	1
312	1
313	1
314	1
315	1
316	1
317	1
318	1
319	1
320	1
321	1
322	1
323	1
324	1
325	1
326	1
327	1
328	1
329	1
330	1
331	1
332	1
333	1
334	1
335	1
336	1
337	1
338	1
339	1
340	1
341	1
342	1
343	1
344	1
345	1
346	1
347	1
348	1
349	1
350	1
351	1
352	1
353	1
354	1
355	1
356	1
357	1
358	1
359	1
360	1
361	1
362	1
363	1
364	1
365	1
366	1
367	1
368	1
369	1
370	1
371	1
372	1
373	1
374	1
375	1
376	1
377	1
378	1
379	1
380	1
381	1
382	1
383	1
384	1
385	1
386	1
387	1
388	1
389	1
390	1
391	1
392	1
393	1
394	1
395	1
396	1
397	1
398	1
399	1
400	1
401	1
402	1
403	1
404	1
405	1
406	1
407	1
408	1
409	1
410	1
411	1
412	1
413	1
414	1
415	1
416	1
417	1
418	1
419	1
420	1
421	1
422	1
423	1
424	1
425	1
426	1
427	1
428	1
429	1
430	1
431	1
432	1
433	1
434	1
435	1
436	1
437	1
438	1
439	1
440	1
441	1
442	1
443	1
444	1
445	1
446	1
447	1
448	1
449	1
450	1
451	1
452	1
453	1
454	1
455	1
456	1
457	1
458	1
459	1
460	1
461	1
462	1
463	1
464	1
465	1
466	1
467	1
468	1
469	1
470	1
471	1
472	1
473	1
474	1
475	1
476	1
477	1
478	1
479	1
480	1
481	1
482	1
483	1
484	1
485	1
486	1
487	1
488	1
489	1
490	1
491	1
492	1
493	1
494	1
495	1
496	1
497	1
498	1
499	1
500	1
501	1
502	1
503	1
504	1
505	1
506	1
507	1
508	1
509	1
510	1
511	1
512	1
513	1
514	1
515	1
516	1
517	1
518	1
519	1
520	1
521	1
522	1
523	1
524	1
525	1
526	1
527	1
528	1
529	1
530	1
531	1
532	1
533	1
534	1
535	1
536	1
537	1
538	1
539	1
540	1
541	1
542	1
543	1
544	1
545	1
546	1
547	1
548	1
549	1
550	1
551	1
552	1
553	1
554	1
555	1
556	1
557	1
558	1
559	1
560	1
561	1
562	1
563	1
564	1
565	1
566	1
567	1
568	1
569	1
570	1
571	1
572	1
573	1
574	1
575	1
576	1
577	1
578	1
579	1
580	1
581	1
582	1
583	1
584	1
585	1
586	1
587	1
588	1
589	1
590	1
591	1
592	1
593	1
594	1
595	1
596	1
597	1
598	1
599	1
600	1
601	1
602	1
603	1
604	1
605	1
606	1
607	1
608	1
609	1
610	1
611	1
612	1
613	1
614	1
615	1
616	1
617	1
618	1
619	1
620	1
621	1
622	1
623	1
624	1
625	1
626	1
627	1
628	1
629	1
630	1
631	1
632	1
633	1
634	1
635	1
636	1
637	1
638	1
639	1
640	1
641	1
642	1
643	1
644	1
645	1
646	1
647	1
648	1
649	1
650	1
651	1
652	1
653	1
654	1
655	1
656	1
657	1
658	1
659	1
660	1
661	1
662	1
663	1
664	1
665	1
666	1
667	1
668	1
669	1
670	1
671	1
672	1
673	1
674	1
675	1
676	1
677	1
678	1
679	1
680	1
681	1
682	1
683	1
684	1
685	1
686	1
687	1
688	1
689	1
690	1
691	1
692	1
693	1
694	1
695	1
696	1
697	1
698	1
699	1
700	1
701	1
702	1
703	1
704	1
705	1
706	1
707	1
708	1
709	1
710	1
711	1
712	1
713	1
714	1
715	1
716	1
717	1
718	1
719	1
720	1
721	1
722	1
723	1
724	1
725	1
726	1
727	1
728	1
729	1
730	1
731	1
732	1
733	1
734	1
735	1
736	1
737	1
738	1
739	1
740	1
741	1
742	1
743	1
744	1
745	1
746	1
747	1
748	1
749	1
750	1
751	1
752	1
753	1
754	1
755	1
756	1
757	1
758	1
759	1
760	1
761	1
762	1
763	1
764	1
765	1
766	1
767	1
768	1
769	1
770	1
771	1
772	1
773	1
774	1
775	1
776	1
777	1
778	1
779	1
780	1
781	1
782	1
783	1
784	0.999999
785	0.999999
786	0.999999
787	0.999999
788	0.999999
789	0.999999
790	0.999998
791	0.999998
792	0.999998
793	0.999997
794	0.999996
795	0.999996
796	0.999995
797	0.999994
798	0.999993
799	0.999991
800	0.99999
801	0.999988
802	0.999986
803	0.999983
804	0.99998
805	0.999977
806	0.999973
807	0.999968
808	0.999963
809	0.999956
810	0.999949
811	0.99994
812	0.99993
813	0.999919
814	0.999906
815	0.999891
816	0.999873
817	0.999853
818	0.99983
819	0.999804
820	0.999774
821	0.99974
822	0.999701
823	0.999657
824	0.999606
825	0.999549
826	0.999485
827	0.999412
828	0.999329
829	0.999236
830	0.999131
831	0.999014
832	0.998881
833	0.998733
834	0.998567
835	0.998382
836	0.998175
837	0.997944
838	0.997687
839	0.997402
840	0.997085
841	0.996734
842	0.996345
843	0.995916
844	0.995442
845	0.994919
846	0.994345
847	0.993713
848	0.99302
849	0.992261
850	0.99143
851	0.990522
852	0.989532
853	0.988453
854	0.987279
855	0.986003
856	0.984619
857	0.98312
858	0.981498
859	0.979746
860	0.977856
861	0.975819
862	0.973628
863	0.971275
864	0.96875
865	0.966045
866	0.963151
867	0.96006
868	0.956762
869	0.953249
870	0.949511
871	0.945541
872	0.941329
873	0.936866
874	0.932145
875	0.927158
876	0.921896
877	0.916353
878	0.91052
879	0.904393
880	0.897964
881	0.891228
882	0.88418
883	0.876816
884	0.869133
885	0.861126
886	0.852795
887	0.844139
888	0.835155
889	0.825846
890	0.816213
891	0.806257
892	0.795982
893	0.785392
894	0.774493
895	0.76329
896	0.751791
897	0.740005
898	0.72794
899	0.715606
900	0.703015
901	0.690179
902	0.677111
903	0.663823
904	0.650332
905	0.636652
906	0.6228
907	0.608792
908	0.594645
909	0.580378
910	0.566008
911	0.551555
912	0.537037
913	0.522473
914	0.507884
915	0.493288
916	0.478706
917	0.464156
918	0.449657
919	0.43523
920	0.420893
921	0.406663
922	0.39256
923	0.378601
924	0.364801
925	0.351179
926	0.337749
927	0.324526
928	0.311524
929	0.298757
930	0.286237
931	0.273974
932	0.26198
933	0.250265
934	0.238837
935	0.227703
936	0.21687
937	0.206344
938	0.19613
939	0.186231
940	0.176651
941	0.167391
942	0.158451
943	0.149834
944	0.141537
945	0.133559
946	0.125898
947	0.11855
948	0.111513
949	0.104782
950	0.098352
951	0.0922172
952	0.086372
953	0.0808097
954	0.0755237
955	0.0705067
956	0.0657512
957	0.0612493
958	0.0569931
959	0.0529743
960	0.0491845
961	0.0456154
962	0.0422585
963	0.0391051
964	0.0361467
965	0.0333749
966	0.0307812
967	0.0283572
968	0.0260948
969	0.023986
970	0.0220227
971	0.0201973
972	0.0185023
973	0.0169304
974	0.0154745
975	0.0141277
976	0.0128834
977	0.0117354
978	0.0106775
979	0.00970389
980	0.00880898
981	0.00798745
982	0.00723425
983	0.00654456
984	0.00591384
985	0.00533776
986	0.00481226
987	0.00433351
988	0.0038979
989	0.00350203
990	0.00314274
991	0.00281705
992	0.00252221
993	0.00225561
994	0.00201486
995	0.00179772
996	0.00160213
997	0.00142616
998	0.00126805
999	0.00112616
1000	0.000998989
1001	0.000885149
1002	0.000783372
1003	0.000692491
1004	0.000611443
1005	0.000539253
1006	0.000475034
1007	0.000417975
1008	0.000367342
1009	0.000322467
1010	0.000282745
1011	0.000247627
1012	0.000216619
1013	0.000189272
1014	0.000165186
1015	0.000143996
1016	0.000125379
1017	0.000109041
1018	9.4722e-05
1019	8.21873e-05
1020	7.12282e-05
1021	6.16585e-05
1022	5.33123e-05
1023	4.60421e-05
1024	3.9717e-05
1025	3.42209e-05
1026	2.9451e-05
1027	2.53164e-05
1028	2.17369e-05
1029	1.86417e-05
1030	1.59687e-05
1031	1.3663e-05
1032	1.16766e-05
1033	9.96736e-06
1034	8.49842e-06
1035	7.23752e-06
1036	6.15652e-06
1037	5.23089e-06
1038	4.43925e-06
1039	3.76303e-06
1040	3.1861e-06
1041	2.69449e-06
1042	2.27608e-06
1043	1.92041e-06
1044	1.61843e-06
1045	1.36235e-06
1046	1.14546e-06
1047	9.61978e-07
1048	8.06948e-07
1049	6.76116e-07
1050	5.65838e-07
1051	4.72997e-07
1052	3.94931e-07
1053	3.29366e-07
1054	2.74368e-07
1055	2.28288e-07
1056	1.89727e-07
1057	1.57497e-07
1058	1.3059e-07
1059	1.08155e-07
1060	8.94704e-08
1061	7.3928e-08
1062	6.10148e-08
1063	5.0299e-08
1064	4.14172e-08
1065	3.40644e-08
1066	2.79845e-08
1067	2.29632e-08
1068	1.88211e-08
1069	1.54084e-08
1070	1.25999e-08
1071	1.02914e-08
1072	8.39621e-09
1073	6.84211e-09
1074	5.56924e-09
1075	4.52795e-09
1076	3.67711e-09
1077	2.98271e-09
1078	2.41666e-09
1079	1.95579e-09
1080	1.58098e-09
1081	1.27654e-09
1082	1.02953e-09
1083	8.2937e-10
1084	6.67356e-10
1085	5.36375e-10
1086	4.30607e-10
1087	3.45299e-10
1088	2.76574e-10
1089	2.21274e-10
1090	1.76828e-10
1091	1.41148e-10
1092	1.12539e-10
1093	8.96254e-11
1094	7.12958e-11
1095	5.66501e-11
1096	4.49615e-11
1097	3.56439e-11
1098	2.8225e-11
1099	2.23248e-11
1100	1.76378e-11
1101	1.3919e-11
1102	1.09717e-11
1103	8.6387e-12
1104	6.79402e-12
1105	5.33717e-12
1106	4.18795e-12
1107	3.28245e-12
1108	2.56981e-12
1109	2.0096e-12
1110	1.56974e-12
1111	1.22476e-12
1112	9.54513e-13
1113	7.43055e-13
1114	5.77786e-13
1115	4.48768e-13
1116	3.48165e-13
1117	2.69809e-13
1118	2.08851e-13
1119	1.61482e-13
1120	1.24716e-13
1121	9.62126e-14
1122	7.41394e-14
1123	5.70659e-14
1124	4.38747e-14
1125	3.36948e-14
1126	2.58477e-14
1127	1.98057e-14
1128	1.5159e-14
1129	1.15895e-14
1130	8.85049e-15
1131	6.75123e-15
1132	5.14412e-15
1133	3.91517e-15
1134	2.97648e-15
1135	2.26031e-15
1136	1.71454e-15
1137	1.29909e-15
1138	9.83203e-16
1139	7.43297e-16
1140	5.613e-16
1141	4.23392e-16
1142	3.1901e-16
1143	2.40093e-16
1144	1.80498e-16
1145	1.35543e-16
1146	1.01672e-16
1147	7.61793e-17
1148	5.70152e-17
1149	4.26246e-17
1150	3.18307e-17
1151	2.37437e-17
1152	1.76917e-17
1153	1.31676e-17
1154	9.78948e-18
1155	7.26995e-18
1156	5.39288e-18
1157	3.99603e-18
1158	2.9577e-18
1159	2.18675e-18
1160	1.61496e-18
1161	1.19137e-18
1162	8.77905e-19
1163	6.46203e-19
1164	4.75128e-19
1165	3.48957e-19
1166	2.56008e-19
1167	1.8761e-19
1168	1.37334e-19
1169	1.0042e-19
1170	7.33478e-20
1171	5.35148e-20
1172	3.90016e-20
1173	2.83931e-20
1174	2.06474e-20
1175	1.49982e-20
1176	1.08827e-20
1177	7.88786e-21
1178	5.71088e-21
1179	4.13019e-21
1180	2.98374e-21
1181	2.15316e-21
1182	1.55209e-21
1183	1.11758e-21
1184	8.03836e-22
1185	5.77538e-22
1186	4.14494e-22
1187	2.97154e-22
1188	2.128e-22
1189	1.52225e-22
1190	1.08775e-22
1191	7.76417e-23
1192	5.53591e-23
1193	3.94284e-23
1194	2.80516e-23
1195	1.99357e-23
1196	1.41526e-23
1197	1.00361e-23
1198	7.10925e-24
1199	5.03049e-24
1200	3.5557e-24
1201	2.51055e-24
1202	1.77069e-24
1203	1.24751e-24
1204	8.77962e-25
1205	6.17215e-25
1206	4.33439e-25
1207	3.04053e-25
1208	2.13059e-25
1209	1.49136e-25
1210	1.04279e-25
1211	7.28348e-26
1212	5.08176e-26
1213	3.54178e-26
1214	2.46581e-26
1215	1.71487e-26
1216	1.19133e-26
1217	8.26741e-27
1218	5.7311e-27
1219	3.96861e-27
1220	2.7452e-27
1221	1.89689e-27
1222	1.30931e-27
1223	9.02772e-28
1224	6.21795e-28
1225	4.27811e-28
1226	2.94029e-28
1227	2.01866e-28
1228	1.38443e-28
1229	9.48452e-29
1230	6.49075e-29
1231	4.43721e-29
1232	3.03013e-29
1233	2.06704e-29
1234	1.40855e-29
1235	9.58809e-30
1236	6.51973e-30
1237	4.42857e-30
1238	3.00494e-30
1239	2.03679e-30
1240	1.37909e-30
1241	9.32777e-31
1242	6.30233e-31
1243	4.25367e-31
1244	2.8679e-31
1245	1.93154e-31
1246	1.29952e-31
1247	8.73377e-32
1248	5.86354e-32
1249	3.9324e-32
1250	2.63449e-32
1251	1.76309e-32
1252	1.17867e-32
1253	7.87143e-33
1254	5.25115e-33
1255	3.49943e-33
1256	2.3296e-33
1257	1.54919e-33
1258	1.02914e-33
1259	6.8294e-34
1260	4.52724e-34
1261	2.99798e-34
1262	1.98319e-34
1263	1.31053e-34
1264	8.65105e-35
1265	5.70474e-35
1266	3.75791e-35
1267	2.47287e-35
1268	1.62555e-35
1269	1.06744e-35
1270	7.00212e-36
1271	4.58841e-36
1272	3.00358e-36
1273	1.96409e-36
1274	1.28301e-36
1275	8.37228e-37
1276	5.45762e-37
1277	3.55393e-37
1278	2.31186e-37
1279	1.50231e-37
1280	9.75226e-38
1281	6.32408e-38
1282	4.09673e-38
1283	2.65109e-38
1284	1.7138e-38
1285	1.10673e-38
1286	7.13957e-39
1287	4.60099e-39
1288	2.96195e-39
1289	1.90482e-39
1290	1.22371e-39
1291	7.85333e-40
1292	5.03474e-40
1293	3.22441e-40
1294	2.06288e-40
1295	1.3184e-40
1296	8.41723e-41
1297	5.36838e-41
1298	3.42032e-41
1299	2.17692e-41
1300	1.3841e-41
1301	8.79115e-42
1302	5.57795e-42
1303	3.53553e-42
1304	2.23866e-42
1305	1.41603e-42
1306	8.94765e-43
1307	5.64805e-43
1308	3.56156e-43
1309	2.24355e-43
1310	1.41183e-43
1311	8.87535e-44
1312	5.57366e-44
1313	3.49663e-44
1314	2.19136e-44
1315	1.37192e-44
1316	8.58028e-45
1317	5.36078e-45
1318	3.34587e-45
1319	2.08615e-45
1320	1.29938e-45
1321	8.08506e-46
1322	5.02557e-46
1323	3.12064e-46
1324	1.93579e-46
1325	1.19958e-46
1326	7.42601e-47
1327	4.59239e-47
1328	2.83713e-47
1329	1.75096e-47
1330	1.07952e-47
1331	6.64882e-48
1332	4.09086e-48
1333	2.51445e-48
1334	1.54393e-48
1335	9.47049e-49
1336	5.8033e-49
1337	3.55252e-49
1338	2.17248e-49
1339	1.3272e-49
1340	8.09981e-50
1341	4.93825e-50
1342	3.00767e-50
1343	1.82999e-50
1344	1.11231e-50
1345	6.75404e-51
1346	4.09696e-51
1347	2.48268e-51
1348	1.50294e-51
1349	9.08913e-52
1350	5.49116e-52
1351	3.31412e-52
1352	1.99817e-52
1353	1.20354e-52
1354	7.24185e-53
1355	4.35313e-53
1356	2.61406e-53
1357	1.56816e-53
1358	9.3979e-54
1359	5.62643e-54
1360	3.36511e-54
1361	2.01061e-54
1362	1.20011e-54
1363	7.1561e-55
1364	4.26282e-55
1365	2.53677e-55
1366	1.5081e-55
1367	8.9566e-56
1368	5.31399e-56
1369	3.14966e-56
1370	1.86497e-56
1371	1.10318e-56
1372	6.51905e-57
1373	3.84848e-57
1374	2.26965e-57
1375	1.3372e-57
1376	7.87043e-58
1377	4.62772e-58
1378	2.71834e-58
1379	1.59517e-58
1380	9.35138e-59
1381	5.47662e-59
1382	3.20418e-59
1383	1.87279e-59
1384	1.09352e-59
1385	6.37874e-60
1386	3.71715e-60
1387	2.16399e-60
1388	1.25854e-60
1389	7.3122e-61
1390	4.24422e-61
1391	2.46103e-61
1392	1.42562e-61
1393	8.25016e-62
1394	4.76968e-62
1395	2.75478e-62
1396	1.58947e-62
1397	9.16199e-63
1398	5.27591e-63
1399	3.03511e-63
1400	1.74431e-63
1401	1.00148e-63
1402	5.74425e-64
1403	3.29151e-64
1404	1.8842e-64
1405	1.07754e-64
1406	6.15615e-65
1407	3.51364e-65
1408	2.00345e-65
1409	1.14122e-65
1410	6.49435e-66
1411	3.6921e-66
1412	2.09693e-66
1413	1.18978e-66
1414	6.74412e-67
1415	3.81905e-67
1416	2.16053e-67
1417	1.22106e-67
1418	6.89428e-68
1419	3.88879e-68
1420	2.19136e-68
1421	1.23364e-68
1422	6.93805e-69
1423	3.89817e-69
1424	2.18806e-69
1425	1.22697e-69
1426	6.87357e-70
1427	3.84686e-70
1428	2.15083e-70
1429	1.20139e-70
1430	6.70401e-71
1431	3.73734e-71
1432	2.08146e-71
1433	1.15811e-71
1434	6.43733e-72
1435	3.5747e-72
1436	1.98313e-72
1437	1.09911e-72
1438	6.08564e-73
1439	3.36628e-73
1440	1.86025e-73
1441	1.027e-73
1442	5.66432e-74
1443	3.12107e-74
1444	1.71805e-74
1445	9.4482e-75
1446	5.19087e-75
1447	2.84911e-75
1448	1.56228e-75
1449	8.55829e-76
1450	4.68376e-76
1451	2.56084e-76
1452	1.39878e-76
1453	7.633e-77
1454	4.16124e-77
1455	2.26636e-77
1456	1.23315e-77
1457	6.70324e-78
1458	3.64027e-78
1459	1.97498e-78
1460	1.07047e-78
1461	5.79649e-79
1462	3.13573e-79
1463	1.6947e-79
1464	9.15018e-80
1465	4.93569e-80
1466	2.6598e-80
1467	1.43196e-80
1468	7.70186e-81
1469	4.1385e-81
1470	2.22164e-81
1471	1.19148e-81
1472	6.38384e-82
1473	3.41713e-82
1474	1.82736e-82
1475	9.76268e-83
1476	5.21073e-83
1477	2.77851e-83
1478	1.48016e-83
1479	7.87753e-84
1480	4.18848e-84
1481	2.22488e-84
1482	1.1807e-84
1483	6.25979e-85
1484	3.31562e-85
1485	1.7545e-85
1486	9.27531e-86
1487	4.89878e-86
1488	2.58484e-86
1489	1.36259e-86
1490	7.17599e-87
1491	3.77559e-87
1492	1.98461e-87
1493	1.0422e-87
1494	5.46779e-88
1495	2.8659e-88
1496	1.50071e-88
1497	7.85088e-89
1498	4.10325e-89
1499	2.14252e-89
1500	1.11766e-89
1501	5.8248e-90
1502	3.03277e-90
1503	1.57757e-90
1504	8.19828e-91
1505	4.25644e-91
1506	2.20779e-91
1507	1.14408e-91
1508	5.92307e-92
1509	3.06355e-92
1510	1.58304e-92
1511	8.17235e-93
1512	4.21495e-93
1513	2.17183e-93
1514	1.11802e-93
1515	5.74994e-94
1516	2.95438e-94
1517	1.51656e-94
1518	7.77757e-95
1519	3.9849e-95
1520	2.03977e-95
1521	1.04312e-95
1522	5.32944e-96
1523	2.72031e-96
1524	1.38722e-96
1525	7.06747e-97
1526	3.59728e-97
1527	1.82926e-97
1528	9.29326e-98
1529	4.71686e-98
1530	2.39182e-98
1531	1.21171e-98
1532	6.1328e-99
1533	3.10107e-99
1534	1.5666e-99
1535	7.90671e-100
1536	3.98682e-100
1537	2.0084e-100
1538	1.01081e-100
1539	5.0825e-101
1540	2.55318e-101
1541	1.28138e-101
1542	6.42494e-102
1543	3.2185e-102
1544	1.61076e-102
1545	8.05387e-103
1546	4.0232e-103
1547	2.00785e-103
1548	1.00112e-103
1549	4.98698e-104
1550	2.48189e-104
1551	1.23402e-104
1552	6.12996e-105
1553	3.0422e-105
1554	1.50839e-105
1555	7.47195e-106
1556	3.69786e-106
1557	1.82837e-106
1558	9.03174e-107
1559	4.45734e-107
1560	2.19774e-107
1561	1.08261e-107
1562	5.32802e-108
1563	2.61973e-108
1564	1.28689e-108
1565	6.31576e-109
1566	3.09675e-109
1567	1.51699e-109
1568	7.42435e-110
1569	3.6302e-110
1570	1.77338e-110
1571	8.65502e-111
1572	4.22021e-111
1573	2.05588e-111
1574	1.0006e-111
1575	4.86539e-112
1576	2.36361e-112
1577	1.14718e-112
1578	5.56273e-113
1579	2.69489e-113
1580	1.30435e-113
1581	6.30734e-114
1582	3.04718e-114
1583	1.47078e-114
1584	7.09247e-115
1585	3.41702e-115
1586	1.64474e-115
1587	7.90943e-116
1588	3.80009e-116
1589	1.82408e-116
1590	8.74768e-117
1591	4.19124e-117
1592	2.00628e-117
1593	9.59497e-118
1594	4.58453e-118
1595	2.18851e-118
1596	1.04376e-118
1597	4.97343e-119
1598	2.36762e-119
1599	1.12608e-119
1600	5.35092e-120
1601	2.54032e-120
1602	1.2049e-120
1603	5.70973e-121
1604	2.70322e-121
1605	1.27865e-121
1606	6.04257e-122
1607	2.85296e-122
1608	1.34577e-122
1609	6.34235e-123
1610	2.98629e-123
1611	1.40481e-123
1612	6.60243e-124
1613	3.10023e-124
1614	1.45442e-124
1615	6.81689e-125
1616	3.19218e-125
1617	1.49346e-125
1618	6.98074e-126
1619	3.25998e-126
1620	1.52101e-126
1621	7.0901e-127
1622	3.30201e-127
1623	1.53641e-127
1624	7.14237e-128
1625	3.31728e-128
1626	1.53931e-128
1627	7.13633e-129
1628	3.30544e-129
1629	1.52964e-129
1630	7.07219e-130
1631	3.26681e-130
1632	1.50765e-130
1633	6.95155e-131
1634	3.20235e-131
1635	1.47388e-131
1636	6.77738e-132
1637	3.11363e-132
1638	1.42916e-132
1639	6.55387e-133
1640	3.00278e-133
1641	1.37453e-133
1642	6.28627e-134
1643	2.87236e-134
1644	1.31127e-134
1645	5.98068e-135
1646	2.72532e-135
1647	1.24077e-135
1648	5.64383e-136
1649	2.56486e-136
1650	1.16456e-136
1651	5.28282e-137
1652	2.3943e-137
1653	1.08418e-137
1654	4.9049e-138
1655	2.21701e-138
1656	1.00118e-138
1657	4.5172e-139
1658	2.03626e-139
1659	9.17076e-140
1660	4.12655e-140
1661	1.85514e-140
1662	8.33253e-141
1663	3.73926e-141
1664	1.6765e-141
1665	7.50987e-142
1666	3.36101e-142
1667	1.50286e-142
1668	6.7139e-143
1669	2.99669e-143
1670	1.33635e-143
1671	5.95397e-144
1672	2.65036e-144
1673	1.17873e-144
1674	5.2376e-145
1675	2.32521e-145
1676	1.03134e-145
1677	4.57039e-146
1678	2.02356e-146
1679	8.95136e-147
1680	3.95616e-147
1681	1.74691e-147
1682	7.70686e-148
1683	3.39701e-148
1684	1.49598e-148
1685	6.58218e-149
1686	2.89351e-149
1687	1.27084e-149
1688	5.5766e-150
1689	2.4449e-150
1690	1.07094e-150
1691	4.68683e-151
1692	2.04931e-151
1693	8.95259e-152
1694	3.90753e-152
1695	1.704e-152
1696	7.42419e-153
1697	3.23178e-153
1698	1.40556e-153
1699	6.10756e-154
1700	2.65156e-154
1701	1.15013e-154
1702	4.98434e-155
1703	2.15815e-155
1704	9.33619e-156
1705	4.03526e-156
1706	1.74256e-156
1707	7.51827e-157
1708	3.24088e-157
1709	1.3958e-157
1710	6.00614e-158
1711	2.58216e-158
1712	1.10914e-158
1713	4.75997e-159
1714	2.04097e-159
1715	8.7435e-160
1716	3.74238e-160
1717	1.60039e-160
1718	6.83786e-161
1719	2.91897e-161
1720	1.24496e-161
1721	5.30512e-162
1722	2.25866e-162
1723	9.60779e-163
1724	4.08331e-163
1725	1.73387e-163
1726	7.35592e-164
1727	3.11798e-164
1728	1.32047e-164
1729	5.58724e-165
1730	2.36202e-165
1731	9.97671e-166
1732	4.21025e-166
1733	1.77519e-166
1734	7.47823e-167
1735	3.14753e-167
1736	1.32361e-167
1737	5.56116e-168
1738	2.33447e-168
1739	9.79106e-169
1740	4.10287e-169
1741	1.71777e-169
1742	7.18553e-170
1743	3.00311e-170
1744	1.25401e-170
1745	5.23179e-171
1746	2.18081e-171
1747	9.08243e-172
1748	3.77925e-172
1749	1.57119e-172
1750	6.52633e-173
1751	2.7085e-173
1752	1.12307e-173
1753	4.6527e-174
1754	1.92585e-174
1755	7.96447e-175
1756	3.29088e-175
1757	1.35858e-175
1758	5.60377e-176
1759	2.30937e-176
1760	9.50882e-177
1761	3.91183e-177
1762	1.60787e-177
1763	6.60305e-178
1764	2.7093e-178
1765	1.11068e-178
1766	4.54929e-179
1767	1.86173e-179
1768	7.61221e-180
1769	3.10975e-180
1770	1.26929e-180
1771	5.17625e-181
1772	2.10907e-181
1773	8.58597e-182
1774	3.49227e-182
1775	1.41921e-182
1776	5.76246e-183
1777	2.33771e-183
1778	9.47531e-184
1779	3.83723e-184
1780	1.55262e-184
1781	6.27672e-185
1782	2.53526e-185
1783	1.02314e-185
1784	4.12542e-186
1785	1.66197e-186
1786	6.68962e-187
1787	2.69031e-187
1788	1.081e-187
1789	4.33979e-188
1790	1.74075e-188
1791	6.97632e-189
1792	2.79344e-189
1793	1.11757e-189
1794	4.46717e-190
1795	1.78408e-190
1796	7.11899e-191
1797	2.83822e-191
1798	1.13057e-191
1799	4.49956e-192
1800	1.78924e-192
1801	7.10868e-193
1802	2.82185e-193
1803	1.11918e-193
1804	4.435e-194
1805	1.75594e-194
1806	6.94623e-195
1807	2.74545e-195
1808	1.08418e-195
1809	4.27773e-196
1810	1.68636e-196
1811	6.64219e-197
1812	2.61395e-197
1813	1.0278e-197
1814	4.03777e-198
1815	1.5849e-198
1816	6.21564e-199
1817	2.43554e-199
1818	9.53519e-200
1819	3.72983e-200
1820	1.45772e-200
1821	5.69225e-201
1822	2.22085e-201
1823	8.65725e-202
1824	3.37183e-202
1825	1.31213e-202
1826	5.10171e-203
1827	1.98189e-203
1828	7.69252e-204
1829	2.98321e-204
1830	1.15591e-204
1831	4.475e-205
1832	1.73096e-205
1833	6.68971e-206
1834	2.58318e-206
1835	9.96614e-207
1836	3.84173e-207
1837	1.47963e-207
1838	5.69385e-208
1839	2.1892e-208
1840	8.40994e-209
1841	3.22795e-209
1842	1.23791e-209
1843	4.74325e-210
1844	1.8159e-210
1845	6.94598e-211
1846	2.65463e-211
1847	1.01368e-211
1848	3.86746e-212
1849	1.47428e-212
1850	5.61513e-213
1851	2.13682e-213
1852	8.12464e-214
1853	3.08651e-214
1854	1.17155e-214
1855	4.44305e-215
1856	1.68356e-215
1857	6.37392e-216
1858	2.41108e-216
1859	9.11268e-217
1860	3.44119e-217
1861	1.29837e-217
1862	4.89463e-218
1863	1.84361e-218
1864	6.93818e-219
1865	2.60887e-219
1866	9.80139e-220
1867	3.67919e-220
1868	1.3799e-220
1869	5.17094e-221
1870	1.93607e-221
1871	7.24275e-222
1872	2.70717e-222
1873	1.01101e-222
1874	3.77248e-223
1875	1.40646e-223
1876	5.23911e-224
1877	1.94992e-224
1878	7.25117e-225
1879	2.69419e-225
1880	1.00018e-225
1881	3.70987e-226
1882	1.3749e-226
1883	5.0911e-227
1884	1.88358e-227
1885	6.96282e-228
1886	2.57169e-228
1887	9.49034e-229
1888	3.49926e-229
1889	1.28914e-229
1890	4.74523e-230
1891	1.7452e-230
1892	6.41302e-231
1893	2.35457e-231
1894	8.63758e-232
1895	3.16595e-232
1896	1.15944e-232
1897	4.2425e-233
1898	1.55106e-233
1899	5.66585e-234
1900	2.06792e-234
1901	7.54111e-235
1902	2.74769e-235
1903	1.00031e-235
1904	3.63856e-236
1905	1.32239e-236
1906	4.80197e-237
1907	1.74226e-237
1908	6.31593e-238
1909	2.28768e-238
1910	8.27913e-239
1911	2.99369e-239
1912	1.08159e-239
1913	3.90436e-240
1914	1.40822e-240
1915	5.07485e-241
1916	1.8273e-241
1917	6.57397e-242
1918	2.36309e-242
1919	8.4872e-243
1920	3.04567e-243
1921	1.09203e-243
1922	3.91217e-244
1923	1.40035e-244
1924	5.00826e-245
1925	1.78966e-245
1926	6.38984e-246
1927	2.27951e-246
1928	8.12507e-247
1929	2.89365e-247
1930	1.02967e-247
1931	3.66089e-248
1932	1.30049e-248
1933	4.61596e-249
1934	1.63701e-249
1935	5.80062e-250
1936	2.05368e-250
1937	7.2648e-251
1938	2.56773e-251
1939	9.06798e-252
1940	3.19967e-252
1941	1.12807e-252
1942	3.97374e-253
1943	1.39862e-253
1944	4.9185e-254
1945	1.72823e-254
1946	6.06743e-255
1947	2.12835e-255
1948	7.45963e-256
1949	2.61232e-256
1950	9.14051e-257
1951	3.19558e-257
1952	1.11626e-257
1953	3.89596e-258
1954	1.35863e-258
1955	4.73392e-259
1956	1.64808e-259
1957	5.73284e-260
1958	1.9925e-260
1959	6.91929e-261
1960	2.40083e-261
1961	8.32333e-262
1962	2.88316e-262
1963	9.97875e-263
1964	3.4508e-263
1965	1.19234e-263
1966	4.11638e-264
1967	1.41993e-264
1968	4.89393e-265
1969	1.68532e-265
1970	5.79888e-266
1971	1.99362e-266
1972	6.84822e-267
1973	2.35044e-267
1974	8.06043e-268
1975	2.76187e-268
1976	9.45553e-269
1977	3.23448e-269
1978	1.10551e-269
1979	3.77532e-270
1980	1.2882e-270
1981	4.3919e-271
1982	1.49609e-271
1983	5.09213e-272
1984	1.73172e-272
1985	5.88431e-273
1986	1.99779e-273
1987	6.77708e-274
1988	2.29706e-274
1989	7.77928e-275
1990	2.63236e-275
1991	8.89996e-276
1992	3.00655e-276
1993	1.01482e-276
1994	3.42251e-277
1995	1.15329e-277
1996	3.88305e-278
1997	1.3063e-278
1998	4.3909e-279
1999	1.47469e-279
2000	4.94865e-280
2001	1.65925e-280
2002	5.55872e-281
2003	1.8607e-281
2004	6.22324e-282
2005	2.07967e-282
2006	6.94405e-283
2007	2.3167e-283
2008	7.72262e-284
2009	2.57216e-284
2010	8.55996e-285
2011	2.84632e-285
2012	9.4566e-286
2013	3.13924e-286
2014	1.04125e-286
2015	3.45083e-287
2016	1.1427e-287
2017	3.78076e-288
2018	1.24987e-288
2019	4.1285e-289
2020	1.36257e-289
2021	4.49328e-290
2022	1.4805e-290
2023	4.87408e-291
2024	1.60331e-291
2025	5.26965e-292
2026	1.73056e-292
2027	5.67845e-293
2028	1.86172e-293
2029	6.09872e-294
2030	1.99619e-294
2031	6.52841e-295
2032	2.1333e-295
2033	6.96525e-296
2034	2.27228e-296
2035	7.40675e-297
2036	2.41231e-297
2037	7.85019e-298
2038	2.55251e-298
2039	8.29268e-299
2040	2.69193e-299
2041	8.73116e-300
2042	2.82958e-300
2043	9.16247e-301
2044	2.96445e-301
2045	9.58332e-302
2046	3.09549e-302
2047	9.99042e-303
2048	3.22166e-303
2049	1.03804e-303
2050	3.3419e-304
2051	1.07501e-304
2052	3.4552e-305
2053	1.10962e-305
2054	3.56055e-306
2055	1.14157e-306
2056	3.65703e-307
2057	1.17057e-307
2058	3.74373e-308
2059	1.19634e-308
2060	3.81986e-309
2061	1.21866e-309
2062	3.88471e-310
2063	1.2373e-310
2064	3.93764e-311
2065	1.2521e-311
2066	3.97816e-312
2067	1.2629e-312
2068	4.00586e-313
2069	1.2696e-313
2070	4.02049e-314
2071	1.27214e-314
2072	4.02189e-315
2073	1.27049e-315
2074	4.01007e-316
2075	1.26467e-316
2076	3.98521e-317
2077	1.25481e-317
2078	3.94812e-318
2079	1.24158e-318
2080	3.90495e-319
2081	1.23092e-319
2082	3.91498e-320
2083	1.28259e-320
2084	4.57505e-321
2085	1.99108e-321
2086	1.1907e-321
2087	9.43665e-322
2088	8.74496e-322
2089	8.54734e-322
2090	8.39912e-322
2091	8.2509e-322
2092	8.10268e-322
2093	7.95446e-322
2094	7.80624e-322
2095	7.65802e-322
2096	7.5098e-322
2097	7.36158e-322
2098	7.21336e-322
2099	7.06514e-322
2100	6.91692e-322
2101	6.7687e-322
2102	6.62048e-322
2103	6.47226e-322
2104	6.32404e-322
2105	6.17582e-322
2106	6.0276e-322
2107	5.87938e-322
2108	5.73116e-322
2109	5.58294e-322
2110	5.43472e-322
2111	5.2865e-322
2112	5.13828e-322
2113	4.99006e-322
2114	4.84184e-322
2115	4.69362e-322
2116	4.5454e-322
2117	4.39718e-322
2118	4.24896e-322
2119	4.10074e-322
2120	3.95253e-322
2121	3.80431e-322
2122	3.65609e-322
2123	3.50787e-322
2124	3.35965e-322
2125	3.21143e-322
2126	3.06321e-322
2127	2.91499e-322
2128	2.76677e-322
2129	2.61855e-322
2130	2.47033e-322
2131	2.32211e-322
2132	2.17389e-322
2133	2.02567e-322
2134	1.87745e-322
2135	1.72923e-322
2136	1.58101e-322
2137	1.43279e-322
2138	1.28457e-322
2139	1.13635e-322
2140	9.88131e-323
2141	8.39912e-323
2142	6.91692e-323
2143	5.43472e-323
2144	3.95253e-323
2145	2.47033e-323
2146	9.88131e-324
2147	0
2148	0
2149	0
2150	0
2151	0
2152	0
2153	0
2154	0
2155	0
2156	0
2157	0
2158	0
2159	0
2160	0
2161	0
2162	0
2163	0
2164	0
2165	0
2166	0
2167	0
2168	0
2169	0
2170	0
2171	0
2172	0
2173	0
2174	0
2175	0
2176	0
2177	0
2178	0
2179	0
2180	0
2181	0
2182	0
2183	0
2184	0
2185	0
2186	0
2187	0
2188	0
2189	0
2190	0
2191	0
2192	0
2193	0
2194	0
2195	0
2196	0
2197	0
2198	0
2199	0
2200	0
2201	0
2202	0
2203	0
2204	0
2205	0
2206	0
2207	0
2208	0
2209	0
2210	0
2211	0
2212	0
2213	0
2214	0
2215	0
2216	0
2217	0
2218	0
2219	0
2220	0
2221	0
2222	0
2223	0
2224	0
2225	0
2226	0
2227	0
2228	0
2229	0
2230	0
2231	0
2232	0
2233	0
2234	0
2235	0
2236	0
2237	0
2238	0
2239	0
2240	0
2241	0
2242	0
2243	0
2244	0
2245	0
2246	0
2247	0
2248	0
2249	0
2250	0
2251	0
2252	0
2253	0
2254	0
2255	0
2256	0
2257	0
2258	0
2259	0
2260	0
2261	0
2262	0
2263	0
2264	0
2265	0
2266	0
2267	0
2268	0
2269	0
2270	0
2271	0
2272	0
2273	0
2274	0
2275	0
2276	0
2277	0
2278	0
2279	0
2280	0
2281	0
2282	0
2283	0
2284	0
2285	0
2286	0
2287	0
2288	0
2289	0
2290	0
2291	0
2292	0
2293	0
2294	0
2295	0
2296	0
2297	0
2298	0
2299	0
2300	0
2301	0
2302	0
2303	0
2304	0
2305	0
2306	0
2307	0
2308	0
2309	0
2310	0
2311	0
2312	0
2313	0
2314	0
2315	0
2316	0
2317	0
2318	0
2319	0
2320	0
2321	0
2322	0
2323	0
2324	0
2325	0
2326	0
2327	0
2328	0
2329	0
2330	0
2331	0
2332	0
2333	0
2334	0
2335	0
2336	0
2337	0
2338	0
2339	0
2340	0
2341	0
2342	0
2343	0
2344	0
2345	0
2346	0
2347	0
2348	0
2349	0
2350	0
2351	0
2352	0
2353	0
2354	0
2355	0
2356	0
2357	0
2358	0
2359	0
2360	0
2361	0
2362	0
2363	0
2364	0
2365	0
2366	0
2367	0
2368	0
2369	0
2370	0
2371	0
2372	0
2373	0
2374	0
2375	0
2376	0
2377	0
2378	0
2379	0
2380	0
2381	0
2382	0
2383	0
2384	0
2385	0
2386	0
2387	0
2388	0
2389	0
2390	0
2391	0
2392	0
2393	0
2394	0
2395	0
2396	0
2397	0
2398	0
2399	0
2400	0
2401	0
2402	0
2403	0
2404	0
2405	0
2406	0
2407	0
2408	0
2409	0
2410	0
2411	0
2412	0
2413	0
2414	0
2415	0
2416	0
2417	0
2418	0
2419	0
2420	0
2421	0
2422	0
2423	0
2424	0
2425	0
2426	0
2427	0
2428	0
2429	0
2430	0
2431	0
2432	0
2433	0
2434	0
2435	0
2436	0
2437	0
2438	0
2439	0
2440	0
2441	0
2442	0
2443	0
2444	0
2445	0
2446	0
2447	0
2448	0
2449	0
2450	0
2451	0
2452	0
2453	0
2454	0
2455	0
2456	0
2457	0
2458	0
2459	0
2460	0
2461	0
2462	0
2463	0
2464	0
2465	0
2466	0
2467	0
2468	0
2469	0
2470	0
2471	0
2472	0
2473	0
2474	0
2475	0
2476	0
2477	0
2478	0
2479	0
2480	0
2481	0
2482	0
2483	0
2484	0
2485	0
2486	0
2487	0
2488	0
2489	0
2490	0
2491	0
2492	0
2493	0
2494	0
2495	0
2496	0
2497	0
2498	0
2499	0
2500	0
2501	0
2502	0
2503	0
2504	0
2505	0
2506	0
2507	0
2508	0
2509	0
2510	0
2511	0
2512	0
2513	0
2514	0
2515	0
2516	0
2517	0
2518	0
2519	0
2520	0
2521	0
2522	0
2523	0
2524	0
2525	0
2526	0
2527	0
2528	0
2529	0
2530	0
2531	0
2532	0
2533	0
2534	0
2535	0
2536	0
2537	0
2538	0
2539	0
2540	0
2541	0
2542	0
2543	0
2544	0
2545	0
2546	0
2547	0
2548	0
2549	0
2550	0
2551	0
2552	0
2553	0
2554	0
2555	0
2556	0
2557	0
2558	0
2559	0
2560	0
2561	0
2562	0
2563	0
2564	0
2565	0
2566	0
2567	0
2568	0
2569	0
2570	0
2571	0
2572	0
2573	0
2574	0
2575	0
2576	0
2577	0
2578	0
2579	0
2580	0
2581	0
2582	0
2583	0
2584	0
2585	0
2586	0
2587	0
2588	0
2589	0
2590	0
2591	0
2592	0
2593	0
2594	0
2595	0
2596	0
2597	0
2598	0
2599	0
2600	0
2601	0
2602	0
2603	0
2604	0
2605	0
2606	0
2607	0
2608	0
2609	0
2610	0
2611	0
2612	0
2613	0
2614	0
2615	0
2616	0
2617	0
2618	0
2619	0
2620	0
2621	0
2622	0
2623	0
2624	0
2625	0
2626	0
2627	0
2628	0
2629	0
2630	0
2631	0
2632	0
2633	0
2634	0
2635	0
2636	0
2637	0
2638	0
2639	0
2640	0
2641	0
2642	0
2643	0
2644	0
2645	0
2646	0
2647	0
2648	0
2649	0
2650	0
2651	0
2652	0
2653	0
2654	0
2655	0
2656	0
2657	0
2658	0
2659	0
2660	0
2661	0
2662	0
2663	0
2664	0
2665	0
2666	0
2667	0
2668	0
2669	0
2670	0
2671	0
2672	0
2673	0
2674	0
2675	0
2676	0
2677	0
2678	0
2679	0
2680	0
2681	0
2682	0
2683	0
2684	0
2685	0
2686	0
2687	0
2688	0
2689	0
2690	0
2691	0
2692	0
2693	0
2694	0
2695	0
2696	0
2697	0
2698	0
2699	0
2700	0
2701	0
2702	0
2703	0
2704	0
2705	0
2706	0
2707	0
2708	0
2709	0
2710	0
2711	0
2712	0
2713	0
2714	0
2715	0
2716	0
2717	0
2718	0
2719	0
2720	0
2721	0
2722	0
2723	0
2724	0
2725	0
2726	0
2727	0
2728	0
2729	0
2730	0
2731	0
2732	0
2733	0
2734	0
2735	0
2736	0
2737	0
2738	0
2739	0
2740	0
2741	0
2742	0
2743	0
2744	0
2745	0
2746	0
2747	0
2748	0
2749	0
2750	0
2751	0
2752	0
2753	0
2754	0
2755	0
2756	0
2757	0
2758	0
2759	0
2760	0
2761	0
2762	0
2763	0
2764	0
2765	0
2766	0
2767	0
2768	0
2769	0
2770	0
2771	0
2772	0
2773	0
2774	0
2775	0
2776	0
2777	0
2778	0
2779	0
2780	0
2781	0
2782	0
2783	0
2784	0
2785	0
2786	0
2787	0
2788	0
2789	0
2790	0
2791	0
2792	0
2793	0
2794	0
2795	0
2796	0
2797	0
2798	0
2799	0
2800	0
2801	0
2802	0
2803	0
2804	0
2805	0
2806	0
2807	0
2808	0
2809	0
2810	0
2811	0
2812	0
2813	0
2814	0
2815	0
2816	0
2817	0
2818	0
2819	0
2820	0
2821	0
2822	0
2823	0
2824	0
2825	0
2826	0
2827	0
2828	0
2829	0
2830	0
2831	0
2832	0
2833	0
2834	0
2835	0
2836	0
2837	0
2838	0
2839	0
2840	0
2841	0
2842	0
2843	0
2844	0
2845	0
2846	0
2847	0
2848	0
2849	0
2850	0
2851	0
2852	0
2853	0
2854	0
2855	0
2856	0
2857	0
2858	0
2859	0
2860	0
2861	0
2862	0
2863	0
2864	0
2865	0
2866	0
2867	0
2868	0
2869	0
2870	0
2871	0
2872	0
2873	0
2874	0
2875	0
2876	0
2877	0
2878	0
2879	0
2880	0
2881	0
2882	0
2883	0
2884	0
2885	0
2886	0
2887	0
2888	0
2889	0
2890	0
2891	0
2892	0
2893	0
2894	0
2895	0
2896	0
2897	0
2898	0
2899	0
2900	0
2901	0
2902	0
2903	0
2904	0
2905	0
2906	0
2907	0
2908	0
2909	0
2910	0
2911	0
2912	0
2913	0
2914	0
2915	0
2916	0
2917	0
2918	0
2919	0
2920	0
2921	0
2922	0
2923	0
2924	0
2925	0
2926	0
2927	0
2928	0
2929	0
2930	0
2931	0
2932	0
2933	0
2934	0
2935	0
2936	0
2937	0
2938	0
2939	0
2940	0
2941	0
2942	0
2943	0
2944	0
2945	0
2946	0
2947	0
2948	0
2949	0
2950	0
2951	0
2952	0
2953	0
2954	0
2955	0
2956	0
2957	0
2958	0
2959	0
2960	0
2961	0
2962	0
2963	0
2964	0
2965	0
2966	0
2967	0
2968	0
2969	0
2970	0
2971	0
2972	0
2973	0
2974	0
2975	0
2976	0
2977	0
2978	0
2979	0
2980	0
2981	0
2982	0
2983	0
2984	0
2985	0
2986	0
2987	0
2988	0
2989	0
2990	0
2991	0
2992	0
2993	0
2994	0
2995	0
2996	0
2997	0
2998	0
2999	0
3000	0
3001	0
3002	0
3003	0
3004	0
3005	0
3006	0
3007	0
3008	0
3009	0
3010	0
3011	0
3012	0
3013	0
3014	0
3015	0
3016	0
3017	0
3018	0
3019	0
3020	0
3021	0
3022	0
3023	0
3024	0
3025	0
3026	0
3027	0
3028	0
3029	0
3030	0
3031	0
3032	0
3033	0
3034	0
3035	0
3036	0
3037	0
3038	0
3039	0
3040	0
3041	0
3042	0
3043	0
3044	0
3045	0
3046	0
3047	0
3048	0
3049	0
3050	0
3051	0
3052	0
3053	0
3054	0
3055	0
3056	0
3057	0
3058	0
3059	0
3060	0
3061	0
3062	0
3063	0
3064	0
3065	0
3066	0
3067	0
3068	0
3069	0
3070	0
3071	0
3072	0
3073	0
3074	0
3075	0
3076	0
3077	0
3078	0
3079	0
3080	0
3081	0
3082	0
3083	0
3084	0
3085	0
3086	0
3087	0
3088	0
3089	0
3090	0
3091	0
3092	0
3093	0
3094	0
3095	0
3096	0
3097	0
3098	0
3099	0
3100	0
3101	0
3102	0
3103	0
3104	0
3105	0
3106	0
3107	0
3108	0
3109	0
3110	0
3111	0
3112	0
3113	0
3114	0
3115	0
3116	0
3117	0
3118	0
3119	0
3120	0
3121	0
3122	0
3123	0
3124	0
3125	0
3126	0
3127	0
3128	0
3129	0
3130	0
3131	0
3132	0
3133	0
3134	0
3135	0
3136	0
3137	0
3138	0
3139	0
3140	0
3141	0
3142	0
3143	0
3144	0
3145	0
3146	0
3147	0
3148	0
3149	0
3150	0
3151	0
3152	0
3153	0
3154	0
3155	0
3156	0
3157	0
3158	0
3159	0
3160	0
3161	0
3162	0
3163	0
3164	0
3165	0
3166	0
3167	0
3168	0
3169	0
3170	0
3171	0
3172	0
3173	0
3174	0
3175	0
3176	0
3177	0
3178	0
3179	0
3180	0
3181	0
3182	0
3183	0
3184	0
3185	0
3186	0
3187	0
3188	0
3189	0
3190	0
3191	0
3192	0
3193	0
3194	0
3195	0
3196	0
3197	0
3198	0
3199	0
3200	0
3201	0
3202	0
3203	0
3204	0
3205	0
3206	0
3207	0
3208	0
3209	0
3210	0
3211	0
3212	0
3213	0
3214	0
3215	0
3216	0
3217	0
3218	0
3219	0
3220	0
3221	0
3222	0
3223	0
3224	0
3225	0
3226	0
3227	0
3228	0
3229	0
3230	0
3231	0
3232	0
3233	0
3234	0
3235	0
3236	0
3237	0
3238	0
3239	0
3240	0
3241	0
3242	0
3243	0
3244	0
3245	0
3246	0
3247	0
3248	0
3249	0
3250	0
3251	0
3252	0
3253	0
3254	0
3255	0
3256	0
3257	0
3258	0
3259	0
3260	0
3261	0
3262	0
3263	0
3264	0
3265	0
3266	0
3267	0
3268	0
3269	0
3270	0
3271	0
3272	0
3273	0
3274	0
3275	0
3276	0
3277	0
3278	0
3279	0
3280	0
3281	0
3282	0
3283	0
3284	0
3285	0
3286	0
3287	0
3288	0
3289	0
3290	0
3291	0
3292	0
3293	0
3294	0
3295	0
3296	0
3297	0
3298	0
3299	0
3300	0
3301	0
3302	0
3303	0
3304	0
3305	0
3306	0
3307	0
3308	0
3309	0
3310	0
3311	0
3312	0
3313	0
3314	0
3315	0
3316	0
3317	0
3318	0
3319	0
3320	0
3321	0
3322	0
3323	0
3324	0
3325	0
3326	0
3327	0
3328	0
3329	0
3330	0
3331	0
3332	0
3333	0
3334	0
3335	0
3336	0
3337	0
3338	0
3339	0
3340	0
3341	0
3342	0
3343	0
3344	0
3345	0
3346	0
3347	0
3348	0
3349	0
3350	0
3351	0
3352	0
3353	0
3354	0
3355	0
3356	0
3357	0
3358	0
3359	0
3360	0
3361	0
3362	0
3363	0
3364	0
3365	0
3366	0
3367	0
3368	0
3369	0
3370	0
3371	0
3372	0
3373	0
3374	0
3375	0
3376	0
3377	0
3378	0
3379	0
3380	0
3381	0
3382	0
3383	0
3384	0
3385	0
3386	0
3387	0
3388	0
3389	0
3390	0
3391	0
3392	0
3393	0
3394	0
3395	0
3396	0
3397	0
3398	0
3399	0
3400	0
3401	0
3402	0
3403	0
3404	0
3405	0
3406	0
3407	0
3408	0
3409	0
3410	0
3411	0
3412	0
3413	0
3414	0
3415	0
3416	0
3417	0
3418	0
3419	0
3420	0
3421	0
3422	0
3423	0
3424	0
3425	0
3426	0
3427	0
3428	0
3429	0
3430	0
3431	0
3432	0
3433	0
3434	0
3435	0
3436	0
3437	0
3438	0
3439	0
3440	0
3441	0
3442	0
3443	0
3444	0
3445	0
3446	0
3447	0
3448	0
3449	0
3450	0
3451	0
3452	0
3453	0
3454	0
3455	0
3456	0
3457	0
3458	0
3459	0
3460	0
3461	0
3462	0
3463	0
3464	0
3465	0
3466	0
3467	0
3468	0
3469	0
3470	0
3471	0
3472	0
3473	0
3474	0
3475	0
3476	0
3477	0
3478	0
3479	0
3480	0
3481	0
3482	0
3483	0
3484	0
3485	0
3486	0
3487	0
3488	0
3489	0
3490	0
3491	0
3492	0
3493	0
3494	0
3495	0
3496	0
3497	0
3498	0
3499	0
3500	0
3501	0
3502	0
3503	0
3504	0
3505	0
3506	0
3507	0
3508	0
3509	0
3510	0
3511	0
3512	0
3513	0
3514	0
3515	0
3516	0
3517	0
3518	0
3519	0
3520	0
3521	0
3522	0
3523	0
3524	0
3525	0
3526	0
3527	0
3528	0
3529	0
3530	0
3531	0
3532	0
3533	0
3534	0
3535	0
3536	0
3537	0
3538	0
3539	0
3540	0
3541	0
3542	0
3543	0
3544	0
3545	0
3546	0
3547	0
3548	0
3549	0
3550	0
3551	0
3552	0
3553	0
3554	0
3555	0
3556	0
3557	0
3558	0
3559	0
3560	0
3561	0
3562	0
3563	0
3564	0
3565	0
3566	0
3567	0
3568	0
3569	0
3570	0
3571	0
3572	0
3573	0
3574	0
3575	0
3576	0
3577	0
3578	0
3579	0
3580	0
3581	0
3582	0
3583	0
3584	0
3585	0
3586	0
3587	0
3588	0
3589	0
3590	0
3591	0
3592	0
3593	0
3594	0
3595	0
3596	0
3597	0
3598	0
3599	0
3600	0
3601	0
3602	0
3603	0
3604	0
3605	0
3606	0
3607	0
3608	0
3609	0
3610	0
3611	0
3612	0
3613	0
3614	0
3615	0
3616	0
3617	0
3618	0
3619	0
3620	0
3621	0
3622	0
3623	0
3624	0
3625	0
3626	0
3627	0
3628	0
3629	0
3630	0
3631	0
3632	0
3633	0
3634	0
3635	0
3636	0
3637	0
3638	0
3639	0
3640	0
3641	0
3642	0
3643	0
3644	0
3645	0
3646	0
3647	0
3648	0
3649	0
3650	0
3651	0
3652	0
3653	0
3654	0
3655	0
3656	0
3657	0
3658	0
3659	0
3660	0
3661	0
3662	0
3663	0
3664	0
3665	0
3666	0
3667	0
3668	0
3669	0
3670	0
3671	0
3672	0
3673	0
3674	0
3675	0
3676	0
3677	0
3678	0
3679	0
3680	0
3681	0
3682	0
3683	0
3684	0
3685	0
3686	0
3687	0
3688	0
3689	0
3690	0
3691	0
3692	0
3693	0
3694	0
3695	0
3696	0
3697	0
3698	0
3699	0
3700	0
3701	0
3702	0
3703	0
3704	0
3705	0
3706	0
3707	0
3708	0
3709	0
3710	0
3711	0
3712	0
3713	0
3714	0
3715	0
3716	0
3717	0
3718	0
3719	0
3720	0
3721	0
3722	0
3723	0
3724	0
3725	0
3726	0
3727	0
3728	0
3729	0
3730	0
3731	0
3732	0
3733	0
3734	0
3735	0
3736	0
3737	0
3738	0
3739	0
3740	0
3741	0
3742	0
3743	0
3744	0
3745	0
3746	0
3747	0
3748	0
3749	0
3750	0
3751	0
3752	0
3753	0
3754	0
3755	0
3756	0
3757	0
3758	0
3759	0
3760	0
3761	0
3762	0
3763	0
3764	0
3765	0
3766	0
3767	0
3768	0
3769	0
3770	0
3771	0
3772	0
3773	0
3774	0
3775	0
3776	0
3777	0
3778	0
3779	0
3780	0
3781	0
3782	0
3783	0
3784	0
3785	0
3786	0
3787	0
3788	0
3789	0
3790	0
3791	0
3792	0
3793	0
3794	0
3795	0
3796	0
3797	0
3798	0
3799	0
3800	0
3801	0
3802	0
3803	0
3804	0
3805	0
3806	0
3807	0
3808	0
3809	0
3810	0
3811	0
3812	0
3813	0
3814	0
3815	0
3816	0
3817	0
3818	0
3819	0
3820	0
3821	0
3822	0
3823	0
3824	0
3825	0
3826	0
3827	0
3828	0
3829	0
3830	0
3831	0
3832	0
3833	0
3834	0
3835	0
3836	0
3837	0
3838	0
3839	0
3840	0
3841	0
3842	0
3843	0
3844	0
3845	0
3846	0
3847	0
3848	0
3849	0
3850	0
3851	0
3852	0
3853	0
3854	0
3855	0
3856	0
3857	0
3858	0
3859	0
3860	0
3861	0
3862	0
3863	0
3864	0
3865	0
3866	0
3867	0
3868	0
3869	0
3870	0
3871	0
3872	0
3873	0
3874	0
3875	0
3876	0
3877	0
3878	0
3879	0
3880	0
3881	0
3882	0
3883	0
3884	0
3885	0
3886	0
3887	0
3888	0
3889	0
3890	0
3891	0
3892	0
3893	0
3894	0
3895	0
3896	0
3897	0
3898	0
3899	0
3900	0
3901	0
3902	0
3903	0
3904	0
3905	0
3906	0
3907	0
3908	0
3909	0
3910	0
3911	0
3912	0
3913	0
3914	0
3915	0
3916	0
3917	0
3918	0
3919	0
3920	0
3921	0
3922	0
3923	0
3924	0
3925	0
3926	0
3927	0
3928	0
3929	0
3930	0
3931	0
3932	0
3933	0
3934	0
3935	0
3936	0
3937	0
3938	0
3939	0
3940	0
3941	0
3942	0
3943	0
3944	0
3945	0
3946	0
3947	0
3948	0
3949	0
3950	0
3951	0
3952	0
3953	0
3954	0
3955	0
3956	0
3957	0
3958	0
3959	0
3960	0
3961	0
3962	0
3963	0
3964	0
3965	0
3966	0
3967	0
3968	0
3969	0
3970	0
3971	0
3972	0
3973	0
3974	0
3975	0
3976	0
3977	0
3978	0
3979	0
3980	0
3981	0
3982	0
3983	0
3984	0
3985	0
3986	0
3987	0
3988	0
3989	0
3990	0
3991	0
3992	0
3993	0
3994	0
3995	0
3996	0
3997	0
3998	0
3999	0
4000	0
4001	0
4002	0
4003	0
4004	0
4005	0
4006	0
4007	0
4008	0
4009	0
4010	0
4011	0
4012	0
4013	0
4014	0
4015	0
4016	0
4017	0
4018	0
4019	0
4020	0
4021	0
4022	0
4023	0
4024	0
4025	0
4026	0
4027	0
4028	0
4029	0
4030	0
4031	0
4032	0
4033	0
4034	0
4035	0
4036	0
4037	0
4038	0
4039	0
4040	0
4041	0
4042	0
4043	0
4044	0
4045	0
4046	0
4047	0
4048	0
4049	0
4050	0
4051	0
4052	0
4053	0
4054	0
4055	0
4056	0
4057	0
4058	0
4059	0
4060	0
4061	0
4062	0
4063	0
4064	0
4065	0
4066	0
4067	0
4068	0
4069	0
4070	0
4071	0
4072	0
4073	0
4074	0
4075	0
4076	0
4077	0
4078	0
4079	0
4080	0
4081	0
4082	0
4083	0
4084	0
4085	0
4086	0
4087	0
4088	0
4089	0
4090	0
4091	0
4092	0
4093	0
4094	0
4095	0
4096	0
4097	0
4098	0
4099	0
4100	0
4101	0
4102	0
4103	0
4104	0
4105	0
4106	0
4107	0
4108	0
4109	0
4110	0
4111	0
4112	0
4113	0
4114	0
4115	0
4116	0
4117	0
4118	0
4119	0
4120	0
4121	0
4122	0
4123	0
4124	0
4125	0
4126	0
4127	0
4128	0
4129	0
4130	0
4131	0
4132	0
4133	0
4134	0
4135	0
4136	0
4137	0
4138	0
4139	0
4140	0
4141	0
4142	0
4143	0
4144	0
4145	0
4146	0
4147	0
4148	0
4149	0
4150	0
4151	0
4152	0
4153	0
4154	0
4155	0
4156	0
4157	0
4158	0
4159	0
4160	0
4161	0
4162	0
4163	0
4164	0
4165	0
4166	0
4167	0
4168	0
4169	0
4170	0
4171	0
4172	0
4173	0
4174	0
4175	0
4176	0
4177	0
4178	0
4179	0
4180	0
4181	0
4182	0
4183	0
4184	0
4185	0
4186	0
4187	0
4188	0
4189	0
4190	0
4191	0
4192	0
4193	0
4194	0
4195	0
4196	0
4197	0
4198	0
4199	0
4200	0
4201	0
4202	0
4203	0
4204	0
4205	0
4206	0
4207	0
4208	0
4209	0
4210	0
4211	0
4212	0
4213	0
4214	0
4215	0
4216	0
4217	0
4218	0
4219	0
4220	0
4221	0
4222	0
4223	0
4224	0
4225	0
4226	0
4227	0
4228	0
4229	0
4230	0
4231	0
4232	0
4233	0
4234	0
4235	0
4236	0
4237	0
4238	0
4239	0
4240	0
4241	0
4242	0
4243	0
4244	0
4245	0
4246	0
4247	0
4248	0
4249	0
4250	0
4251	0
4252	0
4253	0
4254	0
4255	0
4256	0
4257	0
4258	0
4259	0
4260	0
4261	0
4262	0
4263	0
4264	0
4265	0
4266	0
4267	0
4268	0
4269	0
4270	0
4271	0
4272	0
4273	0
4274	0
4275	0
4276	0
4277	0
4278	0
4279	0
4280	0
4281	0
4282	0
4283	0
4284	0
4285	0
4286	0
4287	0
4288	0
4289	0
4290	0
4291	0
4292	0
4293	0
4294	0
4295	0
4296	0
4297	0
4298	0
4299	0
4300	0
4301	0
4302	0
4303	0
4304	0
4305	0
4306	0
4307	0
4308	0
4309	0
4310	0
4311	0
4312	0
4313	0
4314	0
4315	0
4316	0
4317	0
4318	0
4319	0
4320	0
4321	0
4322	0
4323	0
4324	0
4325	0
4326	0
4327	0
4328	0
4329	0
4330	0
4331	0
4332	0
4333	0
4334	0
4335	0
4336	0
4337	0
4338	0
4339	0
4340	0
4341	0
4342	0
4343	0
4344	0
4345	0
4346	0
4347	0
4348	0
4349	0
4350	0
4351	0
4352	0
4353	0
4354	0
4355	0
4356	0
4357	0
4358	0
4359	0
4360	0
4361	0
4362	0
4363	0
4364	0
4365	0
4366	0
4367	0
4368	0
4369	0
4370	0
4371	0
4372	0
4373	0
4374	0
4375	0
4376	0
4377	0
4378	0
4379	0
4380	0
4381	0
4382	0
4383	0
4384	0
4385	0
4386	0
4387	0
4388	0
4389	0
4390	0
4391	0
4392	0
4393	0
4394	0
4395	0
4396	0
4397	0
4398	0
4399	0
4400	0
4401	0
4402	0
4403	0
4404	0
4405	0
4406	0
4407	0
4408	0
4409	0
4410	0
4411	0
4412	0
4413	0
4414	0
4415	0
4416	0
4417	0
4418	0
4419	0
4420	0
4421	0
4422	0
4423	0
4424	0
4425	0
4426	0
4427	0
4428	0
4429	0
4430	0
4431	0
4432	0
4433	0
4434	0
4435	0
4436	0
4437	0
4438	0
4439	0
4440	0
4441	0
4442	0
4443	0
4444	0
4445	0
4446	0
4447	0
4448	0
4449	0
4450	0
4451	0
4452	0
4453	0
4454	0
4455	0
4456	0
4457	0
4458	0
4459	0
4460	0
4461	0
4462	0
4463	0
4464	0
4465	0
4466	0
4467	0
4468	0
4469	0
4470	0
4471	0
4472	0
4473	0
4474	0
4475	0
4476	0
4477	0
4478	0
4479	0
4480	0
4481	0
4482	0
4483	0
4484	0
4485	0
4486	0
4487	0
4488	0
4489	0
4490	0
4491	0
4492	0
4493	0
4494	0
4495	0
4496	0
4497	0
4498	0
4499	0
4500	0
4501	0
4502	0
4503	0
4504	0
4505	0
4506	0
4507	0
4508	0
4509	0
4510	0
4511	0
4512	0
4513	0
4514	0
4515	0
4516	0
4517	0
4518	0
4519	0
4520	0
4521	0
4522	0
4523	0
4524	0
4525	0
4526	0
4527	0
4528	0
4529	0
4530	0
4531	0
4532	0
4533	0
4534	0
4535	0
4536	0
4537	0
4538	0
4539	0
4540	0
4541	0
4542	0
4543	0
4544	0
4545	0
4546	0
4547	0
4548	0
4549	0
4550	0
4551	0
4552	0
4553	0
4554	0
4555	0
4556	0
4557	0
4558	0
4559	0
4560	0
4561	0
4562	0
4563	0
4564	0
4565	0
4566	0
4567	0
4568	0
4569	0
4570	0
4571	0
4572	0
4573	0
4574	0
4575	0
4576	0
4577	0
4578	0
4579	0
4580	0
4581	0
4582	0
4583	0
4584	0
4585	0
4586	0
4587	0
4588	0
4589	0
4590	0
4591	0
4592	0
4593	0
4594	0
4595	0
4596	0
4597	0
4598	0
4599	0
4600	0
4601	0
4602	0
4603	0
4604	0
4605	0
4606	0
4607	0
4608	0
4609	0
4610	0
4611	0
4612	0
4613	0
4614	0
4615	0
4616	0
4617	0
4618	0
4619	0
4620	0
4621	0
4622	0
4623	0
4624	0
4625	0
4626	0
4627	0
4628	0
4629	0
4630	0
4631	0
4632	0
4633	0
4634	0
4635	0
4636	0
4637	0
4638	0
4639	0
4640	0
4641	0
4642	0
4643	0
4644	0
4645	0
4646	0
4647	0
4648	0
4649	0
4650	0
4651	0
4652	0
4653	0
4654	0
4655	0
4656	0
4657	0
4658	0
4659	0
4660	0
4661	0
4662	0
4663	0
4664	0
4665	0
4666	0
4667	0
4668	0
4669	0
4670	0
4671	0
4672	0
4673	0
4674	0
4675	0
4676	0
4677	0
4678	0
4679	0
4680	0
4681	0
4682	0
4683	0
4684	0
4685	0
4686	0
4687	0
4688	0
4689	0
4690	0
4691	0
4692	0
4693	0
4694	0
4695	0
4696	0
4697	0
4698	0
4699	0
4700	0
4701	0
4702	0
4703	0
4704	0
4705	0
4706	0
4707	0
4708	0
4709	0
4710	0
4711	0
4712	0
4713	0
4714	0
4715	0
4716	0
4717	0
4718	0
4719	0
4720	0
4721	0
4722	0
4723	0
4724	0
4725	0
4726	0
4727	0
4728	0
4729	0
4730	0
4731	0
4732	0
4733	0
4734	0
4735	0
4736	0
4737	0
4738	0
4739	0
4740	0
4741	0
4742	0
4743	0
4744	0
4745	0
4746	0
4747	0
4748	0
4749	0
4750	0
4751	0
4752	0
4753	0
4754	0
4755	0
4756	0
4757	0
4758	0
4759	0
4760	0
4761	0
4762	0
4763	0
4764	0
4765	0
4766	0
4767	0
4768	0
4769	0
4770	0
4771	0
4772	0
4773	0
4774	0
4775	0
4776	0
4777	0
4778	0
4779	0
4780	0
4781	0
4782	0
4783	0
4784	0
4785	0
4786	0
4787	0
4788	0
4789	0
4790	0
4791	0
4792	0
4793	0
4794	0
4795	0
4796	0
4797	0
4798	0
4799	0
4800	0
4801	0
4802	0
4803	0
4804	0
4805	0
4806	0
4807	0
4808	0
4809	0
4810	0
4811	0
4812	0
4813	0
4814	0
4815	0
4816	0
4817	0
4818	0
4819	0
4820	0
4821	0
4822	0
4823	0
4824	0
4825	0
4826	0
4827	0
4828	0
4829	0
4830	0
4831	0
4832	0
4833	0
4834	0
4835	0
4836	0
4837	0
4838	0
4839	0
4840	0
4841	0
4842	0
4843	0
4844	0
4845	0
4846	0
4847	0
4848	0
4849	0
4850	0
4851	0
4852	0
4853	0
4854	0
4855	0
4856	0
4857	0
4858	0
4859	0
4860	0
4861	0
4862	0
4863	0
4864	0
4865	0
4866	0
4867	0
4868	0
4869	0
4870	0
4871	0
4872	0
4873	0
4874	0
4875	0
4876	0
4877	0
4878	0
4879	0
4880	0
4881	0
4882	0
4883	0
4884	0
4885	0
4886	0
4887	0
4888	0
4889	0
4890	0
4891	0
4892	0
4893	0
4894	0
4895	0
4896	0
4897	0
4898	0
4899	0
4900	0
4901	0
4902	0
4903	0
4904	0
4905	0
4906	0
4907	0
4908	0
4909	0
4910	0
4911	0
4912	0
4913	0
4914	0
4915	0
4916	0
4917	0
4918	0
4919	0
4920	0
4921	0
4922	0
4923	0
4924	0
4925	0
4926	0
4927	0
4928	0
4929	0
4930	0
4931	0
4932	0
4933	0
4934	0
4935	0
4936	0
4937	0
4938	0
4939	0
4940	0
4941	0
4942	0
4943	0
4944	0
4945	0
4946	0
4947	0
4948	0
4949	0
4950	0
4951	0
4952	0
4953	0
4954	0
4955	0
4956	0
4957	0
4958	0
4959	0
4960	0
4961	0
4962	0
4963	0
4964	0
4965	0
4966	0
4967	0
4968	0
4969	0
4970	0
4971	0
4972	0
4973	0
4974	0
4975	0
4976	0
4977	0
4978	0
4979	0
4980	0
4981	0
4982	0
4983	0
4984	0
4985	0
4986	0
4987	0
4988	0
4989	0
4990	0
4991	0
4992	0
4993	0
4994	0
4995	0
4996	0
4997	0
4998	0
4999	0
5000	0
