k	pvalue
0	1
1	1
2	1
3	1
4	1
5	1
6	1
7	1
8	1
9	1
10	1
11	1
12	1
13	1
14	1
15	1
16	1
17	1
18	1
19	1
20	1
21	1
22	1
23	1
24	1
25	1
26	1
27	1
28	1
29	1
30	1
31	1
32	1
33	1
34	1
35	1
36	1
37	1
38	1
39	1
40	1
41	1
42	1
43	1
44	1
45	1
46	1
47	1
48	1
49	1
50	1
51	1
52	1
53	1
54	1
55	1
56	1
57	1
58	1
59	1
60	1
61	1
62	1
63	1
64	1
65	1
66	1
67	1
68	1
69	1
70	1
71	1
72	1
73	1
74	1
75	1
76	1
77	1
78	1
79	1
80	1
81	1
82	1
83	1
84	1
85	1
86	1
87	1
88	1
89	1
90	1
91	1
92	1
93	1
94	1
95	1
96	1
97	1
98	1
99	1
100	1
101	1
102	1
103	1
104	1
105	1
106	1
107	1
108	1
109	1
110	1
111	1
112	1
113	1
114	1
115	1
116	1
117	1
118	1
119	1
120	1
121	1
122	1
123	1
124	1
125	1
126	1
127	1
128	1
129	1
130	1
131	1
132	1
133	1
134	1
135	1
136	1
137	1
138	1
139	1
140	1
141	1
142	1
143	1
144	1
145	1
146	1
147	1
148	1
149	1
150	1
151	1
152	1
153	1
154	1
155	1
156	1
157	1
158	1
159	1
160	1
161	1
162	1
163	1
164	1
165	1
166	1
167	1
168	1
169	1
170	1
171	1
172	1
173	1
174	1
175	1
176	1
177	1
178	1
179	1
180	1
181	1
182	1
183	1
184	1
185	1
186	1
187	1
188	1
189	1
190	1
191	1
192	1
193	1
194	1
195	1
196	1
197	1
198	1
199	1
200	1
201	1
202	1
203	1
204	1
205	1
206	1
207	1
208	1
209	1
210	1
211	1
212	1
213	1
214	1
215	1
216	1
217	1
218	1
219	1
220	1
221	1
222	1
223	1
224	1
225	1
226	1
227	1
228	1
229	1
230	1
231	1
232	1
233	1
234	1
235	1
236	1
237	1
238	1
239	1
240	1
241	1
242	1
243	1
244	1
245	1
246	1
247	1
248	1
249	1
250	1
251	1
252	1
253	1
254	1
255	1
256	1
257	1
258	1
259	1
260	1
261	1
262	1
263	1
264	1
265	1
266	1
267	1
268	1
269	1
270	1
271	1
272	1
273	1
274	1
275	1
276	1
277	1
278	1
279	1
280	1
281	1
282	1
283	1
284	1
285	1
286	1
287	1
288	1
289	1
290	1
291	1
292	1
293	1
294	1
295	1
296	1
297	1
298	1
299	1
300	1
301	1
302	1
303	1
304	1
305	1
306	1
307	1
308	1
309	1
310	1
311	1
312	1
313	1
314	1
315	1
316	1
317	1
318	1
319	1
320	1
321	1
322	1
323	1
324	1
325	1
326	1
327	1
328	1
329	1
330	1
331	1
332	1
333	1
334	1
335	1
336	1
337	1
338	1
339	1
340	1
341	1
342	1
343	1
344	1
345	1
346	1
347	1
348	1
349	1
350	1
351	1
352	1
353	1
354	1
355	1
356	1
357	1
358	1
359	1
360	1
361	1
362	1
363	1
364	1
365	1
366	1
367	1
368	1
369	1
370	1
371	1
372	1
373	1
374	1
375	1
376	1
377	1
378	1
379	1
380	1
381	1
382	1
383	1
384	1
385	1
386	1
387	1
388	1
389	1
390	1
391	1
392	1
393	1
394	1
395	1
396	1
397	1
398	1
399	1
400	1
401	1
402	1
403	1
404	1
405	1
406	1
407	1
408	1
409	1
410	1
411	1
412	1
413	1
414	1
415	1
416	1
417	1
418	1
419	1
420	1
421	1
422	1
423	1
424	1
425	1
426	1
427	1
428	1
429	1
430	1
431	1
432	1
433	1
434	1
435	1
436	1
437	1
438	1
439	1
440	1
441	1
442	1
443	1
444	1
445	1
446	1
447	1
448	1
449	1
450	1
451	1
452	1
453	1
454	1
455	1
456	1
457	1
458	1
459	1
460	1
461	1
462	1
463	1
464	1
465	1
466	1
467	1
468	1
469	1
470	1
471	1
472	1
473	1
474	1
475	1
476	1
477	1
478	1
479	1
480	1
481	1
482	1
483	1
484	1
485	1
486	1
487	1
488	1
489	1
490	1
491	1
492	1
493	1
494	1
495	1
496	1
497	1
498	1
499	1
500	1
501	1
502	1
503	1
504	1
505	1
506	1
507	1
508	1
509	1
510	1
511	1
512	1
513	1
514	1
515	1
516	1
517	1
518	1
519	1
520	1
521	1
522	1
523	1
524	1
525	1
526	1
527	1
528	1
529	1
530	1
531	1
532	1
533	1
534	1
535	1
536	1
537	1
538	1
539	1
540	1
541	1
542	1
543	1
544	1
545	1
546	1
547	1
548	1
549	1
550	1
551	1
552	1
553	1
554	1
555	1
556	1
557	1
558	1
559	1
560	1
561	1
562	1
563	1
564	1
565	1
566	1
567	1
568	1
569	1
570	1
571	1
572	1
573	1
574	1
575	1
576	1
577	1
578	1
579	1
580	1
581	1
582	1
583	1
584	1
585	1
586	1
587	1
588	1
589	1
590	1
591	1
592	1
593	1
594	1
595	1
596	1
597	1
598	1
599	1
600	1
601	1
602	1
603	1
604	1
605	1
606	1
607	1
608	1
609	1
610	1
611	1
612	1
613	1
614	1
615	1
616	1
617	1
618	1
619	1
620	1
621	1
622	1
623	1
624	1
625	1
626	1
627	1
628	1
629	1
630	1
631	1
632	1
633	1
634	1
635	1
636	1
637	1
638	1
639	1
640	1
641	1
642	1
643	1
644	1
645	1
646	1
647	1
648	1
649	1
650	1
651	1
652	1
653	1
654	1
655	1
656	1
657	1
658	1
659	1
660	1
661	1
662	1
663	1
664	1
665	1
666	1
667	1
668	1
669	1
670	1
671	1
672	1
673	1
674	1
675	1
676	1
677	1
678	1
679	1
680	1
681	1
682	1
683	1
684	1
685	1
686	1
687	1
688	1
689	1
690	1
691	1
692	1
693	1
694	1
695	1
696	1
697	1
698	1
699	1
700	1
701	1
702	1
703	1
704	1
705	1
706	1
707	1
708	1
709	1
710	1
711	1
712	1
713	1
714	1
715	1
716	1
717	1
718	1
719	1
720	1
721	1
722	1
723	1
724	1
725	1
726	1
727	1
728	1
729	1
730	1
731	1
732	1
733	1
734	1
735	1
736	1
737	1
738	1
739	1
740	1
741	1
742	1
743	1
744	1
745	1
746	1
747	1
748	1
749	1
750	1
751	1
752	1
753	1
754	1
755	1
756	1
757	1
758	1
759	1
760	1
761	1
762	1
763	1
764	1
765	1
766	1
767	1
768	1
769	1
770	1
771	1
772	1
773	1
774	1
775	1
776	1
777	1
778	1
779	1
780	1
781	1
782	1
783	1
784	1
785	1
786	0.999999
787	0.999999
788	0.999999
789	0.999999
790	0.999999
791	0.999998
792	0.999998
793	0.999998
794	0.999997
795	0.999997
796	0.999996
797	0.999996
798	0.999995
799	0.999994
800	0.999993
801	0.999991
802	0.999989
803	0.999988
804	0.999985
805	0.999983
806	0.99998
807	0.999976
808	0.999972
809	0.999967
810	0.999961
811	0.999955
812	0.999947
813	0.999938
814	0.999928
815	0.999916
816	0.999902
817	0.999887
818	0.999869
819	0.999848
820	0.999824
821	0.999797
822	0.999766
823	0.999731
824	0.999691
825	0.999646
826	0.999594
827	0.999535
828	0.999469
829	0.999394
830	0.999309
831	0.999214
832	0.999106
833	0.998986
834	0.99885
835	0.998698
836	0.998528
837	0.998339
838	0.998127
839	0.997891
840	0.997628
841	0.997336
842	0.997013
843	0.996654
844	0.996257
845	0.995819
846	0.995336
847	0.994803
848	0.994217
849	0.993574
850	0.992868
851	0.992095
852	0.99125
853	0.990326
854	0.989319
855	0.988222
856	0.987029
857	0.985733
858	0.984328
859	0.982806
860	0.98116
861	0.979382
862	0.977465
863	0.9754
864	0.97318
865	0.970796
866	0.968238
867	0.9655
868	0.962571
869	0.959443
870	0.956108
871	0.952555
872	0.948777
873	0.944765
874	0.94051
875	0.936003
876	0.931237
877	0.926203
878	0.920894
879	0.915302
880	0.909421
881	0.903244
882	0.896764
883	0.889978
884	0.882879
885	0.875464
886	0.867729
887	0.859672
888	0.85129
889	0.842583
890	0.833549
891	0.824191
892	0.814509
893	0.804505
894	0.794184
895	0.783549
896	0.772606
897	0.761362
898	0.749823
899	0.737998
900	0.725897
901	0.71353
902	0.700907
903	0.688042
904	0.674947
905	0.661636
906	0.648123
907	0.634425
908	0.620558
909	0.606537
910	0.592381
911	0.578107
912	0.563735
913	0.549281
914	0.534766
915	0.520209
916	0.505629
917	0.491045
918	0.476478
919	0.461946
920	0.447468
921	0.433065
922	0.418753
923	0.404553
924	0.390481
925	0.376555
926	0.362791
927	0.349207
928	0.335816
929	0.322635
930	0.309676
931	0.296953
932	0.284479
933	0.272263
934	0.260317
935	0.248651
936	0.237271
937	0.226187
938	0.215405
939	0.20493
940	0.194766
941	0.184918
942	0.175388
943	0.166178
944	0.157288
945	0.14872
946	0.140471
947	0.132541
948	0.124927
949	0.117625
950	0.110633
951	0.103946
952	0.0975585
953	0.0914653
954	0.0856604
955	0.0801372
956	0.074889
957	0.0699084
958	0.0651879
959	0.0607198
960	0.0564959
961	0.0525082
962	0.0487481
963	0.0452073
964	0.0418773
965	0.0387496
966	0.0358156
967	0.0330669
968	0.030495
969	0.0280918
970	0.0258489
971	0.0237584
972	0.0218124
973	0.0200033
974	0.0183235
975	0.0167658
976	0.0153231
977	0.0139888
978	0.0127561
979	0.0116188
980	0.0105709
981	0.00960653
982	0.00872018
983	0.00790658
984	0.00716068
985	0.00647774
986	0.00585321
987	0.00528284
988	0.00476257
989	0.0042886
990	0.00385737
991	0.0034655
992	0.00310986
993	0.0027875
994	0.00249568
995	0.00223182
996	0.00199356
997	0.00177868
998	0.00158512
999	0.001411
1000	0.00125454
1001	0.00111415
1002	0.000988315
1003	0.000875679
1004	0.000774981
1005	0.000685067
1006	0.000604882
1007	0.000533463
1008	0.00046993
1009	0.000413483
1010	0.000363393
1011	0.000319001
1012	0.000279706
1013	0.000244966
1014	0.000214291
1015	0.00018724
1016	0.000163413
1017	0.000142452
1018	0.000124036
1019	0.000107874
1020	9.37097e-05
1021	8.13102e-05
1022	7.04693e-05
1023	6.10026e-05
1024	5.27463e-05
1025	4.55543e-05
1026	3.92971e-05
1027	3.386e-05
1028	2.91411e-05
1029	2.50508e-05
1030	2.15095e-05
1031	1.84473e-05
1032	1.58026e-05
1033	1.35214e-05
1034	1.1556e-05
1035	9.86478e-06
1036	8.41129e-06
1037	7.16362e-06
1038	6.09392e-06
1039	5.17792e-06
1040	4.3945e-06
1041	3.72528e-06
1042	3.15429e-06
1043	2.66773e-06
1044	2.25359e-06
1045	1.90154e-06
1046	1.60262e-06
1047	1.34912e-06
1048	1.1344e-06
1049	9.52745e-07
1050	7.99253e-07
1051	6.69711e-07
1052	5.60514e-07
1053	4.68579e-07
1054	3.91268e-07
1055	3.26334e-07
1056	2.71862e-07
1057	2.26219e-07
1058	1.88022e-07
1059	1.56093e-07
1060	1.29437e-07
1061	1.07208e-07
1062	8.86941e-08
1063	7.32926e-08
1064	6.04956e-08
1065	4.98752e-08
1066	4.10719e-08
1067	3.37833e-08
1068	2.77561e-08
1069	2.27779e-08
1070	1.8671e-08
1071	1.52869e-08
1072	1.25018e-08
1073	1.02123e-08
1074	8.33248e-09
1075	6.79086e-09
1076	5.5281e-09
1077	4.49496e-09
1078	3.65071e-09
1079	2.96162e-09
1080	2.39983e-09
1081	1.94238e-09
1082	1.57032e-09
1083	1.26807e-09
1084	1.02282e-09
1085	8.24062e-10
1086	6.63163e-10
1087	5.33069e-10
1088	4.28004e-10
1089	3.43254e-10
1090	2.7497e-10
1091	2.20018e-10
1092	1.75847e-10
1093	1.40383e-10
1094	1.11943e-10
1095	8.91631e-11
1096	7.09375e-11
1097	5.6373e-11
1098	4.47477e-11
1099	3.54793e-11
1100	2.80985e-11
1101	2.22279e-11
1102	1.75638e-11
1103	1.38625e-11
1104	1.09288e-11
1105	8.60616e-12
1106	6.76944e-12
1107	5.31865e-12
1108	4.17405e-12
1109	3.27205e-12
1110	2.56206e-12
1111	2.00386e-12
1112	1.5655e-12
1113	1.22164e-12
1114	9.52236e-13
1115	7.41401e-13
1116	5.76594e-13
1117	4.47916e-13
1118	3.47561e-13
1119	2.69386e-13
1120	2.08559e-13
1121	1.61284e-13
1122	1.24584e-13
1123	9.61273e-14
1124	7.40866e-14
1125	5.70353e-14
1126	4.38589e-14
1127	3.36886e-14
1128	2.58476e-14
1129	1.98093e-14
1130	1.51645e-14
1131	1.15958e-14
1132	8.85696e-15
1133	6.75743e-15
1134	5.1498e-15
1135	3.92024e-15
1136	2.98091e-15
1137	2.26411e-15
1138	1.71775e-15
1139	1.30177e-15
1140	9.85431e-16
1141	7.45128e-16
1142	5.62795e-16
1143	4.24605e-16
1144	3.19988e-16
1145	2.40879e-16
1146	1.81125e-16
1147	1.36043e-16
1148	1.02067e-16
1149	7.64918e-17
1150	5.72611e-17
1151	4.28175e-17
1152	3.19816e-17
1153	2.38614e-17
1154	1.77832e-17
1155	1.32385e-17
1156	9.84439e-18
1157	7.31233e-18
1158	5.42552e-18
1159	4.02111e-18
1160	2.97693e-18
1161	2.20146e-18
1162	1.6262e-18
1163	1.19993e-18
1164	8.84415e-19
1165	6.51145e-19
1166	4.78872e-19
1167	3.51789e-19
1168	2.58146e-19
1169	1.89221e-19
1170	1.38547e-19
1171	1.01331e-19
1172	7.40308e-20
1173	5.40261e-20
1174	3.93837e-20
1175	2.86783e-20
1176	2.08599e-20
1177	1.51563e-20
1178	1.10002e-20
1179	7.97495e-21
1180	5.77538e-21
1181	4.17789e-21
1182	3.01896e-21
1183	2.17913e-21
1184	1.5712e-21
1185	1.13164e-21
1186	8.14156e-22
1187	5.85104e-22
1188	4.20034e-22
1189	3.01205e-22
1190	2.15757e-22
1191	1.54381e-22
1192	1.10344e-22
1193	7.87832e-23
1194	5.61881e-23
1195	4.00296e-23
1196	2.8487e-23
1197	2.02507e-23
1198	1.43801e-23
1199	1.02002e-23
1200	7.2275e-24
1201	5.11558e-24
1202	3.61685e-24
1203	2.55444e-24
1204	1.80215e-24
1205	1.27003e-24
1206	8.94063e-25
1207	6.28713e-25
1208	4.41639e-25
1209	3.09894e-25
1210	2.17215e-25
1211	1.52089e-25
1212	1.06374e-25
1213	7.43201e-26
1214	5.18691e-26
1215	3.61612e-26
1216	2.51831e-26
1217	1.7519e-26
1218	1.21742e-26
1219	8.45096e-27
1220	5.86009e-27
1221	4.05916e-27
1222	2.80868e-27
1223	1.94134e-27
1224	1.3404e-27
1225	9.24492e-28
1226	6.36951e-28
1227	4.38373e-28
1228	3.01381e-28
1229	2.06978e-28
1230	1.41993e-28
1231	9.73078e-29
1232	6.66136e-29
1233	4.55528e-29
1234	3.11174e-29
1235	2.12338e-29
1236	1.44741e-29
1237	9.85575e-30
1238	6.70388e-30
1239	4.55513e-30
1240	3.09181e-30
1241	2.09635e-30
1242	1.41988e-30
1243	9.6068e-31
1244	6.49299e-31
1245	4.38379e-31
1246	2.95661e-31
1247	1.99195e-31
1248	1.34061e-31
1249	9.0129e-32
1250	6.05296e-32
1251	4.0608e-32
1252	2.72142e-32
1253	1.82189e-32
1254	1.21839e-32
1255	8.13946e-33
1256	5.43181e-33
1257	3.62106e-33
1258	2.41139e-33
1259	1.60414e-33
1260	1.06601e-33
1261	7.07653e-34
1262	4.69271e-34
1263	3.10863e-34
1264	2.05711e-34
1265	1.35985e-34
1266	8.97982e-35
1267	5.92363e-35
1268	3.90349e-35
1269	2.56958e-35
1270	1.68972e-35
1271	1.10998e-35
1272	7.28378e-36
1273	4.7747e-36
1274	3.12665e-36
1275	2.04531e-36
1276	1.33655e-36
1277	8.72484e-37
1278	5.68953e-37
1279	3.7063e-37
1280	2.41186e-37
1281	1.56788e-37
1282	1.01816e-37
1283	6.60497e-38
1284	4.28028e-38
1285	2.7709e-38
1286	1.79192e-38
1287	1.15761e-38
1288	7.47064e-39
1289	4.81616e-39
1290	3.10165e-39
1291	1.99541e-39
1292	1.2824e-39
1293	8.2331e-40
1294	5.28023e-40
1295	3.38293e-40
1296	2.16512e-40
1297	1.38428e-40
1298	8.84126e-41
1299	5.641e-41
1300	3.59541e-41
1301	2.28925e-41
1302	1.45609e-41
1303	9.25202e-42
1304	5.87268e-42
1305	3.72381e-42
1306	2.3588e-42
1307	1.49262e-42
1308	9.43534e-43
1309	5.95827e-43
1310	3.75868e-43
1311	2.36867e-43
1312	1.49117e-43
1313	9.37784e-44
1314	5.8916e-44
1315	3.69758e-44
1316	2.31823e-44
1317	1.45195e-44
1318	9.08445e-45
1319	5.67809e-45
1320	3.54537e-45
1321	2.21144e-45
1322	1.37799e-45
1323	8.5777e-46
1324	5.33399e-46
1325	3.31353e-46
1326	2.05629e-46
1327	1.27478e-46
1328	7.89486e-47
1329	4.88438e-47
1330	3.01878e-47
1331	1.86386e-47
1332	1.14961e-47
1333	7.08346e-48
1334	4.36013e-48
1335	2.68109e-48
1336	1.64695e-48
1337	1.01067e-48
1338	6.19582e-49
1339	3.79442e-49
1340	2.32141e-49
1341	1.41879e-49
1342	8.66251e-50
1343	5.28359e-50
1344	3.2194e-50
1345	1.95966e-50
1346	1.19165e-50
1347	7.23893e-51
1348	4.39301e-51
1349	2.66325e-51
1350	1.61295e-51
1351	9.75873e-52
1352	5.8983e-52
1353	3.56141e-52
1354	2.14822e-52
1355	1.29449e-52
1356	7.79257e-53
1357	4.68625e-53
1358	2.81535e-53
1359	1.68968e-53
1360	1.01306e-53
1361	6.06784e-54
1362	3.63074e-54
1363	2.1703e-54
1364	1.29601e-54
1365	7.73145e-55
1366	4.60763e-55
1367	2.74321e-55
1368	1.63157e-55
1369	9.69432e-56
1370	5.75432e-56
1371	3.41221e-56
1372	2.02136e-56
1373	1.19623e-56
1374	7.0722e-57
1375	4.17695e-57
1376	2.46451e-57
1377	1.45268e-57
1378	8.55407e-58
1379	5.03204e-58
1380	2.95721e-58
1381	1.73615e-58
1382	1.01826e-58
1383	5.96624e-59
1384	3.49228e-59
1385	2.04214e-59
1386	1.19297e-59
1387	6.96212e-60
1388	4.05903e-60
1389	2.36413e-60
1390	1.37559e-60
1391	7.9961e-61
1392	4.64339e-61
1393	2.69377e-61
1394	1.56119e-61
1395	9.03905e-62
1396	5.22827e-62
1397	3.02109e-62
1398	1.74398e-62
1399	1.00574e-62
1400	5.79434e-63
1401	3.33497e-63
1402	1.91757e-63
1403	1.10149e-63
1404	6.32098e-64
1405	3.62375e-64
1406	2.07541e-64
1407	1.18746e-64
1408	6.7875e-65
1409	3.87589e-65
1410	2.21109e-65
1411	1.26012e-65
1412	7.17451e-66
1413	4.0808e-66
1414	2.31884e-66
1415	1.31635e-66
1416	7.46523e-67
1417	4.22951e-67
1418	2.39392e-67
1419	1.35365e-67
1420	7.6467e-68
1421	4.31536e-68
1422	2.43296e-68
1423	1.37034e-68
1424	7.71074e-69
1425	4.3345e-69
1426	2.4342e-69
1427	1.36569e-69
1428	7.65455e-70
1429	4.28613e-70
1430	2.39765e-70
1431	1.33993e-70
1432	7.48096e-71
1433	4.1726e-71
1434	2.32506e-71
1435	1.29431e-71
1436	7.19811e-72
1437	3.99923e-72
1438	2.21979e-72
1439	1.23091e-72
1440	6.81892e-73
1441	3.77384e-73
1442	2.08656e-73
1443	1.15254e-73
1444	6.36002e-74
1445	3.50623e-74
1446	1.93108e-74
1447	1.06253e-74
1448	5.84061e-75
1449	3.20742e-75
1450	1.75968e-75
1451	9.64472e-76
1452	5.28112e-76
1453	2.88896e-76
1454	1.57884e-76
1455	8.62015e-77
1456	4.70188e-77
1457	2.56218e-77
1458	1.39485e-77
1459	7.58624e-78
1460	4.12199e-78
1461	2.23752e-78
1462	1.21342e-78
1463	6.57408e-79
1464	3.55829e-79
1465	1.9241e-79
1466	1.03944e-79
1467	5.60984e-80
1468	3.02472e-80
1469	1.6293e-80
1470	8.76802e-81
1471	4.71394e-81
1472	2.53192e-81
1473	1.35862e-81
1474	7.28334e-82
1475	3.90073e-82
1476	2.08711e-82
1477	1.11565e-82
1478	5.95792e-83
1479	3.17867e-83
1480	1.69426e-83
1481	9.02196e-84
1482	4.7996e-84
1483	2.55091e-84
1484	1.35447e-84
1485	7.18501e-85
1486	3.80778e-85
1487	2.01605e-85
1488	1.06639e-85
1489	5.63531e-86
1490	2.97512e-86
1491	1.5692e-86
1492	8.26869e-87
1493	4.35294e-87
1494	2.28936e-87
1495	1.20291e-87
1496	6.31448e-88
1497	3.31154e-88
1498	1.73504e-88
1499	9.08189e-89
1500	4.74931e-89
1501	2.48126e-89
1502	1.29509e-89
1503	6.75333e-90
1504	3.51822e-90
1505	1.83112e-90
1506	9.52135e-91
1507	4.94617e-91
1508	2.56701e-91
1509	1.33099e-91
1510	6.89464e-92
1511	3.5681e-92
1512	1.84481e-92
1513	9.5292e-93
1514	4.91757e-93
1515	2.53533e-93
1516	1.30589e-93
1517	6.72002e-94
1518	3.45481e-94
1519	1.77447e-94
1520	9.10546e-95
1521	4.66795e-95
1522	2.39079e-95
1523	1.22334e-95
1524	6.25382e-96
1525	3.19399e-96
1526	1.62972e-96
1527	8.30779e-97
1528	4.23105e-97
1529	2.1528e-97
1530	1.09433e-97
1531	5.55762e-98
1532	2.81981e-98
1533	1.42936e-98
1534	7.23866e-99
1535	3.66241e-99
1536	1.85126e-99
1537	9.34893e-100
1538	4.71682e-100
1539	2.37755e-100
1540	1.1973e-100
1541	6.0238e-101
1542	3.02783e-101
1543	1.5205e-101
1544	7.62842e-102
1545	3.82364e-102
1546	1.91476e-102
1547	9.57956e-103
1548	4.78819e-103
1549	2.39107e-103
1550	1.19291e-103
1551	5.94589e-104
1552	2.96089e-104
1553	1.47307e-104
1554	7.3218e-105
1555	3.63588e-105
1556	1.80383e-105
1557	8.94084e-106
1558	4.42748e-106
1559	2.19044e-106
1560	1.08269e-106
1561	5.3465e-107
1562	2.63775e-107
1563	1.30015e-107
1564	6.4025e-108
1565	3.14995e-108
1566	1.5483e-108
1567	7.6033e-109
1568	3.73033e-109
1569	1.82848e-109
1570	8.95427e-110
1571	4.38095e-110
1572	2.14143e-110
1573	1.04577e-110
1574	5.10234e-111
1575	2.48713e-111
1576	1.21123e-111
1577	5.89324e-112
1578	2.86471e-112
1579	1.39125e-112
1580	6.75037e-113
1581	3.27228e-113
1582	1.58479e-113
1583	7.66818e-114
1584	3.70691e-114
1585	1.79033e-114
1586	8.63877e-115
1587	4.16458e-115
1588	2.00581e-115
1589	9.65184e-116
1590	4.64013e-116
1591	2.22869e-116
1592	1.06948e-116
1593	5.12734e-117
1594	2.45592e-117
1595	1.17527e-117
1596	5.61903e-118
1597	2.68402e-118
1598	1.28089e-118
1599	6.10718e-119
1600	2.90918e-119
1601	1.38453e-119
1602	6.58316e-120
1603	3.1273e-120
1604	1.48425e-120
1605	7.03793e-121
1606	3.33416e-121
1607	1.57809e-121
1608	7.46238e-122
1609	3.52555e-122
1610	1.6641e-122
1611	7.84754e-123
1612	3.69736e-123
1613	1.74042e-123
1614	8.18499e-124
1615	3.8458e-124
1616	1.80534e-124
1617	8.46708e-125
1618	3.96746e-125
1619	1.85736e-125
1620	8.68728e-126
1621	4.05953e-126
1622	1.89527e-126
1623	8.84041e-127
1624	4.11981e-127
1625	1.91817e-127
1626	8.92282e-128
1627	4.14689e-128
1628	1.92551e-128
1629	8.93258e-129
1630	4.14012e-129
1631	1.91714e-129
1632	8.86951e-130
1633	4.0997e-130
1634	1.89326e-130
1635	8.73523e-131
1636	4.02665e-131
1637	1.85447e-131
1638	8.53303e-132
1639	3.92277e-132
1640	1.80172e-132
1641	8.26781e-133
1642	3.79053e-133
1643	1.73626e-133
1644	7.94582e-134
1645	3.63303e-134
1646	1.65961e-134
1647	7.57446e-135
1648	3.45386e-135
1649	1.57349e-135
1650	7.16197e-136
1651	3.25693e-136
1652	1.47976e-136
1653	6.71714e-137
1654	3.04639e-137
1655	1.38036e-137
1656	6.249e-138
1657	2.82642e-138
1658	1.27723e-138
1659	5.76652e-139
1660	2.60116e-139
1661	1.17227e-139
1662	5.27835e-140
1663	2.37453e-140
1664	1.06725e-140
1665	4.79254e-141
1666	2.15018e-141
1667	9.63812e-142
1668	4.31639e-142
1669	1.93134e-142
1670	8.63389e-143
1671	3.85625e-143
1672	1.72081e-143
1673	7.67207e-144
1674	3.41745e-144
1675	1.52091e-144
1676	6.7626e-145
1677	3.00425e-145
1678	1.33343e-145
1679	5.91308e-146
1680	2.6198e-146
1681	1.15967e-146
1682	5.12878e-147
1683	2.26623e-147
1684	1.00047e-147
1685	4.41285e-148
1686	1.94466e-148
1687	8.56213e-149
1688	3.76644e-149
1689	1.65536e-149
1690	7.26888e-150
1691	3.189e-150
1692	1.39783e-150
1693	6.1216e-151
1694	2.67849e-151
1695	1.17092e-151
1696	5.11421e-152
1697	2.23173e-152
1698	9.73014e-153
1699	4.23847e-153
1700	1.84465e-153
1701	8.02104e-154
1702	3.48467e-154
1703	1.51254e-154
1704	6.55943e-155
1705	2.8421e-155
1706	1.23034e-155
1707	5.32141e-156
1708	2.29955e-156
1709	9.92824e-157
1710	4.28269e-157
1711	1.84576e-157
1712	7.94785e-158
1713	3.41931e-158
1714	1.46975e-158
1715	6.31192e-159
1716	2.70829e-159
1717	1.16103e-159
1718	4.97289e-160
1719	2.12809e-160
1720	9.09882e-161
1721	3.88684e-161
1722	1.65891e-161
1723	7.07404e-162
1724	3.01388e-162
1725	1.28293e-162
1726	5.45624e-163
1727	2.31847e-163
1728	9.84297e-164
1729	4.1751e-164
1730	1.76939e-164
1731	7.49202e-165
1732	3.1695e-165
1733	1.33967e-165
1734	5.65749e-166
1735	2.38707e-166
1736	1.0063e-166
1737	4.23841e-167
1738	1.7836e-167
1739	7.4991e-168
1740	3.15021e-168
1741	1.32217e-168
1742	5.54436e-169
1743	2.32292e-169
1744	9.72381e-170
1745	4.06683e-170
1746	1.69939e-170
1747	7.09496e-171
1748	2.95954e-171
1749	1.23344e-171
1750	5.13606e-172
1751	2.13678e-172
1752	8.88199e-173
1753	3.68875e-173
1754	1.53062e-173
1755	6.34561e-174
1756	2.62845e-174
1757	1.08779e-174
1758	4.4979e-175
1759	1.85821e-175
1760	7.67005e-176
1761	3.16317e-176
1762	1.30336e-176
1763	5.36574e-177
1764	2.20706e-177
1765	9.07021e-178
1766	3.72427e-178
1767	1.52787e-178
1768	6.26254e-179
1769	2.5647e-179
1770	1.0494e-179
1771	4.29011e-180
1772	1.75233e-180
1773	7.1513e-181
1774	2.91591e-181
1775	1.18791e-181
1776	4.83523e-182
1777	1.96639e-182
1778	7.98996e-183
1779	3.2437e-183
1780	1.3157e-183
1781	5.33209e-184
1782	2.15903e-184
1783	8.73456e-185
1784	3.53058e-185
1785	1.42585e-185
1786	5.75336e-186
1787	2.31949e-186
1788	9.343e-187
1789	3.76013e-187
1790	1.51196e-187
1791	6.07438e-188
1792	2.43829e-188
1793	9.77895e-189
1794	3.91852e-189
1795	1.56882e-189
1796	6.27552e-190
1797	2.50812e-190
1798	1.00154e-190
1799	3.99591e-191
1800	1.59288e-191
1801	6.34419e-192
1802	2.5246e-192
1803	1.00376e-192
1804	3.98744e-193
1805	1.58264e-193
1806	6.27614e-194
1807	2.48672e-194
1808	9.84435e-195
1809	3.89377e-195
1810	1.53879e-195
1811	6.0759e-196
1812	2.397e-196
1813	9.44819e-197
1814	3.72096e-197
1815	1.46415e-197
1816	5.75627e-198
1817	2.26111e-198
1818	8.87416e-199
1819	3.47983e-199
1820	1.36337e-199
1821	5.33697e-200
1822	2.08738e-200
1823	8.15706e-201
1824	3.18486e-201
1825	1.24244e-201
1826	4.84265e-202
1827	1.8859e-202
1828	7.33802e-203
1829	2.85276e-203
1830	1.1081e-203
1831	4.30048e-204
1832	1.66756e-204
1833	6.46061e-205
1834	2.50087e-205
1835	9.67243e-206
1836	3.73772e-206
1837	1.44312e-206
1838	5.56709e-207
1839	2.14575e-207
1840	8.26337e-208
1841	3.17953e-208
1842	1.22235e-208
1843	4.6952e-209
1844	1.80194e-209
1845	6.90962e-210
1846	2.64725e-210
1847	1.01336e-210
1848	3.8758e-211
1849	1.4811e-211
1850	5.65505e-212
1851	2.15733e-212
1852	8.22288e-213
1853	3.13155e-213
1854	1.19158e-213
1855	4.53017e-214
1856	1.72082e-214
1857	6.53105e-215
1858	2.47662e-215
1859	9.3835e-216
1860	3.55221e-216
1861	1.34357e-216
1862	5.07753e-217
1863	1.91722e-217
1864	7.23304e-218
1865	2.72646e-218
1866	1.02685e-218
1867	3.86404e-219
1868	1.4528e-219
1869	5.45759e-220
1870	2.04845e-220
1871	7.68207e-221
1872	2.87846e-221
1873	1.07764e-221
1874	4.03102e-222
1875	1.50656e-222
1876	5.62585e-223
1877	2.09904e-223
1878	7.82495e-224
1879	2.91456e-224
1880	1.08466e-224
1881	4.03317e-225
1882	1.4984e-225
1883	5.56214e-226
1884	2.06293e-226
1885	7.64466e-227
1886	2.8305e-227
1887	1.04712e-227
1888	3.87046e-228
1889	1.42942e-228
1890	5.27457e-229
1891	1.94467e-229
1892	7.16365e-230
1893	2.63667e-230
1894	9.69632e-231
1895	3.56279e-231
1896	1.30799e-231
1897	4.79789e-232
1898	1.75844e-232
1899	6.43927e-233
1900	2.35601e-233
1901	8.61291e-234
1902	3.14597e-234
1903	1.14813e-234
1904	4.18657e-235
1905	1.52531e-235
1906	5.55252e-236
1907	2.01955e-236
1908	7.33925e-237
1909	2.6649e-237
1910	9.66811e-238
1911	3.50458e-238
1912	1.26929e-238
1913	4.59326e-239
1914	1.66078e-239
1915	5.9998e-240
1916	2.16568e-240
1917	7.8106e-241
1918	2.81454e-241
1919	1.01336e-241
1920	3.64547e-242
1921	1.31031e-242
1922	4.70578e-243
1923	1.68858e-243
1924	6.05401e-244
1925	2.1687e-244
1926	7.76227e-245
1927	2.77595e-245
1928	9.91902e-246
1929	3.54127e-246
1930	1.26323e-246
1931	4.50238e-247
1932	1.60337e-247
1933	5.70507e-248
1934	2.02825e-248
1935	7.2047e-249
1936	2.55708e-249
1937	9.06793e-250
1938	3.21296e-250
1939	1.13746e-250
1940	4.0235e-251
1941	1.42202e-251
1942	5.02159e-252
1943	1.77179e-252
1944	6.24622e-253
1945	2.20017e-253
1946	7.74341e-254
1947	2.72297e-254
1948	9.56726e-255
1949	3.35867e-255
1950	1.1781e-255
1951	4.1289e-256
1952	1.44584e-256
1953	5.05873e-257
1954	1.76847e-257
1955	6.17719e-258
1956	2.15585e-258
1957	7.51767e-259
1958	2.61928e-259
1959	9.11838e-260
1960	3.17168e-260
1961	1.10229e-260
1962	3.82771e-261
1963	1.32806e-261
1964	4.60398e-262
1965	1.59472e-262
1966	5.51915e-263
1967	1.90852e-263
1968	6.59412e-264
1969	2.27642e-264
1970	7.85211e-265
1971	2.70618e-265
1972	9.31886e-266
1973	3.20632e-266
1974	1.10227e-266
1975	3.78619e-267
1976	1.29944e-267
1977	4.45602e-268
1978	1.52677e-268
1979	5.22685e-269
1980	1.78789e-269
1981	6.11055e-270
1982	2.08669e-270
1983	7.11985e-271
1984	2.42729e-271
1985	8.26818e-272
1986	2.81408e-272
1987	9.56973e-273
1988	3.25163e-273
1989	1.10393e-273
1990	3.7447e-274
1991	1.2692e-274
1992	4.29817e-275
1993	1.45437e-275
1994	4.91702e-276
1995	1.661e-276
1996	5.60626e-277
1997	1.89067e-277
1998	6.37084e-278
1999	2.14495e-278
2000	7.21562e-279
2001	2.42532e-279
2002	8.14525e-280
2003	2.73324e-280
2004	9.16409e-281
2005	3.07001e-281
2006	1.02761e-281
2007	3.43682e-282
2008	1.14848e-282
2009	3.83468e-283
2010	1.2793e-283
2011	4.26439e-284
2012	1.4203e-284
2013	4.72652e-285
2014	1.5716e-285
2015	5.22135e-286
2016	1.73325e-286
2017	5.74885e-287
2018	1.9052e-287
2019	6.30866e-288
2020	2.08725e-288
2021	6.90004e-289
2022	2.27913e-289
2023	7.52185e-290
2024	2.48039e-290
2025	8.17253e-291
2026	2.6905e-291
2027	8.85009e-292
2028	2.90873e-292
2029	9.55211e-293
2030	3.13426e-293
2031	1.02757e-293
2032	3.3661e-294
2033	1.10175e-294
2034	3.60313e-295
2035	1.17738e-295
2036	3.8441e-296
2037	1.25405e-296
2038	4.08763e-297
2039	1.33129e-297
2040	4.33222e-298
2041	1.40861e-298
2042	4.57628e-299
2043	1.48551e-299
2044	4.81812e-300
2045	1.56143e-300
2046	5.056e-301
2047	1.63581e-301
2048	5.2881e-302
2049	1.70808e-302
2050	5.51261e-303
2051	1.77766e-303
2052	5.72769e-304
2053	1.84397e-304
2054	5.93154e-305
2055	1.90644e-305
2056	6.12239e-306
2057	1.96454e-306
2058	6.29855e-307
2059	2.01773e-307
2060	6.45843e-308
2061	2.06554e-308
2062	6.60056e-309
2063	2.10751e-309
2064	6.7236e-310
2065	2.14326e-310
2066	6.82638e-311
2067	2.17244e-311
2068	6.90793e-312
2069	2.19477e-312
2070	6.96744e-313
2071	2.21004e-313
2072	7.00436e-314
2073	2.21809e-314
2074	7.01831e-315
2075	2.21885e-315
2076	7.00918e-316
2077	2.21233e-316
2078	6.97712e-317
2079	2.19863e-317
2080	6.92301e-318
2081	2.17847e-318
2082	6.85299e-319
2083	2.15768e-319
2084	6.82502e-320
2085	2.19415e-320
2086	7.41593e-321
2087	2.87052e-321
2088	1.45255e-321
2089	1.01778e-321
2090	8.79437e-322
2091	8.44852e-322
2092	8.3003e-322
2093	8.15208e-322
2094	8.00386e-322
2095	7.85564e-322
2096	7.70742e-322
2097	7.5592e-322
2098	7.41098e-322
2099	7.26276e-322
2100	7.11455e-322
2101	6.96633e-322
2102	6.81811e-322
2103	6.66989e-322
2104	6.52167e-322
2105	6.37345e-322
2106	6.22523e-322
2107	6.07701e-322
2108	5.92879e-322
2109	5.78057e-322
2110	5.63235e-322
2111	5.48413e-322
2112	5.33591e-322
2113	5.18769e-322
2114	5.03947e-322
2115	4.89125e-322
2116	4.74303e-322
2117	4.59481e-322
2118	4.44659e-322
2119	4.29837e-322
2120	4.15015e-322
2121	4.00193e-322
2122	3.85371e-322
2123	3.70549e-322
2124	3.55727e-322
2125	3.40905e-322
2126	3.26083e-322
2127	3.11261e-322
2128	2.96439e-322
2129	2.81617e-322
2130	2.66795e-322
2131	2.51973e-322
2132	2.37152e-322
2133	2.2233e-322
2134	2.07508e-322
2135	1.92686e-322
2136	1.77864e-322
2137	1.63042e-322
2138	1.4822e-322
2139	1.33398e-322
2140	1.18576e-322
2141	1.03754e-322
2142	8.89318e-323
2143	7.41098e-323
2144	5.92879e-323
2145	4.44659e-323
2146	2.96439e-323
2147	1.4822e-323
2148	0
2149	0
2150	0
2151	0
2152	0
2153	0
2154	0
2155	0
2156	0
2157	0
2158	0
2159	0
2160	0
2161	0
2162	0
2163	0
2164	0
2165	0
2166	0
2167	0
2168	0
2169	0
2170	0
2171	0
2172	0
2173	0
2174	0
2175	0
2176	0
2177	0
2178	0
2179	0
2180	0
2181	0
2182	0
2183	0
2184	0
2185	0
2186	0
2187	0
2188	0
2189	0
2190	0
2191	0
2192	0
2193	0
2194	0
2195	0
2196	0
2197	0
2198	0
2199	0
2200	0
2201	0
2202	0
2203	0
2204	0
2205	0
2206	0
2207	0
2208	0
2209	0
2210	0
2211	0
2212	0
2213	0
2214	0
2215	0
2216	0
2217	0
2218	0
2219	0
2220	0
2221	0
2222	0
2223	0
2224	0
2225	0
2226	0
2227	0
2228	0
2229	0
2230	0
2231	0
2232	0
2233	0
2234	0
2235	0
2236	0
2237	0
2238	0
2239	0
2240	0
2241	0
2242	0
2243	0
2244	0
2245	0
2246	0
2247	0
2248	0
2249	0
2250	0
2251	0
2252	0
2253	0
2254	0
2255	0
2256	0
2257	0
2258	0
2259	0
2260	0
2261	0
2262	0
2263	0
2264	0
2265	0
2266	0
2267	0
2268	0
2269	0
2270	0
2271	0
2272	0
2273	0
2274	0
2275	0
2276	0
2277	0
2278	0
2279	0
2280	0
2281	0
2282	0
2283	0
2284	0
2285	0
2286	0
2287	0
2288	0
2289	0
2290	0
2291	0
2292	0
2293	0
2294	0
2295	0
2296	0
2297	0
2298	0
2299	0
2300	0
2301	0
2302	0
2303	0
2304	0
2305	0
2306	0
2307	0
2308	0
2309	0
2310	0
2311	0
2312	0
2313	0
2314	0
2315	0
2316	0
2317	0
2318	0
2319	0
2320	0
2321	0
2322	0
2323	0
2324	0
2325	0
2326	0
2327	0
2328	0
2329	0
2330	0
2331	0
2332	0
2333	0
2334	0
2335	0
2336	0
2337	0
2338	0
2339	0
2340	0
2341	0
2342	0
2343	0
2344	0
2345	0
2346	0
2347	0
2348	0
2349	0
2350	0
2351	0
2352	0
2353	0
2354	0
2355	0
2356	0
2357	0
2358	0
2359	0
2360	0
2361	0
2362	0
2363	0
2364	0
2365	0
2366	0
2367	0
2368	0
2369	0
2370	0
2371	0
2372	0
2373	0
2374	0
2375	0
2376	0
2377	0
2378	0
2379	0
2380	0
2381	0
2382	0
2383	0
2384	0
2385	0
2386	0
2387	0
2388	0
2389	0
2390	0
2391	0
2392	0
2393	0
2394	0
2395	0
2396	0
2397	0
2398	0
2399	0
2400	0
2401	0
2402	0
2403	0
2404	0
2405	0
2406	0
2407	0
2408	0
2409	0
2410	0
2411	0
2412	0
2413	0
2414	0
2415	0
2416	0
2417	0
2418	0
2419	0
2420	0
2421	0
2422	0
2423	0
2424	0
2425	0
2426	0
2427	0
2428	0
2429	0
2430	0
2431	0
2432	0
2433	0
2434	0
2435	0
2436	0
2437	0
2438	0
2439	0
2440	0
2441	0
2442	0
2443	0
2444	0
2445	0
2446	0
2447	0
2448	0
2449	0
2450	0
2451	0
2452	0
2453	0
2454	0
2455	0
2456	0
2457	0
2458	0
2459	0
2460	0
2461	0
2462	0
2463	0
2464	0
2465	0
2466	0
2467	0
2468	0
2469	0
2470	0
2471	0
2472	0
2473	0
2474	0
2475	0
2476	0
2477	0
2478	0
2479	0
2480	0
2481	0
2482	0
2483	0
2484	0
2485	0
2486	0
2487	0
2488	0
2489	0
2490	0
2491	0
2492	0
2493	0
2494	0
2495	0
2496	0
2497	0
2498	0
2499	0
2500	0
2501	0
2502	0
2503	0
2504	0
2505	0
2506	0
2507	0
2508	0
2509	0
2510	0
2511	0
2512	0
2513	0
2514	0
2515	0
2516	0
2517	0
2518	0
2519	0
2520	0
2521	0
2522	0
2523	0
2524	0
2525	0
2526	0
2527	0
2528	0
2529	0
2530	0
2531	0
2532	0
2533	0
2534	0
2535	0
2536	0
2537	0
2538	0
2539	0
2540	0
2541	0
2542	0
2543	0
2544	0
2545	0
2546	0
2547	0
2548	0
2549	0
2550	0
2551	0
2552	0
2553	0
2554	0
2555	0
2556	0
2557	0
2558	0
2559	0
2560	0
2561	0
2562	0
2563	0
2564	0
2565	0
2566	0
2567	0
2568	0
2569	0
2570	0
2571	0
2572	0
2573	0
2574	0
2575	0
2576	0
2577	0
2578	0
2579	0
2580	0
2581	0
2582	0
2583	0
2584	0
2585	0
2586	0
2587	0
2588	0
2589	0
2590	0
2591	0
2592	0
2593	0
2594	0
2595	0
2596	0
2597	0
2598	0
2599	0
2600	0
2601	0
2602	0
2603	0
2604	0
2605	0
2606	0
2607	0
2608	0
2609	0
2610	0
2611	0
2612	0
2613	0
2614	0
2615	0
2616	0
2617	0
2618	0
2619	0
2620	0
2621	0
2622	0
2623	0
2624	0
2625	0
2626	0
2627	0
2628	0
2629	0
2630	0
2631	0
2632	0
2633	0
2634	0
2635	0
2636	0
2637	0
2638	0
2639	0
2640	0
2641	0
2642	0
2643	0
2644	0
2645	0
2646	0
2647	0
2648	0
2649	0
2650	0
2651	0
2652	0
2653	0
2654	0
2655	0
2656	0
2657	0
2658	0
2659	0
2660	0
2661	0
2662	0
2663	0
2664	0
2665	0
2666	0
2667	0
2668	0
2669	0
2670	0
2671	0
2672	0
2673	0
2674	0
2675	0
2676	0
2677	0
2678	0
2679	0
2680	0
2681	0
2682	0
2683	0
2684	0
2685	0
2686	0
2687	0
2688	0
2689	0
2690	0
2691	0
2692	0
2693	0
2694	0
2695	0
2696	0
2697	0
2698	0
2699	0
2700	0
2701	0
2702	0
2703	0
2704	0
2705	0
2706	0
2707	0
2708	0
2709	0
2710	0
2711	0
2712	0
2713	0
2714	0
2715	0
2716	0
2717	0
2718	0
2719	0
2720	0
2721	0
2722	0
2723	0
2724	0
2725	0
2726	0
2727	0
2728	0
2729	0
2730	0
2731	0
2732	0
2733	0
2734	0
2735	0
2736	0
2737	0
2738	0
2739	0
2740	0
2741	0
2742	0
2743	0
2744	0
2745	0
2746	0
2747	0
2748	0
2749	0
2750	0
2751	0
2752	0
2753	0
2754	0
2755	0
2756	0
2757	0
2758	0
2759	0
2760	0
2761	0
2762	0
2763	0
2764	0
2765	0
2766	0
2767	0
2768	0
2769	0
2770	0
2771	0
2772	0
2773	0
2774	0
2775	0
2776	0
2777	0
2778	0
2779	0
2780	0
2781	0
2782	0
2783	0
2784	0
2785	0
2786	0
2787	0
2788	0
2789	0
2790	0
2791	0
2792	0
2793	0
2794	0
2795	0
2796	0
2797	0
2798	0
2799	0
2800	0
2801	0
2802	0
2803	0
2804	0
2805	0
2806	0
2807	0
2808	0
2809	0
2810	0
2811	0
2812	0
2813	0
2814	0
2815	0
2816	0
2817	0
2818	0
2819	0
2820	0
2821	0
2822	0
2823	0
2824	0
2825	0
2826	0
2827	0
2828	0
2829	0
2830	0
2831	0
2832	0
2833	0
2834	0
2835	0
2836	0
2837	0
2838	0
2839	0
2840	0
2841	0
2842	0
2843	0
2844	0
2845	0
2846	0
2847	0
2848	0
2849	0
2850	0
2851	0
2852	0
2853	0
2854	0
2855	0
2856	0
2857	0
2858	0
2859	0
2860	0
2861	0
2862	0
2863	0
2864	0
2865	0
2866	0
2867	0
2868	0
2869	0
2870	0
2871	0
2872	0
2873	0
2874	0
2875	0
2876	0
2877	0
2878	0
2879	0
2880	0
2881	0
2882	0
2883	0
2884	0
2885	0
2886	0
2887	0
2888	0
2889	0
2890	0
2891	0
2892	0
2893	0
2894	0
2895	0
2896	0
2897	0
2898	0
2899	0
2900	0
2901	0
2902	0
2903	0
2904	0
2905	0
2906	0
2907	0
2908	0
2909	0
2910	0
2911	0
2912	0
2913	0
2914	0
2915	0
2916	0
2917	0
2918	0
2919	0
2920	0
2921	0
2922	0
2923	0
2924	0
2925	0
2926	0
2927	0
2928	0
2929	0
2930	0
2931	0
2932	0
2933	0
2934	0
2935	0
2936	0
2937	0
2938	0
2939	0
2940	0
2941	0
2942	0
2943	0
2944	0
2945	0
2946	0
2947	0
2948	0
2949	0
2950	0
2951	0
2952	0
2953	0
2954	0
2955	0
2956	0
2957	0
2958	0
2959	0
2960	0
2961	0
2962	0
2963	0
2964	0
2965	0
2966	0
2967	0
2968	0
2969	0
2970	0
2971	0
2972	0
2973	0
2974	0
2975	0
2976	0
2977	0
2978	0
2979	0
2980	0
2981	0
2982	0
2983	0
2984	0
2985	0
2986	0
2987	0
2988	0
2989	0
2990	0
2991	0
2992	0
2993	0
2994	0
2995	0
2996	0
2997	0
2998	0
2999	0
3000	0
3001	0
3002	0
3003	0
3004	0
3005	0
3006	0
3007	0
3008	0
3009	0
3010	0
3011	0
3012	0
3013	0
3014	0
3015	0
3016	0
3017	0
3018	0
3019	0
3020	0
3021	0
3022	0
3023	0
3024	0
3025	0
3026	0
3027	0
3028	0
3029	0
3030	0
3031	0
3032	0
3033	0
3034	0
3035	0
3036	0
3037	0
3038	0
3039	0
3040	0
3041	0
3042	0
3043	0
3044	0
3045	0
3046	0
3047	0
3048	0
3049	0
3050	0
3051	0
3052	0
3053	0
3054	0
3055	0
3056	0
3057	0
3058	0
3059	0
3060	0
3061	0
3062	0
3063	0
3064	0
3065	0
3066	0
3067	0
3068	0
3069	0
3070	0
3071	0
3072	0
3073	0
3074	0
3075	0
3076	0
3077	0
3078	0
3079	0
3080	0
3081	0
3082	0
3083	0
3084	0
3085	0
3086	0
3087	0
3088	0
3089	0
3090	0
3091	0
3092	0
3093	0
3094	0
3095	0
3096	0
3097	0
3098	0
3099	0
3100	0
3101	0
3102	0
3103	0
3104	0
3105	0
3106	0
3107	0
3108	0
3109	0
3110	0
3111	0
3112	0
3113	0
3114	0
3115	0
3116	0
3117	0
3118	0
3119	0
3120	0
3121	0
3122	0
3123	0
3124	0
3125	0
3126	0
3127	0
3128	0
3129	0
3130	0
3131	0
3132	0
3133	0
3134	0
3135	0
3136	0
3137	0
3138	0
3139	0
3140	0
3141	0
3142	0
3143	0
3144	0
3145	0
3146	0
3147	0
3148	0
3149	0
3150	0
3151	0
3152	0
3153	0
3154	0
3155	0
3156	0
3157	0
3158	0
3159	0
3160	0
3161	0
3162	0
3163	0
3164	0
3165	0
3166	0
3167	0
3168	0
3169	0
3170	0
3171	0
3172	0
3173	0
3174	0
3175	0
3176	0
3177	0
3178	0
3179	0
3180	0
3181	0
3182	0
3183	0
3184	0
3185	0
3186	0
3187	0
3188	0
3189	0
3190	0
3191	0
3192	0
3193	0
3194	0
3195	0
3196	0
3197	0
3198	0
3199	0
3200	0
3201	0
3202	0
3203	0
3204	0
3205	0
3206	0
3207	0
3208	0
3209	0
3210	0
3211	0
3212	0
3213	0
3214	0
3215	0
3216	0
3217	0
3218	0
3219	0
3220	0
3221	0
3222	0
3223	0
3224	0
3225	0
3226	0
3227	0
3228	0
3229	0
3230	0
3231	0
3232	0
3233	0
3234	0
3235	0
3236	0
3237	0
3238	0
3239	0
3240	0
3241	0
3242	0
3243	0
3244	0
3245	0
3246	0
3247	0
3248	0
3249	0
3250	0
3251	0
3252	0
3253	0
3254	0
3255	0
3256	0
3257	0
3258	0
3259	0
3260	0
3261	0
3262	0
3263	0
3264	0
3265	0
3266	0
3267	0
3268	0
3269	0
3270	0
3271	0
3272	0
3273	0
3274	0
3275	0
3276	0
3277	0
3278	0
3279	0
3280	0
3281	0
3282	0
3283	0
3284	0
3285	0
3286	0
3287	0
3288	0
3289	0
3290	0
3291	0
3292	0
3293	0
3294	0
3295	0
3296	0
3297	0
3298	0
3299	0
3300	0
3301	0
3302	0
3303	0
3304	0
3305	0
3306	0
3307	0
3308	0
3309	0
3310	0
3311	0
3312	0
3313	0
3314	0
3315	0
3316	0
3317	0
3318	0
3319	0
3320	0
3321	0
3322	0
3323	0
3324	0
3325	0
3326	0
3327	0
3328	0
3329	0
3330	0
3331	0
3332	0
3333	0
3334	0
3335	0
3336	0
3337	0
3338	0
3339	0
3340	0
3341	0
3342	0
3343	0
3344	0
3345	0
3346	0
3347	0
3348	0
3349	0
3350	0
3351	0
3352	0
3353	0
3354	0
3355	0
3356	0
3357	0
3358	0
3359	0
3360	0
3361	0
3362	0
3363	0
3364	0
3365	0
3366	0
3367	0
3368	0
3369	0
3370	0
3371	0
3372	0
3373	0
3374	0
3375	0
3376	0
3377	0
3378	0
3379	0
3380	0
3381	0
3382	0
3383	0
3384	0
3385	0
3386	0
3387	0
3388	0
3389	0
3390	0
3391	0
3392	0
3393	0
3394	0
3395	0
3396	0
3397	0
3398	0
3399	0
3400	0
3401	0
3402	0
3403	0
3404	0
3405	0
3406	0
3407	0
3408	0
3409	0
3410	0
3411	0
3412	0
3413	0
3414	0
3415	0
3416	0
3417	0
3418	0
3419	0
3420	0
3421	0
3422	0
3423	0
3424	0
3425	0
3426	0
3427	0
3428	0
3429	0
3430	0
3431	0
3432	0
3433	0
3434	0
3435	0
3436	0
3437	0
3438	0
3439	0
3440	0
3441	0
3442	0
3443	0
3444	0
3445	0
3446	0
3447	0
3448	0
3449	0
3450	0
3451	0
3452	0
3453	0
3454	0
3455	0
3456	0
3457	0
3458	0
3459	0
3460	0
3461	0
3462	0
3463	0
3464	0
3465	0
3466	0
3467	0
3468	0
3469	0
3470	0
3471	0
3472	0
3473	0
3474	0
3475	0
3476	0
3477	0
3478	0
3479	0
3480	0
3481	0
3482	0
3483	0
3484	0
3485	0
3486	0
3487	0
3488	0
3489	0
3490	0
3491	0
3492	0
3493	0
3494	0
3495	0
3496	0
3497	0
3498	0
3499	0
3500	0
3501	0
3502	0
3503	0
3504	0
3505	0
3506	0
3507	0
3508	0
3509	0
3510	0
3511	0
3512	0
3513	0
3514	0
3515	0
3516	0
3517	0
3518	0
3519	0
3520	0
3521	0
3522	0
3523	0
3524	0
3525	0
3526	0
3527	0
3528	0
3529	0
3530	0
3531	0
3532	0
3533	0
3534	0
3535	0
3536	0
3537	0
3538	0
3539	0
3540	0
3541	0
3542	0
3543	0
3544	0
3545	0
3546	0
3547	0
3548	0
3549	0
3550	0
3551	0
3552	0
3553	0
3554	0
3555	0
3556	0
3557	0
3558	0
3559	0
3560	0
3561	0
3562	0
3563	0
3564	0
3565	0
3566	0
3567	0
3568	0
3569	0
3570	0
3571	0
3572	0
3573	0
3574	0
3575	0
3576	0
3577	0
3578	0
3579	0
3580	0
3581	0
3582	0
3583	0
3584	0
3585	0
3586	0
3587	0
3588	0
3589	0
3590	0
3591	0
3592	0
3593	0
3594	0
3595	0
3596	0
3597	0
3598	0
3599	0
3600	0
3601	0
3602	0
3603	0
3604	0
3605	0
3606	0
3607	0
3608	0
3609	0
3610	0
3611	0
3612	0
3613	0
3614	0
3615	0
3616	0
3617	0
3618	0
3619	0
3620	0
3621	0
3622	0
3623	0
3624	0
3625	0
3626	0
3627	0
3628	0
3629	0
3630	0
3631	0
3632	0
3633	0
3634	0
3635	0
3636	0
3637	0
3638	0
3639	0
3640	0
3641	0
3642	0
3643	0
3644	0
3645	0
3646	0
3647	0
3648	0
3649	0
3650	0
3651	0
3652	0
3653	0
3654	0
3655	0
3656	0
3657	0
3658	0
3659	0
3660	0
3661	0
3662	0
3663	0
3664	0
3665	0
3666	0
3667	0
3668	0
3669	0
3670	0
3671	0
3672	0
3673	0
3674	0
3675	0
3676	0
3677	0
3678	0
3679	0
3680	0
3681	0
3682	0
3683	0
3684	0
3685	0
3686	0
3687	0
3688	0
3689	0
3690	0
3691	0
3692	0
3693	0
3694	0
3695	0
3696	0
3697	0
3698	0
3699	0
3700	0
3701	0
3702	0
3703	0
3704	0
3705	0
3706	0
3707	0
3708	0
3709	0
3710	0
3711	0
3712	0
3713	0
3714	0
3715	0
3716	0
3717	0
3718	0
3719	0
3720	0
3721	0
3722	0
3723	0
3724	0
3725	0
3726	0
3727	0
3728	0
3729	0
3730	0
3731	0
3732	0
3733	0
3734	0
3735	0
3736	0
3737	0
3738	0
3739	0
3740	0
3741	0
3742	0
3743	0
3744	0
3745	0
3746	0
3747	0
3748	0
3749	0
3750	0
3751	0
3752	0
3753	0
3754	0
3755	0
3756	0
3757	0
3758	0
3759	0
3760	0
3761	0
3762	0
3763	0
3764	0
3765	0
3766	0
3767	0
3768	0
3769	0
3770	0
3771	0
3772	0
3773	0
3774	0
3775	0
3776	0
3777	0
3778	0
3779	0
3780	0
3781	0
3782	0
3783	0
3784	0
3785	0
3786	0
3787	0
3788	0
3789	0
3790	0
3791	0
3792	0
3793	0
3794	0
3795	0
3796	0
3797	0
3798	0
3799	0
3800	0
3801	0
3802	0
3803	0
3804	0
3805	0
3806	0
3807	0
3808	0
3809	0
3810	0
3811	0
3812	0
3813	0
3814	0
3815	0
3816	0
3817	0
3818	0
3819	0
3820	0
3821	0
3822	0
3823	0
3824	0
3825	0
3826	0
3827	0
3828	0
3829	0
3830	0
3831	0
3832	0
3833	0
3834	0
3835	0
3836	0
3837	0
3838	0
3839	0
3840	0
3841	0
3842	0
3843	0
3844	0
3845	0
3846	0
3847	0
3848	0
3849	0
3850	0
3851	0
3852	0
3853	0
3854	0
3855	0
3856	0
3857	0
3858	0
3859	0
3860	0
3861	0
3862	0
3863	0
3864	0
3865	0
3866	0
3867	0
3868	0
3869	0
3870	0
3871	0
3872	0
3873	0
3874	0
3875	0
3876	0
3877	0
3878	0
3879	0
3880	0
3881	0
3882	0
3883	0
3884	0
3885	0
3886	0
3887	0
3888	0
3889	0
3890	0
3891	0
3892	0
3893	0
3894	0
3895	0
3896	0
3897	0
3898	0
3899	0
3900	0
3901	0
3902	0
3903	0
3904	0
3905	0
3906	0
3907	0
3908	0
3909	0
3910	0
3911	0
3912	0
3913	0
3914	0
3915	0
3916	0
3917	0
3918	0
3919	0
3920	0
3921	0
3922	0
3923	0
3924	0
3925	0
3926	0
3927	0
3928	0
3929	0
3930	0
3931	0
3932	0
3933	0
3934	0
3935	0
3936	0
3937	0
3938	0
3939	0
3940	0
3941	0
3942	0
3943	0
3944	0
3945	0
3946	0
3947	0
3948	0
3949	0
3950	0
3951	0
3952	0
3953	0
3954	0
3955	0
3956	0
3957	0
3958	0
3959	0
3960	0
3961	0
3962	0
3963	0
3964	0
3965	0
3966	0
3967	0
3968	0
3969	0
3970	0
3971	0
3972	0
3973	0
3974	0
3975	0
3976	0
3977	0
3978	0
3979	0
3980	0
3981	0
3982	0
3983	0
3984	0
3985	0
3986	0
3987	0
3988	0
3989	0
3990	0
3991	0
3992	0
3993	0
3994	0
3995	0
3996	0
3997	0
3998	0
3999	0
4000	0
4001	0
4002	0
4003	0
4004	0
4005	0
4006	0
4007	0
4008	0
4009	0
4010	0
4011	0
4012	0
4013	0
4014	0
4015	0
4016	0
4017	0
4018	0
4019	0
4020	0
4021	0
4022	0
4023	0
4024	0
4025	0
4026	0
4027	0
4028	0
4029	0
4030	0
4031	0
4032	0
4033	0
4034	0
4035	0
4036	0
4037	0
4038	0
4039	0
4040	0
4041	0
4042	0
4043	0
4044	0
4045	0
4046	0
4047	0
4048	0
4049	0
4050	0
4051	0
4052	0
4053	0
4054	0
4055	0
4056	0
4057	0
4058	0
4059	0
4060	0
4061	0
4062	0
4063	0
4064	0
4065	0
4066	0
4067	0
4068	0
4069	0
4070	0
4071	0
4072	0
4073	0
4074	0
4075	0
4076	0
4077	0
4078	0
4079	0
4080	0
4081	0
4082	0
4083	0
4084	0
4085	0
4086	0
4087	0
4088	0
4089	0
4090	0
4091	0
4092	0
4093	0
4094	0
4095	0
4096	0
4097	0
4098	0
4099	0
4100	0
4101	0
4102	0
4103	0
4104	0
4105	0
4106	0
4107	0
4108	0
4109	0
4110	0
4111	0
4112	0
4113	0
4114	0
4115	0
4116	0
4117	0
4118	0
4119	0
4120	0
4121	0
4122	0
4123	0
4124	0
4125	0
4126	0
4127	0
4128	0
4129	0
4130	0
4131	0
4132	0
4133	0
4134	0
4135	0
4136	0
4137	0
4138	0
4139	0
4140	0
4141	0
4142	0
4143	0
4144	0
4145	0
4146	0
4147	0
4148	0
4149	0
4150	0
4151	0
4152	0
4153	0
4154	0
4155	0
4156	0
4157	0
4158	0
4159	0
4160	0
4161	0
4162	0
4163	0
4164	0
4165	0
4166	0
4167	0
4168	0
4169	0
4170	0
4171	0
4172	0
4173	0
4174	0
4175	0
4176	0
4177	0
4178	0
4179	0
4180	0
4181	0
4182	0
4183	0
4184	0
4185	0
4186	0
4187	0
4188	0
4189	0
4190	0
4191	0
4192	0
4193	0
4194	0
4195	0
4196	0
4197	0
4198	0
4199	0
4200	0
4201	0
4202	0
4203	0
4204	0
4205	0
4206	0
4207	0
4208	0
4209	0
4210	0
4211	0
4212	0
4213	0
4214	0
4215	0
4216	0
4217	0
4218	0
4219	0
4220	0
4221	0
4222	0
4223	0
4224	0
4225	0
4226	0
4227	0
4228	0
4229	0
4230	0
4231	0
4232	0
4233	0
4234	0
4235	0
4236	0
4237	0
4238	0
4239	0
4240	0
4241	0
4242	0
4243	0
4244	0
4245	0
4246	0
4247	0
4248	0
4249	0
4250	0
4251	0
4252	0
4253	0
4254	0
4255	0
4256	0
4257	0
4258	0
4259	0
4260	0
4261	0
4262	0
4263	0
4264	0
4265	0
4266	0
4267	0
4268	0
4269	0
4270	0
4271	0
4272	0
4273	0
4274	0
4275	0
4276	0
4277	0
4278	0
4279	0
4280	0
4281	0
4282	0
4283	0
4284	0
4285	0
4286	0
4287	0
4288	0
4289	0
4290	0
4291	0
4292	0
4293	0
4294	0
4295	0
4296	0
4297	0
4298	0
4299	0
4300	0
4301	0
4302	0
4303	0
4304	0
4305	0
4306	0
4307	0
4308	0
4309	0
4310	0
4311	0
4312	0
4313	0
4314	0
4315	0
4316	0
4317	0
4318	0
4319	0
4320	0
4321	0
4322	0
4323	0
4324	0
4325	0
4326	0
4327	0
4328	0
4329	0
4330	0
4331	0
4332	0
4333	0
4334	0
4335	0
4336	0
4337	0
4338	0
4339	0
4340	0
4341	0
4342	0
4343	0
4344	0
4345	0
4346	0
4347	0
4348	0
4349	0
4350	0
4351	0
4352	0
4353	0
4354	0
4355	0
4356	0
4357	0
4358	0
4359	0
4360	0
4361	0
4362	0
4363	0
4364	0
4365	0
4366	0
4367	0
4368	0
4369	0
4370	0
4371	0
4372	0
4373	0
4374	0
4375	0
4376	0
4377	0
4378	0
4379	0
4380	0
4381	0
4382	0
4383	0
4384	0
4385	0
4386	0
4387	0
4388	0
4389	0
4390	0
4391	0
4392	0
4393	0
4394	0
4395	0
4396	0
4397	0
4398	0
4399	0
4400	0
4401	0
4402	0
4403	0
4404	0
4405	0
4406	0
4407	0
4408	0
4409	0
4410	0
4411	0
4412	0
4413	0
4414	0
4415	0
4416	0
4417	0
4418	0
4419	0
4420	0
4421	0
4422	0
4423	0
4424	0
4425	0
4426	0
4427	0
4428	0
4429	0
4430	0
4431	0
4432	0
4433	0
4434	0
4435	0
4436	0
4437	0
4438	0
4439	0
4440	0
4441	0
4442	0
4443	0
4444	0
4445	0
4446	0
4447	0
4448	0
4449	0
4450	0
4451	0
4452	0
4453	0
4454	0
4455	0
4456	0
4457	0
4458	0
4459	0
4460	0
4461	0
4462	0
4463	0
4464	0
4465	0
4466	0
4467	0
4468	0
4469	0
4470	0
4471	0
4472	0
4473	0
4474	0
4475	0
4476	0
4477	0
4478	0
4479	0
4480	0
4481	0
4482	0
4483	0
4484	0
4485	0
4486	0
4487	0
4488	0
4489	0
4490	0
4491	0
4492	0
4493	0
4494	0
4495	0
4496	0
4497	0
4498	0
4499	0
4500	0
4501	0
4502	0
4503	0
4504	0
4505	0
4506	0
4507	0
4508	0
4509	0
4510	0
4511	0
4512	0
4513	0
4514	0
4515	0
4516	0
4517	0
4518	0
4519	0
4520	0
4521	0
4522	0
4523	0
4524	0
4525	0
4526	0
4527	0
4528	0
4529	0
4530	0
4531	0
4532	0
4533	0
4534	0
4535	0
4536	0
4537	0
4538	0
4539	0
4540	0
4541	0
4542	0
4543	0
4544	0
4545	0
4546	0
4547	0
4548	0
4549	0
4550	0
4551	0
4552	0
4553	0
4554	0
4555	0
4556	0
4557	0
4558	0
4559	0
4560	0
4561	0
4562	0
4563	0
4564	0
4565	0
4566	0
4567	0
4568	0
4569	0
4570	0
4571	0
4572	0
4573	0
4574	0
4575	0
4576	0
4577	0
4578	0
4579	0
4580	0
4581	0
4582	0
4583	0
4584	0
4585	0
4586	0
4587	0
4588	0
4589	0
4590	0
4591	0
4592	0
4593	0
4594	0
4595	0
4596	0
4597	0
4598	0
4599	0
4600	0
4601	0
4602	0
4603	0
4604	0
4605	0
4606	0
4607	0
4608	0
4609	0
4610	0
4611	0
4612	0
4613	0
4614	0
4615	0
4616	0
4617	0
4618	0
4619	0
4620	0
4621	0
4622	0
4623	0
4624	0
4625	0
4626	0
4627	0
4628	0
4629	0
4630	0
4631	0
4632	0
4633	0
4634	0
4635	0
4636	0
4637	0
4638	0
4639	0
4640	0
4641	0
4642	0
4643	0
4644	0
4645	0
4646	0
4647	0
4648	0
4649	0
4650	0
4651	0
4652	0
4653	0
4654	0
4655	0
4656	0
4657	0
4658	0
4659	0
4660	0
4661	0
4662	0
4663	0
4664	0
4665	0
4666	0
4667	0
4668	0
4669	0
4670	0
4671	0
4672	0
4673	0
4674	0
4675	0
4676	0
4677	0
4678	0
4679	0
4680	0
4681	0
4682	0
4683	0
4684	0
4685	0
4686	0
4687	0
4688	0
4689	0
4690	0
4691	0
4692	0
4693	0
4694	0
4695	0
4696	0
4697	0
4698	0
4699	0
4700	0
4701	0
4702	0
4703	0
4704	0
4705	0
4706	0
4707	0
4708	0
4709	0
4710	0
4711	0
4712	0
4713	0
4714	0
4715	0
4716	0
4717	0
4718	0
4719	0
4720	0
4721	0
4722	0
4723	0
4724	0
4725	0
4726	0
4727	0
4728	0
4729	0
4730	0
4731	0
4732	0
4733	0
4734	0
4735	0
4736	0
4737	0
4738	0
4739	0
4740	0
4741	0
4742	0
4743	0
4744	0
4745	0
4746	0
4747	0
4748	0
4749	0
4750	0
4751	0
4752	0
4753	0
4754	0
4755	0
4756	0
4757	0
4758	0
4759	0
4760	0
4761	0
4762	0
4763	0
4764	0
4765	0
4766	0
4767	0
4768	0
4769	0
4770	0
4771	0
4772	0
4773	0
4774	0
4775	0
4776	0
4777	0
4778	0
4779	0
4780	0
4781	0
4782	0
4783	0
4784	0
4785	0
4786	0
4787	0
4788	0
4789	0
4790	0
4791	0
4792	0
4793	0
4794	0
4795	0
4796	0
4797	0
4798	0
4799	0
4800	0
4801	0
4802	0
4803	0
4804	0
4805	0
4806	0
4807	0
4808	0
4809	0
4810	0
4811	0
4812	0
4813	0
4814	0
4815	0
4816	0
4817	0
4818	0
4819	0
4820	0
4821	0
4822	0
4823	0
4824	0
4825	0
4826	0
4827	0
4828	0
4829	0
4830	0
4831	0
4832	0
4833	0
4834	0
4835	0
4836	0
4837	0
4838	0
4839	0
4840	0
4841	0
4842	0
4843	0
4844	0
4845	0
4846	0
4847	0
4848	0
4849	0
4850	0
4851	0
4852	0
4853	0
4854	0
4855	0
4856	0
4857	0
4858	0
4859	0
4860	0
4861	0
4862	0
4863	0
4864	0
4865	0
4866	0
4867	0
4868	0
4869	0
4870	0
4871	0
4872	0
4873	0
4874	0
4875	0
4876	0
4877	0
4878	0
4879	0
4880	0
4881	0
4882	0
4883	0
4884	0
4885	0
4886	0
4887	0
4888	0
4889	0
4890	0
4891	0
4892	0
4893	0
4894	0
4895	0
4896	0
4897	0
4898	0
4899	0
4900	0
4901	0
4902	0
4903	0
4904	0
4905	0
4906	0
4907	0
4908	0
4909	0
4910	0
4911	0
4912	0
4913	0
4914	0
4915	0
4916	0
4917	0
4918	0
4919	0
4920	0
4921	0
4922	0
4923	0
4924	0
4925	0
4926	0
4927	0
4928	0
4929	0
4930	0
4931	0
4932	0
4933	0
4934	0
4935	0
4936	0
4937	0
4938	0
4939	0
4940	0
4941	0
4942	0
4943	0
4944	0
4945	0
4946	0
4947	0
4948	0
4949	0
4950	0
4951	0
4952	0
4953	0
4954	0
4955	0
4956	0
4957	0
4958	0
4959	0
4960	0
4961	0
4962	0
4963	0
4964	0
4965	0
4966	0
4967	0
4968	0
4969	0
4970	0
4971	0
4972	0
4973	0
4974	0
4975	0
4976	0
4977	0
4978	0
4979	0
4980	0
4981	0
4982	0
4983	0
4984	0
4985	0
4986	0
4987	0
4988	0
4989	0
4990	0
4991	0
4992	0
4993	0
4994	0
4995	0
4996	0
4997	0
4998	0
4999	0
5000	0
