k	pvalue
0	1
1	1
2	1
3	1
4	1
5	1
6	1
7	1
8	1
9	1
10	1
11	1
12	1
13	1
14	1
15	1
16	1
17	1
18	1
19	1
20	1
21	1
22	1
23	1
24	1
25	1
26	1
27	1
28	1
29	1
30	1
31	1
32	1
33	1
34	1
35	1
36	1
37	1
38	1
39	1
40	1
41	1
42	1
43	1
44	1
45	1
46	1
47	1
48	1
49	1
50	1
51	1
52	1
53	1
54	1
55	1
56	1
57	1
58	1
59	1
60	1
61	1
62	1
63	1
64	1
65	1
66	1
67	1
68	1
69	1
70	1
71	1
72	1
73	1
74	1
75	1
76	1
77	1
78	1
79	1
80	1
81	1
82	1
83	1
84	1
85	1
86	1
87	1
88	1
89	1
90	1
91	1
92	1
93	1
94	1
95	1
96	1
97	1
98	1
99	1
100	1
101	1
102	1
103	1
104	1
105	1
106	1
107	1
108	1
109	1
110	1
111	1
112	1
113	1
114	1
115	1
116	1
117	1
118	1
119	1
120	1
121	1
122	1
123	1
124	1
125	1
126	1
127	1
128	1
129	1
130	1
131	1
132	1
133	1
134	1
135	1
136	1
137	1
138	1
139	1
140	1
141	1
142	1
143	1
144	1
145	1
146	1
147	1
148	1
149	1
150	1
151	1
152	1
153	1
154	1
155	1
156	1
157	1
158	1
159	1
160	1
161	1
162	1
163	1
164	1
165	1
166	1
167	1
168	1
169	1
170	1
171	1
172	1
173	1
174	1
175	1
176	1
177	1
178	1
179	1
180	1
181	1
182	1
183	1
184	1
185	1
186	1
187	1
188	1
189	1
190	1
191	1
192	1
193	1
194	1
195	1
196	1
197	1
198	1
199	1
200	1
201	1
202	1
203	1
204	1
205	1
206	1
207	1
208	1
209	1
210	1
211	1
212	1
213	1
214	1
215	1
216	1
217	1
218	1
219	1
220	1
221	1
222	1
223	1
224	1
225	1
226	1
227	1
228	1
229	1
230	1
231	1
232	1
233	1
234	1
235	1
236	1
237	1
238	1
239	1
240	1
241	1
242	1
243	1
244	1
245	1
246	1
247	1
248	1
249	1
250	1
251	1
252	1
253	1
254	1
255	1
256	1
257	1
258	1
259	1
260	1
261	1
262	1
263	1
264	1
265	1
266	1
267	1
268	1
269	1
270	1
271	1
272	1
273	1
274	1
275	1
276	1
277	1
278	1
279	1
280	1
281	1
282	1
283	1
284	1
285	1
286	1
287	1
288	1
289	1
290	1
291	1
292	1
293	1
294	1
295	1
296	1
297	1
298	1
299	1
300	1
301	1
302	1
303	1
304	1
305	1
306	1
307	1
308	1
309	1
310	1
311	1
312	1
313	1
314	1
315	1
316	1
317	1
318	1
319	1
320	1
321	1
322	1
323	1
324	1
325	1
326	1
327	1
328	1
329	1
330	1
331	1
332	1
333	1
334	1
335	1
336	1
337	1
338	1
339	1
340	1
341	1
342	1
343	1
344	1
345	1
346	1
347	1
348	1
349	1
350	1
351	1
352	1
353	1
354	1
355	1
356	1
357	1
358	1
359	1
360	1
361	1
362	1
363	1
364	1
365	1
366	1
367	1
368	1
369	1
370	1
371	1
372	1
373	1
374	1
375	1
376	1
377	1
378	1
379	1
380	1
381	1
382	1
383	1
384	1
385	1
386	1
387	1
388	1
389	1
390	1
391	1
392	1
393	1
394	1
395	1
396	1
397	1
398	1
399	1
400	1
401	1
402	1
403	1
404	1
405	1
406	1
407	1
408	1
409	1
410	1
411	1
412	1
413	1
414	1
415	1
416	1
417	1
418	1
419	1
420	1
421	1
422	1
423	1
424	1
425	1
426	1
427	1
428	1
429	1
430	1
431	1
432	1
433	1
434	1
435	1
436	1
437	1
438	1
439	1
440	1
441	1
442	1
443	1
444	1
445	1
446	1
447	1
448	1
449	1
450	1
451	1
452	1
453	1
454	1
455	1
456	1
457	1
458	1
459	1
460	1
461	1
462	1
463	1
464	1
465	1
466	1
467	1
468	1
469	1
470	1
471	1
472	1
473	1
474	1
475	1
476	1
477	1
478	1
479	1
480	1
481	1
482	1
483	1
484	1
485	1
486	1
487	1
488	1
489	1
490	1
491	1
492	1
493	1
494	1
495	1
496	1
497	1
498	1
499	1
500	1
501	1
502	1
503	1
504	1
505	1
506	1
507	1
508	1
509	1
510	1
511	1
512	1
513	1
514	1
515	1
516	1
517	1
518	1
519	1
520	1
521	1
522	1
523	1
524	1
525	1
526	1
527	1
528	1
529	1
530	1
531	1
532	1
533	1
534	1
535	1
536	1
537	1
538	1
539	1
540	1
541	1
542	1
543	1
544	1
545	1
546	1
547	1
548	1
549	1
550	1
551	1
552	1
553	1
554	1
555	1
556	1
557	1
558	1
559	1
560	1
561	1
562	1
563	1
564	1
565	1
566	1
567	1
568	1
569	1
570	1
571	1
572	1
573	1
574	1
575	1
576	1
577	1
578	1
579	1
580	1
581	1
582	1
583	1
584	1
585	1
586	1
587	1
588	1
589	1
590	1
591	1
592	1
593	1
594	1
595	1
596	1
597	1
598	1
599	1
600	1
601	1
602	1
603	1
604	1
605	1
606	1
607	1
608	1
609	1
610	1
611	1
612	1
613	1
614	1
615	1
616	1
617	1
618	1
619	1
620	1
621	1
622	1
623	1
624	1
625	1
626	1
627	1
628	1
629	1
630	1
631	1
632	1
633	1
634	1
635	1
636	1
637	1
638	1
639	1
640	1
641	1
642	1
643	1
644	1
645	1
646	1
647	1
648	1
649	1
650	1
651	1
652	1
653	1
654	1
655	1
656	1
657	1
658	1
659	1
660	1
661	1
662	1
663	1
664	1
665	1
666	1
667	1
668	1
669	1
670	1
671	1
672	1
673	1
674	1
675	1
676	1
677	1
678	1
679	1
680	1
681	1
682	1
683	1
684	1
685	1
686	1
687	1
688	1
689	1
690	1
691	1
692	1
693	1
694	1
695	1
696	1
697	1
698	1
699	1
700	1
701	1
702	1
703	1
704	1
705	1
706	1
707	1
708	1
709	1
710	1
711	1
712	1
713	1
714	1
715	1
716	1
717	1
718	1
719	1
720	1
721	1
722	1
723	1
724	1
725	1
726	1
727	1
728	1
729	1
730	1
731	1
732	1
733	1
734	1
735	1
736	1
737	1
738	1
739	1
740	1
741	1
742	1
743	1
744	1
745	1
746	1
747	1
748	1
749	1
750	1
751	1
752	1
753	1
754	1
755	1
756	1
757	1
758	1
759	1
760	1
761	1
762	1
763	1
764	1
765	1
766	1
767	1
768	1
769	1
770	1
771	1
772	1
773	1
774	1
775	1
776	1
777	1
778	1
779	1
780	1
781	1
782	1
783	1
784	1
785	1
786	1
787	1
788	1
789	1
790	1
791	1
792	1
793	1
794	1
795	1
796	1
797	1
798	1
799	1
800	1
801	1
802	1
803	1
804	1
805	1
806	1
807	1
808	1
809	1
810	1
811	1
812	1
813	1
814	1
815	1
816	1
817	1
818	1
819	1
820	1
821	1
822	1
823	1
824	1
825	1
826	1
827	1
828	1
829	1
830	1
831	1
832	1
833	1
834	1
835	1
836	1
837	1
838	1
839	1
840	1
841	1
842	1
843	1
844	1
845	1
846	1
847	1
848	1
849	1
850	1
851	1
852	1
853	1
854	1
855	1
856	1
857	1
858	1
859	1
860	1
861	1
862	1
863	1
864	1
865	1
866	1
867	1
868	1
869	1
870	1
871	1
872	1
873	1
874	1
875	1
876	1
877	1
878	1
879	1
880	1
881	1
882	1
883	1
884	1
885	1
886	1
887	1
888	1
889	1
890	1
891	1
892	1
893	1
894	1
895	1
896	1
897	1
898	1
899	1
900	1
901	1
902	1
903	1
904	1
905	1
906	1
907	1
908	1
909	1
910	1
911	1
912	1
913	1
914	1
915	1
916	1
917	1
918	1
919	1
920	1
921	1
922	1
923	1
924	1
925	1
926	1
927	1
928	1
929	1
930	1
931	1
932	1
933	1
934	1
935	1
936	1
937	1
938	1
939	1
940	1
941	1
942	1
943	1
944	1
945	1
946	1
947	1
948	1
949	1
950	1
951	1
952	1
953	1
954	1
955	1
956	1
957	1
958	1
959	1
960	1
961	1
962	1
963	1
964	1
965	1
966	1
967	1
968	1
969	1
970	1
971	1
972	1
973	1
974	1
975	1
976	1
977	1
978	1
979	1
980	1
981	1
982	1
983	1
984	1
985	1
986	1
987	1
988	1
989	1
990	1
991	1
992	1
993	1
994	1
995	1
996	1
997	1
998	1
999	1
1000	1
1001	1
1002	1
1003	1
1004	1
1005	1
1006	1
1007	1
1008	1
1009	1
1010	1
1011	1
1012	1
1013	1
1014	1
1015	1
1016	1
1017	1
1018	1
1019	1
1020	1
1021	1
1022	1
1023	1
1024	1
1025	1
1026	1
1027	1
1028	1
1029	1
1030	1
1031	1
1032	1
1033	1
1034	1
1035	1
1036	1
1037	1
1038	1
1039	1
1040	1
1041	1
1042	1
1043	1
1044	1
1045	1
1046	1
1047	1
1048	1
1049	1
1050	1
1051	1
1052	1
1053	1
1054	1
1055	1
1056	1
1057	1
1058	1
1059	1
1060	1
1061	1
1062	1
1063	1
1064	1
1065	1
1066	1
1067	1
1068	1
1069	1
1070	1
1071	1
1072	1
1073	1
1074	1
1075	1
1076	1
1077	1
1078	1
1079	1
1080	1
1081	1
1082	1
1083	1
1084	1
1085	1
1086	1
1087	1
1088	1
1089	1
1090	1
1091	1
1092	1
1093	1
1094	1
1095	1
1096	1
1097	1
1098	1
1099	1
1100	1
1101	1
1102	1
1103	1
1104	1
1105	1
1106	1
1107	1
1108	1
1109	1
1110	1
1111	1
1112	1
1113	1
1114	1
1115	1
1116	1
1117	1
1118	1
1119	1
1120	1
1121	1
1122	1
1123	1
1124	1
1125	1
1126	1
1127	1
1128	1
1129	1
1130	1
1131	1
1132	1
1133	1
1134	1
1135	1
1136	1
1137	1
1138	1
1139	1
1140	1
1141	1
1142	1
1143	1
1144	1
1145	1
1146	1
1147	1
1148	1
1149	1
1150	1
1151	1
1152	1
1153	1
1154	1
1155	1
1156	1
1157	1
1158	1
1159	1
1160	1
1161	1
1162	1
1163	1
1164	1
1165	1
1166	1
1167	1
1168	1
1169	1
1170	1
1171	1
1172	1
1173	1
1174	1
1175	1
1176	1
1177	1
1178	1
1179	1
1180	1
1181	1
1182	1
1183	1
1184	1
1185	1
1186	1
1187	1
1188	1
1189	1
1190	1
1191	1
1192	1
1193	1
1194	1
1195	1
1196	1
1197	1
1198	1
1199	1
1200	1
1201	1
1202	1
1203	1
1204	1
1205	1
1206	1
1207	1
1208	1
1209	1
1210	1
1211	1
1212	1
1213	1
1214	1
1215	1
1216	1
1217	1
1218	1
1219	1
1220	1
1221	1
1222	1
1223	1
1224	1
1225	1
1226	1
1227	1
1228	1
1229	1
1230	1
1231	1
1232	1
1233	1
1234	1
1235	1
1236	1
1237	1
1238	1
1239	1
1240	1
1241	1
1242	1
1243	1
1244	1
1245	1
1246	1
1247	1
1248	1
1249	1
1250	1
1251	1
1252	1
1253	1
1254	1
1255	1
1256	1
1257	1
1258	1
1259	1
1260	1
1261	1
1262	1
1263	1
1264	1
1265	1
1266	1
1267	1
1268	1
1269	1
1270	1
1271	1
1272	1
1273	1
1274	1
1275	1
1276	1
1277	1
1278	1
1279	1
1280	1
1281	1
1282	1
1283	1
1284	1
1285	1
1286	1
1287	1
1288	1
1289	1
1290	1
1291	1
1292	1
1293	1
1294	1
1295	1
1296	1
1297	1
1298	1
1299	1
1300	1
1301	1
1302	1
1303	1
1304	1
1305	1
1306	1
1307	1
1308	1
1309	1
1310	1
1311	1
1312	1
1313	1
1314	1
1315	1
1316	1
1317	1
1318	1
1319	1
1320	1
1321	1
1322	1
1323	1
1324	1
1325	1
1326	1
1327	1
1328	1
1329	1
1330	1
1331	1
1332	1
1333	1
1334	1
1335	1
1336	1
1337	1
1338	1
1339	1
1340	1
1341	1
1342	1
1343	1
1344	1
1345	1
1346	1
1347	1
1348	1
1349	1
1350	1
1351	1
1352	1
1353	1
1354	1
1355	1
1356	1
1357	1
1358	1
1359	1
1360	1
1361	1
1362	1
1363	1
1364	1
1365	1
1366	1
1367	1
1368	1
1369	1
1370	1
1371	1
1372	1
1373	1
1374	1
1375	1
1376	1
1377	1
1378	1
1379	1
1380	1
1381	1
1382	1
1383	1
1384	1
1385	1
1386	1
1387	1
1388	1
1389	1
1390	1
1391	1
1392	1
1393	1
1394	1
1395	1
1396	1
1397	1
1398	1
1399	1
1400	1
1401	1
1402	1
1403	1
1404	1
1405	1
1406	1
1407	1
1408	1
1409	1
1410	1
1411	1
1412	1
1413	1
1414	1
1415	1
1416	1
1417	1
1418	1
1419	1
1420	1
1421	1
1422	1
1423	1
1424	1
1425	1
1426	1
1427	1
1428	1
1429	1
1430	1
1431	1
1432	1
1433	1
1434	1
1435	1
1436	1
1437	1
1438	1
1439	1
1440	1
1441	1
1442	1
1443	1
1444	1
1445	1
1446	1
1447	1
1448	1
1449	1
1450	1
1451	1
1452	1
1453	1
1454	1
1455	1
1456	1
1457	0.999999
1458	0.999999
1459	0.999999
1460	0.999999
1461	0.999999
1462	0.999999
1463	0.999998
1464	0.999998
1465	0.999997
1466	0.999997
1467	0.999996
1468	0.999995
1469	0.999994
1470	0.999993
1471	0.999992
1472	0.99999
1473	0.999988
1474	0.999985
1475	0.999983
1476	0.999979
1477	0.999975
1478	0.999971
1479	0.999965
1480	0.999958
1481	0.999951
1482	0.999942
1483	0.999931
1484	0.999919
1485	0.999904
1486	0.999888
1487	0.999868
1488	0.999846
1489	0.999819
1490	0.999789
1491	0.999754
1492	0.999713
1493	0.999667
1494	0.999613
1495	0.999551
1496	0.999481
1497	0.9994
1498	0.999308
1499	0.999203
1500	0.999083
1501	0.998947
1502	0.998793
1503	0.998619
1504	0.998421
1505	0.998198
1506	0.997947
1507	0.997664
1508	0.997347
1509	0.99699
1510	0.996592
1511	0.996146
1512	0.995649
1513	0.995096
1514	0.99448
1515	0.993796
1516	0.993039
1517	0.9922
1518	0.991275
1519	0.990254
1520	0.98913
1521	0.987894
1522	0.986539
1523	0.985054
1524	0.98343
1525	0.981658
1526	0.979726
1527	0.977624
1528	0.975341
1529	0.972865
1530	0.970185
1531	0.967289
1532	0.964163
1533	0.960797
1534	0.957178
1535	0.953292
1536	0.949128
1537	0.944673
1538	0.939915
1539	0.934841
1540	0.929441
1541	0.923702
1542	0.917614
1543	0.911166
1544	0.904348
1545	0.897153
1546	0.88957
1547	0.881594
1548	0.873218
1549	0.864437
1550	0.855246
1551	0.845644
1552	0.835628
1553	0.825199
1554	0.814358
1555	0.803107
1556	0.791452
1557	0.779397
1558	0.766951
1559	0.754123
1560	0.740924
1561	0.727365
1562	0.713461
1563	0.699227
1564	0.684681
1565	0.66984
1566	0.654725
1567	0.639357
1568	0.623758
1569	0.607952
1570	0.591963
1571	0.575818
1572	0.559541
1573	0.543161
1574	0.526705
1575	0.510201
1576	0.493677
1577	0.477161
1578	0.460682
1579	0.444268
1580	0.427946
1581	0.411745
1582	0.395689
1583	0.379807
1584	0.364123
1585	0.34866
1586	0.333443
1587	0.318493
1588	0.30383
1589	0.289474
1590	0.275443
1591	0.261753
1592	0.248418
1593	0.235453
1594	0.222868
1595	0.210674
1596	0.198878
1597	0.187487
1598	0.176508
1599	0.165942
1600	0.155792
1601	0.146059
1602	0.136742
1603	0.127838
1604	0.119344
1605	0.111254
1606	0.103564
1607	0.0962664
1608	0.0893526
1609	0.0828141
1610	0.0766413
1611	0.0708239
1612	0.065351
1613	0.0602112
1614	0.0553927
1615	0.0508831
1616	0.0466701
1617	0.0427411
1618	0.0390833
1619	0.035684
1620	0.0325303
1621	0.0296098
1622	0.0269098
1623	0.0244181
1624	0.0221227
1625	0.0200118
1626	0.0180739
1627	0.0162981
1628	0.0146737
1629	0.0131902
1630	0.011838
1631	0.0106075
1632	0.00948973
1633	0.0084762
1634	0.0075588
1635	0.00672986
1636	0.00598217
1637	0.00530897
1638	0.00470391
1639	0.00416104
1640	0.00367484
1641	0.00324015
1642	0.00285222
1643	0.00250663
1644	0.00219929
1645	0.00192647
1646	0.00168471
1647	0.00147085
1648	0.00128202
1649	0.00111558
1650	0.000969137
1651	0.000840515
1652	0.000727749
1653	0.000629059
1654	0.000542843
1655	0.000467659
1656	0.000402211
1657	0.00034534
1658	0.000296011
1659	0.000253301
1660	0.000216386
1661	0.000184538
1662	0.000157111
1663	0.000133533
1664	0.0001133
1665	9.59695e-05
1666	8.11509e-05
1667	6.85032e-05
1668	5.77278e-05
1669	4.85639e-05
1670	4.07847e-05
1671	3.41926e-05
1672	2.86168e-05
1673	2.39089e-05
1674	1.9941e-05
1675	1.66029e-05
1676	1.37997e-05
1677	1.14499e-05
1678	9.48375e-06
1679	7.84156e-06
1680	6.47246e-06
1681	5.33309e-06
1682	4.38662e-06
1683	3.60183e-06
1684	2.95227e-06
1685	2.41561e-06
1686	1.97305e-06
1687	1.60874e-06
1688	1.30939e-06
1689	1.06387e-06
1690	8.62864e-07
1691	6.98603e-07
1692	5.64613e-07
1693	4.55516e-07
1694	3.66849e-07
1695	2.94918e-07
1696	2.36671e-07
1697	1.8959e-07
1698	1.51606e-07
1699	1.21016e-07
1700	9.64261e-08
1701	7.66959e-08
1702	6.08939e-08
1703	4.82613e-08
1704	3.81809e-08
1705	3.0152e-08
1706	2.37688e-08
1707	1.87033e-08
1708	1.46909e-08
1709	1.15185e-08
1710	9.01492e-09
1711	7.0428e-09
1712	5.49218e-09
1713	4.27522e-09
1714	3.32191e-09
1715	2.5765e-09
1716	1.99474e-09
1717	1.54154e-09
1718	1.18914e-09
1719	9.15637e-10
1720	7.03757e-10
1721	5.39923e-10
1722	4.13474e-10
1723	3.16062e-10
1724	2.41159e-10
1725	1.83671e-10
1726	1.39631e-10
1727	1.05956e-10
1728	8.02559e-11
1729	6.06778e-11
1730	4.57914e-11
1731	3.44937e-11
1732	2.59356e-11
1733	1.94649e-11
1734	1.45816e-11
1735	1.09033e-11
1736	8.13784e-12
1737	6.06256e-12
1738	4.50816e-12
1739	3.34608e-12
1740	2.47896e-12
1741	1.83314e-12
1742	1.35305e-12
1743	9.96837e-13
1744	7.33037e-13
1745	5.38045e-13
1746	3.94186e-13
1747	2.88252e-13
1748	2.10393e-13
1749	1.53278e-13
1750	1.11458e-13
1751	8.08969e-14
1752	5.86053e-14
1753	4.23766e-14
1754	3.05843e-14
1755	2.2032e-14
1756	1.58414e-14
1757	1.13687e-14
1758	8.14352e-15
1759	5.82226e-15
1760	4.1548e-15
1761	2.95929e-15
1762	2.10379e-15
1763	1.49277e-15
1764	1.05721e-15
1765	7.47316e-16
1766	5.27256e-16
1767	3.71289e-16
1768	2.60961e-16
1769	1.83068e-16
1770	1.2818e-16
1771	8.95772e-17
1772	6.24806e-17
1773	4.34973e-17
1774	3.02237e-17
1775	2.09604e-17
1776	1.45084e-17
1777	1.00232e-17
1778	6.91123e-18
1779	4.75631e-18
1780	3.26699e-18
1781	2.2397e-18
1782	1.53247e-18
1783	1.04654e-18
1784	7.13316e-19
1785	4.85251e-19
1786	3.29465e-19
1787	2.2326e-19
1788	1.50998e-19
1789	1.01926e-19
1790	6.86682e-20
1791	4.61723e-20
1792	3.09857e-20
1793	2.07536e-20
1794	1.38733e-20
1795	9.25585e-21
1796	6.16317e-21
1797	4.09583e-21
1798	2.71662e-21
1799	1.79831e-21
1800	1.18809e-21
1801	7.83389e-22
1802	5.15529e-22
1803	3.3859e-22
1804	2.21942e-22
1805	1.45194e-22
1806	9.47981e-23
1807	6.17722e-23
1808	4.01723e-23
1809	2.60736e-23
1810	1.68894e-23
1811	1.09186e-23
1812	7.04461e-24
1813	4.53611e-24
1814	2.91505e-24
1815	1.86958e-24
1816	1.19667e-24
1817	7.64435e-25
1818	4.87347e-25
1819	3.10076e-25
1820	1.96892e-25
1821	1.24772e-25
1822	7.89111e-26
1823	4.98065e-26
1824	3.13734e-26
1825	1.97225e-26
1826	1.23734e-26
1827	7.74716e-27
1828	4.84082e-27
1829	3.01869e-27
1830	1.87862e-27
1831	1.16676e-27
1832	7.23177e-28
1833	4.47329e-28
1834	2.76139e-28
1835	1.70117e-28
1836	1.04588e-28
1837	6.41703e-29
1838	3.92917e-29
1839	2.40094e-29
1840	1.46412e-29
1841	8.91009e-30
1842	5.41127e-30
1843	3.27965e-30
1844	1.98365e-30
1845	1.19732e-30
1846	7.21217e-31
1847	4.33537e-31
1848	2.60072e-31
1849	1.55692e-31
1850	9.30123e-32
1851	5.54523e-32
1852	3.29914e-32
1853	1.95876e-32
1854	1.16055e-32
1855	6.86193e-33
1856	4.0488e-33
1857	2.38398e-33
1858	1.4008e-33
1859	8.21384e-34
1860	4.80629e-34
1861	2.80652e-34
1862	1.63537e-34
1863	9.50952e-35
1864	5.51812e-35
1865	3.19531e-35
1866	1.84639e-35
1867	1.06469e-35
1868	6.12641e-36
1869	3.51784e-36
1870	2.01573e-36
1871	1.15258e-36
1872	6.57646e-37
1873	3.74451e-37
1874	2.12755e-37
1875	1.20627e-37
1876	6.82473e-38
1877	3.85306e-38
1878	2.17071e-38
1879	1.22032e-38
1880	6.84575e-39
1881	3.83214e-39
1882	2.14059e-39
1883	1.19316e-39
1884	6.63641e-40
1885	3.6833e-40
1886	2.0399e-40
1887	1.12733e-40
1888	6.21664e-41
1889	3.42079e-41
1890	1.87829e-41
1891	1.02911e-41
1892	5.62626e-42
1893	3.06931e-42
1894	1.67079e-42
1895	9.07531e-43
1896	4.91879e-43
1897	2.66019e-43
1898	1.43556e-43
1899	7.7301e-44
1900	4.15338e-44
1901	2.22675e-44
1902	1.19122e-44
1903	6.35859e-45
1904	3.38672e-45
1905	1.79989e-45
1906	9.54462e-46
1907	5.0503e-46
1908	2.66636e-46
1909	1.40464e-46
1910	7.38334e-47
1911	3.87241e-47
1912	2.02652e-47
1913	1.05817e-47
1914	5.51317e-48
1915	2.86604e-48
1916	1.48661e-48
1917	7.6939e-49
1918	3.97309e-49
1919	2.04712e-49
1920	1.05241e-49
1921	5.39834e-50
1922	2.76288e-50
1923	1.41088e-50
1924	7.18858e-51
1925	3.65444e-51
1926	1.85363e-51
1927	9.38091e-52
1928	4.73684e-52
1929	2.38645e-52
1930	1.19959e-52
1931	6.01634e-53
1932	3.01055e-53
1933	1.50306e-53
1934	7.48717e-54
1935	3.7211e-54
1936	1.84517e-54
1937	9.12876e-55
1938	4.50603e-55
1939	2.21914e-55
1940	1.09038e-55
1941	5.3454e-56
1942	2.61447e-56
1943	1.27582e-56
1944	6.21146e-57
1945	3.01716e-57
1946	1.46218e-57
1947	7.06969e-58
1948	3.41032e-58
1949	1.64129e-58
1950	7.88071e-59
1951	3.77518e-59
1952	1.80427e-59
1953	8.60305e-60
1954	4.09252e-60
1955	1.9423e-60
1956	9.19655e-61
1957	4.34428e-61
1958	2.04735e-61
1959	9.62603e-62
1960	4.51524e-62
1961	2.11297e-62
1962	9.86463e-63
1963	4.59456e-63
1964	2.13492e-63
1965	9.89668e-64
1966	4.57687e-64
1967	2.11163e-64
1968	9.71928e-65
1969	4.4629e-65
1970	2.0444e-65
1971	9.3428e-66
1972	4.25942e-66
1973	1.93725e-66
1974	8.7898e-67
1975	3.9786e-67
1976	1.79655e-67
1977	8.09284e-68
1978	3.63678e-68
1979	1.63036e-68
1980	7.29125e-69
1981	3.25289e-69
1982	1.44771e-69
1983	6.42751e-70
1984	2.84674e-70
1985	1.25775e-70
1986	5.54348e-71
1987	2.43731e-71
1988	1.069e-71
1989	4.67712e-72
1990	2.04134e-72
1991	8.88766e-73
1992	3.86003e-73
1993	1.67234e-73
1994	7.22746e-74
1995	3.11584e-74
1996	1.33995e-74
1997	5.74815e-75
1998	2.45974e-75
1999	1.04995e-75
2000	4.47066e-76
2001	1.89884e-76
2002	8.04495e-77
2003	3.39994e-77
2004	1.43328e-77
2005	6.02703e-78
2006	2.52804e-78
2007	1.05772e-78
2008	4.41435e-79
2009	1.83766e-79
2010	7.63071e-80
2011	3.16058e-80
2012	1.30577e-80
2013	5.38101e-81
2014	2.21186e-81
2015	9.06868e-82
2016	3.70871e-82
2017	1.51284e-82
2018	6.15532e-83
2019	2.49802e-83
2020	1.01117e-83
2021	4.08262e-84
2022	1.64412e-84
2023	6.60401e-85
2024	2.64582e-85
2025	1.05727e-85
2026	4.21396e-86
2027	1.6752e-86
2028	6.64218e-87
2029	2.62679e-87
2030	1.03611e-87
2031	4.07617e-88
2032	1.59942e-88
2033	6.2594e-89
2034	2.44322e-89
2035	9.51153e-90
2036	3.69312e-90
2037	1.43018e-90
2038	5.52381e-91
2039	2.12783e-91
2040	8.17492e-92
2041	3.13239e-92
2042	1.19705e-92
2043	4.56237e-93
2044	1.73424e-93
2045	6.57454e-94
2046	2.48575e-94
2047	9.37312e-95
2048	3.52487e-95
2049	1.322e-95
2050	4.94479e-96
2051	1.84455e-96
2052	6.8621e-97
2053	2.54592e-97
2054	9.42006e-98
2055	3.476e-98
2056	1.27915e-98
2057	4.69436e-99
2058	1.71808e-99
2059	6.27074e-100
2060	2.28245e-100
2061	8.28494e-101
2062	2.99903e-101
2063	1.08261e-101
2064	3.89729e-102
2065	1.3991e-102
2066	5.00875e-103
2067	1.78814e-103
2068	6.36598e-104
2069	2.26003e-104
2070	8.00112e-105
2071	2.82468e-105
2072	9.94417e-106
2073	3.49097e-106
2074	1.22208e-106
2075	4.26608e-107
2076	1.48501e-107
2077	5.15463e-108
2078	1.78416e-108
2079	6.15794e-109
2080	2.11933e-109
2081	7.27315e-110
2082	2.48888e-110
2083	8.49259e-111
2084	2.88954e-111
2085	9.80323e-112
2086	3.31633e-112
2087	1.11864e-112
2088	3.76242e-113
2089	1.26178e-113
2090	4.2193e-114
2091	1.4068e-114
2092	4.67689e-115
2093	1.55029e-115
2094	5.12386e-116
2095	1.68852e-116
2096	5.54805e-117
2097	1.81758e-117
2098	5.93698e-118
2099	1.93354e-118
2100	6.27846e-119
2101	2.03266e-119
2102	6.56118e-120
2103	2.11157e-120
2104	6.77534e-121
2105	2.16749e-121
2106	6.91321e-122
2107	2.19835e-122
2108	6.96956e-123
2109	2.20294e-123
2110	6.94203e-124
2111	2.18099e-124
2112	6.83128e-125
2113	2.13318e-125
2114	6.64094e-126
2115	2.06112e-126
2116	6.37743e-127
2117	1.96723e-127
2118	6.04963e-128
2119	1.85466e-128
2120	5.66834e-129
2121	1.72704e-129
2122	5.2457e-130
2123	1.58837e-130
2124	4.79455e-131
2125	1.44274e-131
2126	4.3278e-132
2127	1.29415e-132
2128	3.85776e-133
2129	1.14635e-133
2130	3.39569e-134
2131	1.00269e-134
2132	2.95137e-135
2133	8.65966e-136
2134	2.53276e-136
2135	7.38415e-137
2136	2.14594e-137
2137	6.2164e-138
2138	1.795e-138
2139	5.16644e-139
2140	1.48222e-139
2141	4.23868e-140
2142	1.2082e-140
2143	3.43267e-141
2144	9.72097e-142
2145	2.7439e-142
2146	7.71975e-143
2147	2.16478e-143
2148	6.05052e-144
2149	1.68554e-144
2150	4.68004e-145
2151	1.29515e-145
2152	3.5723e-146
2153	9.82039e-147
2154	2.69066e-147
2155	7.34744e-148
2156	1.99966e-148
2157	5.42392e-149
2158	1.46625e-149
2159	3.95033e-150
2160	1.06069e-150
2161	2.83836e-151
2162	7.5695e-152
2163	2.0118e-152
2164	5.32863e-153
2165	1.40655e-153
2166	3.70001e-154
2167	9.69958e-155
2168	2.53396e-155
2169	6.59695e-156
2170	1.7115e-156
2171	4.42483e-157
2172	1.13999e-157
2173	2.92673e-158
2174	7.48757e-159
2175	1.90884e-159
2176	4.84916e-160
2177	1.22751e-160
2178	3.09631e-161
2179	7.78249e-162
2180	1.94914e-162
2181	4.86424e-163
2182	1.20957e-163
2183	2.99697e-164
2184	7.39894e-165
2185	1.82007e-165
2186	4.46098e-166
2187	1.08942e-166
2188	2.6508e-167
2189	6.42645e-168
2190	1.5523e-168
2191	3.73579e-169
2192	8.95755e-170
2193	2.13989e-170
2194	5.09312e-171
2195	1.20771e-171
2196	2.85315e-172
2197	6.71524e-173
2198	1.57461e-173
2199	3.67832e-174
2200	8.56034e-175
2201	1.98468e-175
2202	4.58399e-176
2203	1.05474e-176
2204	2.41764e-177
2205	5.52049e-178
2206	1.25573e-178
2207	2.84542e-179
2208	6.42274e-180
2209	1.44416e-180
2210	3.23461e-181
2211	7.21672e-182
2212	1.60384e-182
2213	3.55045e-183
2214	7.82886e-184
2215	1.7195e-184
2216	3.76176e-185
2217	8.19706e-186
2218	1.77909e-186
2219	3.84597e-187
2220	8.28087e-188
2221	1.77584e-188
2222	3.793e-189
2223	8.06877e-190
2224	1.70952e-190
2225	3.60723e-191
2226	7.58061e-192
2227	1.58657e-192
2228	3.30697e-193
2229	6.86458e-194
2230	1.41907e-194
2231	2.92144e-195
2232	5.98939e-196
2233	1.22281e-196
2234	2.48608e-197
2235	5.03328e-198
2236	1.01474e-198
2237	2.03717e-199
2238	4.07246e-200
2239	8.10659e-201
2240	1.60682e-201
2241	3.17128e-202
2242	6.23211e-203
2243	1.21945e-203
2244	2.37582e-204
2245	4.60868e-205
2246	8.90118e-206
2247	1.71167e-206
2248	3.27708e-207
2249	6.24656e-208
2250	1.18543e-208
2251	2.23968e-209
2252	4.21272e-210
2253	7.8886e-211
2254	1.47059e-211
2255	2.72915e-212
2256	5.04201e-213
2257	9.27282e-214
2258	1.69764e-214
2259	3.09383e-215
2260	5.61252e-216
2261	1.0135e-216
2262	1.82172e-217
2263	3.25933e-218
2264	5.80439e-219
2265	1.02886e-219
2266	1.81519e-220
2267	3.18747e-221
2268	5.5708e-222
2269	9.69017e-223
2270	1.67756e-223
2271	2.89035e-224
2272	4.95611e-225
2273	8.45745e-226
2274	1.43628e-226
2275	2.42734e-227
2276	4.08232e-228
2277	6.83216e-229
2278	1.13783e-229
2279	1.88562e-230
2280	3.10942e-231
2281	5.10208e-232
2282	8.33002e-233
2283	1.35322e-233
2284	2.18727e-234
2285	3.51758e-235
2286	5.62833e-236
2287	8.95986e-237
2288	1.41906e-237
2289	2.23597e-238
2290	3.50501e-239
2291	5.4659e-240
2292	8.47952e-241
2293	1.30861e-241
2294	2.00894e-242
2295	3.06783e-243
2296	4.66009e-244
2297	7.04118e-245
2298	1.05821e-245
2299	1.58187e-246
2300	2.35192e-247
2301	3.47793e-248
2302	5.1151e-249
2303	7.48189e-250
2304	1.08838e-250
2305	1.57455e-251
2306	2.26527e-252
2307	3.24088e-253
2308	4.61078e-254
2309	6.52292e-255
2310	9.17603e-256
2311	1.28351e-256
2312	1.78512e-257
2313	2.46856e-258
2314	3.39403e-259
2315	4.63952e-260
2316	6.30525e-261
2317	8.51903e-262
2318	1.14426e-262
2319	1.5279e-263
2320	2.02807e-264
2321	2.67596e-265
2322	3.5097e-266
2323	4.57553e-267
2324	5.92898e-268
2325	7.63611e-269
2326	9.77469e-270
2327	1.24354e-270
2328	1.57227e-271
2329	1.97556e-272
2330	2.46681e-273
2331	3.0609e-274
2332	3.7741e-275
2333	4.62398e-276
2334	5.62911e-277
2335	6.80878e-278
2336	8.18258e-279
2337	9.7698e-280
2338	1.15888e-280
2339	1.36564e-281
2340	1.59867e-282
2341	1.85904e-283
2342	2.1474e-284
2343	2.46384e-285
2344	2.80782e-286
2345	3.17809e-287
2346	3.57261e-288
2347	3.9885e-289
2348	4.42202e-290
2349	4.86855e-291
2350	5.32264e-292
2351	5.7781e-293
2352	6.22808e-294
2353	6.66522e-295
2354	7.08185e-296
2355	7.47017e-297
2356	7.8225e-298
2357	8.13152e-299
2358	8.3905e-300
2359	8.59355e-301
2360	8.73584e-302
2361	8.81378e-303
2362	8.82518e-304
2363	8.76932e-305
2364	8.64702e-306
2365	8.46062e-307
2366	8.21391e-308
2367	7.91199e-309
2368	7.56111e-310
2369	7.16845e-311
2370	6.74185e-312
2371	6.2896e-313
2372	5.8201e-314
2373	5.34165e-315
2374	4.8622e-316
2375	4.38913e-317
2376	3.92946e-318
2377	3.49304e-319
2378	3.12645e-320
2379	3.25589e-321
2380	8.10268e-322
2381	6.0276e-322
2382	5.87938e-322
2383	5.82997e-322
2384	5.78057e-322
2385	5.73116e-322
2386	5.68175e-322
2387	5.63235e-322
2388	5.58294e-322
2389	5.53354e-322
2390	5.48413e-322
2391	5.43472e-322
2392	5.38532e-322
2393	5.33591e-322
2394	5.2865e-322
2395	5.2371e-322
2396	5.18769e-322
2397	5.13828e-322
2398	5.08888e-322
2399	5.03947e-322
2400	4.99006e-322
2401	4.94066e-322
2402	4.89125e-322
2403	4.84184e-322
2404	4.79244e-322
2405	4.74303e-322
2406	4.69362e-322
2407	4.64422e-322
2408	4.59481e-322
2409	4.5454e-322
2410	4.496e-322
2411	4.44659e-322
2412	4.39718e-322
2413	4.34778e-322
2414	4.29837e-322
2415	4.24896e-322
2416	4.19956e-322
2417	4.15015e-322
2418	4.10074e-322
2419	4.05134e-322
2420	4.00193e-322
2421	3.95253e-322
2422	3.90312e-322
2423	3.85371e-322
2424	3.80431e-322
2425	3.7549e-322
2426	3.70549e-322
2427	3.65609e-322
2428	3.60668e-322
2429	3.55727e-322
2430	3.50787e-322
2431	3.45846e-322
2432	3.40905e-322
2433	3.35965e-322
2434	3.31024e-322
2435	3.26083e-322
2436	3.21143e-322
2437	3.16202e-322
2438	3.11261e-322
2439	3.06321e-322
2440	3.0138e-322
2441	2.96439e-322
2442	2.91499e-322
2443	2.86558e-322
2444	2.81617e-322
2445	2.76677e-322
2446	2.71736e-322
2447	2.66795e-322
2448	2.61855e-322
2449	2.56914e-322
2450	2.51973e-322
2451	2.47033e-322
2452	2.42092e-322
2453	2.37152e-322
2454	2.32211e-322
2455	2.2727e-322
2456	2.2233e-322
2457	2.17389e-322
2458	2.12448e-322
2459	2.07508e-322
2460	2.02567e-322
2461	1.97626e-322
2462	1.92686e-322
2463	1.87745e-322
2464	1.82804e-322
2465	1.77864e-322
2466	1.72923e-322
2467	1.67982e-322
2468	1.63042e-322
2469	1.58101e-322
2470	1.5316e-322
2471	1.4822e-322
2472	1.43279e-322
2473	1.38338e-322
2474	1.33398e-322
2475	1.28457e-322
2476	1.23516e-322
2477	1.18576e-322
2478	1.13635e-322
2479	1.08694e-322
2480	1.03754e-322
2481	9.88131e-323
2482	9.38725e-323
2483	8.89318e-323
2484	8.39912e-323
2485	7.90505e-323
2486	7.41098e-323
2487	6.91692e-323
2488	6.42285e-323
2489	5.92879e-323
2490	5.43472e-323
2491	4.94066e-323
2492	4.44659e-323
2493	3.95253e-323
2494	3.45846e-323
2495	2.96439e-323
2496	2.47033e-323
2497	1.97626e-323
2498	1.4822e-323
2499	9.88131e-324
2500	4.94066e-324
