k	pvalue
0	1
1	1
2	1
3	1
4	1
5	1
6	1
7	1
8	1
9	1
10	1
11	1
12	1
13	1
14	1
15	1
16	1
17	1
18	1
19	1
20	1
21	1
22	1
23	1
24	1
25	1
26	1
27	1
28	1
29	1
30	1
31	1
32	1
33	1
34	1
35	1
36	1
37	1
38	1
39	1
40	1
41	1
42	1
43	1
44	1
45	1
46	1
47	1
48	1
49	1
50	1
51	1
52	1
53	1
54	1
55	1
56	1
57	1
58	1
59	1
60	1
61	1
62	1
63	1
64	1
65	1
66	1
67	1
68	1
69	1
70	1
71	1
72	1
73	1
74	1
75	1
76	1
77	1
78	1
79	1
80	1
81	1
82	1
83	1
84	1
85	1
86	1
87	1
88	1
89	1
90	1
91	1
92	1
93	1
94	1
95	1
96	1
97	1
98	1
99	1
100	1
101	1
102	1
103	1
104	1
105	1
106	1
107	1
108	1
109	1
110	1
111	1
112	1
113	1
114	1
115	1
116	1
117	1
118	1
119	1
120	1
121	1
122	1
123	1
124	1
125	1
126	1
127	1
128	1
129	1
130	1
131	1
132	1
133	1
134	1
135	1
136	1
137	1
138	1
139	1
140	1
141	1
142	1
143	1
144	1
145	1
146	1
147	1
148	1
149	1
150	1
151	1
152	1
153	1
154	1
155	1
156	1
157	1
158	1
159	1
160	1
161	1
162	1
163	1
164	1
165	1
166	1
167	1
168	1
169	1
170	1
171	1
172	1
173	1
174	1
175	1
176	1
177	1
178	1
179	1
180	1
181	1
182	1
183	1
184	1
185	1
186	1
187	1
188	1
189	1
190	1
191	1
192	1
193	1
194	1
195	1
196	1
197	1
198	1
199	1
200	1
201	1
202	1
203	1
204	1
205	1
206	1
207	1
208	1
209	1
210	1
211	1
212	1
213	1
214	1
215	1
216	1
217	1
218	1
219	1
220	1
221	1
222	1
223	1
224	1
225	1
226	1
227	1
228	1
229	1
230	1
231	1
232	1
233	1
234	1
235	1
236	1
237	1
238	1
239	1
240	1
241	1
242	1
243	1
244	1
245	1
246	1
247	1
248	1
249	1
250	1
251	1
252	1
253	1
254	1
255	1
256	1
257	1
258	1
259	1
260	1
261	1
262	1
263	1
264	1
265	1
266	1
267	1
268	1
269	1
270	1
271	1
272	1
273	1
274	1
275	1
276	1
277	1
278	1
279	1
280	1
281	1
282	1
283	1
284	1
285	1
286	1
287	1
288	1
289	1
290	1
291	1
292	1
293	1
294	1
295	1
296	1
297	1
298	1
299	1
300	1
301	1
302	1
303	1
304	1
305	1
306	1
307	1
308	1
309	1
310	1
311	1
312	1
313	1
314	1
315	1
316	1
317	1
318	1
319	1
320	1
321	1
322	1
323	1
324	1
325	1
326	1
327	1
328	1
329	1
330	1
331	1
332	1
333	1
334	1
335	1
336	1
337	1
338	1
339	1
340	1
341	1
342	1
343	1
344	1
345	1
346	1
347	1
348	1
349	1
350	1
351	1
352	1
353	1
354	1
355	1
356	1
357	1
358	1
359	1
360	1
361	1
362	1
363	1
364	1
365	1
366	1
367	1
368	1
369	1
370	1
371	1
372	1
373	1
374	1
375	1
376	1
377	1
378	1
379	1
380	1
381	1
382	1
383	1
384	1
385	1
386	1
387	1
388	1
389	1
390	1
391	1
392	1
393	1
394	1
395	1
396	1
397	1
398	1
399	1
400	1
401	1
402	1
403	1
404	1
405	1
406	1
407	1
408	1
409	1
410	1
411	1
412	1
413	1
414	1
415	1
416	1
417	1
418	1
419	1
420	1
421	1
422	1
423	1
424	1
425	1
426	1
427	1
428	1
429	1
430	1
431	1
432	1
433	1
434	1
435	1
436	1
437	1
438	1
439	1
440	1
441	1
442	1
443	1
444	1
445	1
446	1
447	1
448	1
449	1
450	1
451	1
452	1
453	1
454	1
455	1
456	1
457	1
458	1
459	1
460	1
461	1
462	1
463	1
464	1
465	1
466	1
467	1
468	1
469	1
470	1
471	1
472	1
473	1
474	1
475	1
476	1
477	1
478	1
479	1
480	1
481	1
482	1
483	1
484	1
485	1
486	1
487	1
488	1
489	1
490	1
491	1
492	1
493	1
494	1
495	1
496	1
497	1
498	1
499	1
500	1
501	1
502	1
503	1
504	1
505	1
506	1
507	1
508	1
509	1
510	1
511	1
512	1
513	1
514	1
515	1
516	1
517	1
518	1
519	1
520	1
521	1
522	1
523	1
524	1
525	1
526	1
527	1
528	1
529	1
530	1
531	1
532	1
533	1
534	1
535	1
536	1
537	1
538	1
539	1
540	1
541	1
542	1
543	1
544	1
545	1
546	1
547	1
548	1
549	1
550	1
551	1
552	1
553	1
554	1
555	1
556	1
557	1
558	1
559	1
560	1
561	1
562	1
563	1
564	1
565	1
566	1
567	1
568	1
569	1
570	1
571	1
572	1
573	1
574	1
575	1
576	1
577	1
578	1
579	1
580	1
581	1
582	1
583	1
584	1
585	1
586	1
587	1
588	1
589	1
590	1
591	1
592	1
593	1
594	1
595	1
596	1
597	1
598	1
599	1
600	1
601	1
602	1
603	1
604	1
605	1
606	1
607	1
608	1
609	1
610	1
611	1
612	1
613	1
614	1
615	1
616	1
617	1
618	1
619	1
620	1
621	1
622	1
623	1
624	1
625	1
626	1
627	1
628	1
629	1
630	1
631	1
632	1
633	1
634	1
635	1
636	1
637	1
638	1
639	1
640	1
641	1
642	1
643	1
644	1
645	1
646	1
647	1
648	1
649	1
650	1
651	1
652	1
653	1
654	1
655	1
656	1
657	1
658	1
659	1
660	1
661	1
662	1
663	1
664	1
665	1
666	1
667	1
668	1
669	1
670	1
671	1
672	1
673	1
674	1
675	1
676	1
677	1
678	1
679	1
680	1
681	1
682	1
683	1
684	1
685	1
686	1
687	1
688	1
689	1
690	1
691	1
692	1
693	1
694	1
695	1
696	1
697	1
698	1
699	1
700	1
701	1
702	1
703	1
704	1
705	1
706	1
707	1
708	1
709	1
710	1
711	1
712	1
713	1
714	1
715	1
716	1
717	1
718	1
719	1
720	1
721	1
722	1
723	1
724	1
725	1
726	1
727	1
728	1
729	1
730	1
731	1
732	1
733	1
734	1
735	1
736	1
737	1
738	1
739	1
740	1
741	1
742	1
743	1
744	1
745	1
746	1
747	1
748	1
749	1
750	1
751	1
752	1
753	1
754	1
755	1
756	1
757	1
758	1
759	1
760	1
761	1
762	1
763	1
764	1
765	1
766	1
767	1
768	1
769	1
770	1
771	1
772	1
773	1
774	1
775	1
776	1
777	1
778	1
779	1
780	1
781	1
782	1
783	1
784	1
785	1
786	1
787	1
788	1
789	1
790	1
791	1
792	1
793	1
794	1
795	1
796	1
797	1
798	1
799	1
800	1
801	1
802	1
803	1
804	1
805	1
806	1
807	1
808	1
809	1
810	1
811	1
812	1
813	1
814	1
815	1
816	1
817	1
818	1
819	1
820	1
821	1
822	1
823	1
824	1
825	1
826	1
827	1
828	1
829	1
830	1
831	1
832	1
833	1
834	1
835	1
836	1
837	1
838	1
839	1
840	1
841	1
842	1
843	1
844	1
845	1
846	1
847	1
848	1
849	1
850	1
851	1
852	1
853	1
854	1
855	1
856	1
857	1
858	1
859	1
860	1
861	1
862	1
863	1
864	1
865	1
866	1
867	1
868	1
869	1
870	1
871	1
872	1
873	1
874	1
875	1
876	1
877	1
878	1
879	1
880	1
881	1
882	1
883	1
884	1
885	1
886	1
887	1
888	1
889	1
890	1
891	1
892	1
893	1
894	1
895	1
896	1
897	1
898	1
899	1
900	1
901	1
902	1
903	1
904	1
905	1
906	1
907	1
908	1
909	1
910	1
911	1
912	1
913	1
914	1
915	1
916	1
917	1
918	1
919	1
920	1
921	1
922	1
923	1
924	1
925	1
926	1
927	1
928	1
929	1
930	1
931	1
932	1
933	1
934	1
935	1
936	1
937	1
938	1
939	1
940	1
941	1
942	1
943	1
944	1
945	1
946	1
947	1
948	1
949	1
950	1
951	1
952	1
953	1
954	1
955	1
956	1
957	1
958	1
959	1
960	1
961	1
962	1
963	1
964	1
965	1
966	1
967	1
968	1
969	1
970	1
971	1
972	1
973	1
974	1
975	1
976	1
977	1
978	1
979	1
980	1
981	1
982	1
983	1
984	1
985	1
986	1
987	1
988	1
989	1
990	1
991	1
992	1
993	1
994	1
995	1
996	1
997	1
998	1
999	1
1000	1
1001	1
1002	1
1003	1
1004	1
1005	1
1006	1
1007	1
1008	1
1009	1
1010	1
1011	1
1012	1
1013	1
1014	1
1015	1
1016	1
1017	1
1018	1
1019	1
1020	1
1021	1
1022	1
1023	1
1024	1
1025	1
1026	1
1027	1
1028	1
1029	1
1030	1
1031	1
1032	1
1033	1
1034	1
1035	1
1036	1
1037	1
1038	1
1039	1
1040	1
1041	1
1042	1
1043	1
1044	1
1045	1
1046	1
1047	1
1048	1
1049	1
1050	1
1051	1
1052	1
1053	1
1054	1
1055	1
1056	1
1057	1
1058	1
1059	1
1060	1
1061	1
1062	1
1063	1
1064	1
1065	1
1066	1
1067	1
1068	1
1069	1
1070	1
1071	1
1072	1
1073	1
1074	1
1075	1
1076	1
1077	1
1078	1
1079	1
1080	1
1081	1
1082	1
1083	1
1084	1
1085	1
1086	1
1087	1
1088	1
1089	1
1090	1
1091	1
1092	1
1093	1
1094	1
1095	1
1096	1
1097	1
1098	1
1099	1
1100	1
1101	1
1102	1
1103	1
1104	1
1105	1
1106	1
1107	1
1108	1
1109	1
1110	1
1111	1
1112	1
1113	1
1114	1
1115	1
1116	1
1117	1
1118	1
1119	1
1120	1
1121	1
1122	1
1123	1
1124	1
1125	1
1126	1
1127	1
1128	1
1129	1
1130	1
1131	1
1132	1
1133	1
1134	1
1135	1
1136	1
1137	1
1138	1
1139	1
1140	1
1141	1
1142	1
1143	1
1144	1
1145	1
1146	1
1147	1
1148	1
1149	1
1150	1
1151	1
1152	1
1153	1
1154	1
1155	1
1156	1
1157	1
1158	1
1159	1
1160	1
1161	1
1162	1
1163	1
1164	1
1165	1
1166	1
1167	1
1168	1
1169	1
1170	1
1171	1
1172	1
1173	1
1174	1
1175	1
1176	1
1177	1
1178	1
1179	1
1180	1
1181	1
1182	1
1183	1
1184	1
1185	1
1186	1
1187	1
1188	1
1189	1
1190	1
1191	1
1192	1
1193	1
1194	1
1195	1
1196	1
1197	1
1198	1
1199	1
1200	1
1201	1
1202	1
1203	1
1204	1
1205	1
1206	1
1207	1
1208	1
1209	1
1210	1
1211	1
1212	1
1213	1
1214	1
1215	1
1216	1
1217	1
1218	1
1219	1
1220	1
1221	1
1222	1
1223	1
1224	1
1225	1
1226	1
1227	1
1228	1
1229	1
1230	1
1231	1
1232	1
1233	1
1234	1
1235	1
1236	1
1237	1
1238	1
1239	1
1240	1
1241	1
1242	1
1243	1
1244	1
1245	1
1246	1
1247	1
1248	1
1249	1
1250	1
1251	1
1252	1
1253	1
1254	1
1255	1
1256	1
1257	1
1258	1
1259	1
1260	1
1261	1
1262	1
1263	1
1264	1
1265	1
1266	1
1267	1
1268	1
1269	1
1270	1
1271	1
1272	1
1273	1
1274	1
1275	1
1276	1
1277	1
1278	1
1279	1
1280	1
1281	1
1282	1
1283	1
1284	1
1285	1
1286	1
1287	1
1288	1
1289	1
1290	1
1291	1
1292	1
1293	1
1294	1
1295	1
1296	1
1297	1
1298	1
1299	1
1300	1
1301	1
1302	1
1303	1
1304	1
1305	1
1306	1
1307	1
1308	1
1309	1
1310	1
1311	1
1312	1
1313	1
1314	1
1315	1
1316	1
1317	1
1318	1
1319	1
1320	1
1321	1
1322	1
1323	1
1324	1
1325	1
1326	1
1327	1
1328	1
1329	1
1330	1
1331	1
1332	1
1333	1
1334	1
1335	1
1336	1
1337	1
1338	1
1339	1
1340	1
1341	1
1342	1
1343	1
1344	1
1345	1
1346	1
1347	1
1348	1
1349	1
1350	1
1351	1
1352	1
1353	1
1354	1
1355	1
1356	1
1357	1
1358	1
1359	1
1360	1
1361	1
1362	1
1363	1
1364	1
1365	1
1366	1
1367	1
1368	1
1369	1
1370	1
1371	1
1372	1
1373	1
1374	1
1375	1
1376	1
1377	1
1378	1
1379	1
1380	1
1381	1
1382	1
1383	1
1384	1
1385	1
1386	1
1387	1
1388	1
1389	1
1390	1
1391	1
1392	1
1393	1
1394	1
1395	1
1396	1
1397	1
1398	1
1399	1
1400	1
1401	1
1402	1
1403	1
1404	1
1405	1
1406	1
1407	1
1408	1
1409	1
1410	1
1411	1
1412	1
1413	1
1414	1
1415	1
1416	1
1417	1
1418	1
1419	1
1420	1
1421	1
1422	1
1423	1
1424	1
1425	1
1426	1
1427	1
1428	1
1429	1
1430	1
1431	1
1432	1
1433	1
1434	1
1435	1
1436	1
1437	1
1438	1
1439	1
1440	1
1441	1
1442	1
1443	1
1444	1
1445	1
1446	1
1447	1
1448	1
1449	1
1450	1
1451	1
1452	1
1453	1
1454	1
1455	1
1456	1
1457	0.999999
1458	0.999999
1459	0.999999
1460	0.999999
1461	0.999999
1462	0.999999
1463	0.999998
1464	0.999998
1465	0.999997
1466	0.999997
1467	0.999996
1468	0.999995
1469	0.999994
1470	0.999993
1471	0.999992
1472	0.99999
1473	0.999988
1474	0.999986
1475	0.999983
1476	0.99998
1477	0.999976
1478	0.999971
1479	0.999966
1480	0.99996
1481	0.999952
1482	0.999944
1483	0.999933
1484	0.999921
1485	0.999907
1486	0.999891
1487	0.999872
1488	0.99985
1489	0.999824
1490	0.999795
1491	0.999761
1492	0.999721
1493	0.999676
1494	0.999624
1495	0.999564
1496	0.999495
1497	0.999416
1498	0.999326
1499	0.999224
1500	0.999107
1501	0.998974
1502	0.998823
1503	0.998653
1504	0.99846
1505	0.998242
1506	0.997996
1507	0.997719
1508	0.997408
1509	0.99706
1510	0.996669
1511	0.996233
1512	0.995745
1513	0.995203
1514	0.994599
1515	0.993928
1516	0.993185
1517	0.992362
1518	0.991453
1519	0.99045
1520	0.989346
1521	0.988132
1522	0.986799
1523	0.985339
1524	0.983741
1525	0.981997
1526	0.980096
1527	0.978026
1528	0.975777
1529	0.973338
1530	0.970696
1531	0.96784
1532	0.964758
1533	0.961437
1534	0.957865
1535	0.95403
1536	0.949918
1537	0.945517
1538	0.940816
1539	0.935801
1540	0.930462
1541	0.924786
1542	0.918762
1543	0.912381
1544	0.905632
1545	0.898506
1546	0.890996
1547	0.883092
1548	0.87479
1549	0.866083
1550	0.856968
1551	0.847441
1552	0.837501
1553	0.827147
1554	0.816381
1555	0.805205
1556	0.793623
1557	0.781641
1558	0.769266
1559	0.756507
1560	0.743374
1561	0.72988
1562	0.716037
1563	0.701862
1564	0.687371
1565	0.672583
1566	0.657516
1567	0.642192
1568	0.626633
1569	0.610862
1570	0.594904
1571	0.578785
1572	0.56253
1573	0.546166
1574	0.529721
1575	0.513223
1576	0.4967
1577	0.48018
1578	0.463691
1579	0.447262
1580	0.430921
1581	0.414695
1582	0.39861
1583	0.382694
1584	0.366971
1585	0.351465
1586	0.336201
1587	0.3212
1588	0.306483
1589	0.292069
1590	0.277977
1591	0.264223
1592	0.250822
1593	0.237788
1594	0.225132
1595	0.212865
1596	0.200996
1597	0.189531
1598	0.178475
1599	0.167834
1600	0.157608
1601	0.147799
1602	0.138405
1603	0.129426
1604	0.120857
1605	0.112694
1606	0.104932
1607	0.097563
1608	0.0905798
1609	0.0839735
1610	0.0777348
1611	0.0718535
1612	0.0663187
1613	0.0611192
1614	0.056243
1615	0.0516782
1616	0.0474122
1617	0.0434325
1618	0.0397263
1619	0.036281
1620	0.0330836
1621	0.0301217
1622	0.0273826
1623	0.024854
1624	0.0225238
1625	0.0203803
1626	0.0184119
1627	0.0166076
1628	0.0149564
1629	0.0134482
1630	0.0120729
1631	0.010821
1632	0.00968353
1633	0.00865176
1634	0.00771755
1635	0.00687315
1636	0.00611129
1637	0.00542512
1638	0.00480819
1639	0.00425451
1640	0.00375846
1641	0.00331485
1642	0.00291882
1643	0.00256589
1644	0.00225195
1645	0.00197316
1646	0.00172604
1647	0.00150738
1648	0.00131424
1649	0.00114395
1650	0.000994073
1651	0.000862394
1652	0.000746911
1653	0.000645812
1654	0.000557464
1655	0.000480396
1656	0.000413287
1657	0.000354955
1658	0.000304342
1659	0.000260507
1660	0.000222608
1661	0.0001899
1662	0.000161724
1663	0.000137495
1664	0.000116696
1665	9.88754e-05
1666	8.3633e-05
1667	7.06195e-05
1668	5.95289e-05
1669	5.00941e-05
1670	4.20822e-05
1671	3.5291e-05
1672	2.95449e-05
1673	2.46917e-05
1674	2.06001e-05
1675	1.71568e-05
1676	1.42644e-05
1677	1.1839e-05
1678	9.80895e-06
1679	8.1129e-06
1680	6.69843e-06
1681	5.52095e-06
1682	4.54251e-06
1683	3.73095e-06
1684	3.05902e-06
1685	2.50372e-06
1686	2.04563e-06
1687	1.66842e-06
1688	1.35838e-06
1689	1.10401e-06
1690	8.95689e-07
1691	7.25398e-07
1692	5.86447e-07
1693	4.73274e-07
1694	3.81266e-07
1695	3.06601e-07
1696	2.46121e-07
1697	1.97221e-07
1698	1.57755e-07
1699	1.25963e-07
1700	1.00398e-07
1701	7.98796e-08
1702	6.3441e-08
1703	5.02953e-08
1704	3.98022e-08
1705	3.14419e-08
1706	2.47932e-08
1707	1.95153e-08
1708	1.53334e-08
1709	1.20259e-08
1710	9.41493e-09
1711	7.35755e-09
1712	5.73938e-09
1713	4.46902e-09
1714	3.47355e-09
1715	2.69494e-09
1716	2.08708e-09
1717	1.61339e-09
1718	1.24495e-09
1719	9.58901e-10
1720	7.37236e-10
1721	5.6578e-10
1722	4.33409e-10
1723	3.31402e-10
1724	2.52941e-10
1725	1.92703e-10
1726	1.46543e-10
1727	1.11235e-10
1728	8.42803e-11
1729	6.37399e-11
1730	4.81171e-11
1731	3.62567e-11
1732	2.72695e-11
1733	2.04723e-11
1734	1.53411e-11
1735	1.14747e-11
1736	8.56694e-12
1737	6.38419e-12
1738	4.74879e-12
1739	3.52577e-12
1740	2.61288e-12
1741	1.93277e-12
1742	1.42703e-12
1743	1.05166e-12
1744	7.73592e-13
1745	5.67987e-13
1746	4.1625e-13
1747	3.04481e-13
1748	2.22307e-13
1749	1.62007e-13
1750	1.17842e-13
1751	8.55569e-14
1752	6.20003e-14
1753	4.48453e-14
1754	3.23761e-14
1755	2.333e-14
1756	1.67798e-14
1757	1.20459e-14
1758	8.63125e-15
1759	6.17288e-15
1760	4.40637e-15
1761	3.13944e-15
1762	2.23255e-15
1763	1.58463e-15
1764	1.12261e-15
1765	7.9379e-16
1766	5.60218e-16
1767	3.94623e-16
1768	2.77447e-16
1769	1.94693e-16
1770	1.36362e-16
1771	9.53246e-17
1772	6.651e-17
1773	4.63168e-17
1774	3.21927e-17
1775	2.23329e-17
1776	1.54632e-17
1777	1.06861e-17
1778	7.37061e-18
1779	5.07403e-18
1780	3.48631e-18
1781	2.39079e-18
1782	1.63636e-18
1783	1.11784e-18
1784	7.62146e-19
1785	5.18629e-19
1786	3.52237e-19
1787	2.38765e-19
1788	1.61534e-19
1789	1.09072e-19
1790	7.35055e-20
1791	4.94402e-20
1792	3.3189e-20
1793	2.22363e-20
1794	1.4869e-20
1795	9.92326e-21
1796	6.60963e-21
1797	4.39389e-21
1798	2.91522e-21
1799	1.93038e-21
1800	1.27573e-21
1801	8.41442e-22
1802	5.53905e-22
1803	3.63907e-22
1804	2.38611e-22
1805	1.56147e-22
1806	1.01981e-22
1807	6.64735e-23
1808	4.32432e-23
1809	2.80755e-23
1810	1.81918e-23
1811	1.17642e-23
1812	7.59255e-24
1813	4.89045e-24
1814	3.14374e-24
1815	2.01688e-24
1816	1.29136e-24
1817	8.25176e-25
1818	5.26234e-25
1819	3.34922e-25
1820	2.12735e-25
1821	1.34854e-25
1822	8.53138e-26
1823	5.38645e-26
1824	3.39401e-26
1825	2.13427e-26
1826	1.33941e-26
1827	8.38879e-27
1828	5.24337e-27
1829	3.27073e-27
1830	2.03611e-27
1831	1.26497e-27
1832	7.84291e-28
1833	4.85283e-28
1834	2.99662e-28
1835	1.84665e-28
1836	1.13568e-28
1837	6.97016e-29
1838	4.26918e-29
1839	2.60952e-29
1840	1.5918e-29
1841	9.69017e-30
1842	5.88687e-30
1843	3.56901e-30
1844	2.15934e-30
1845	1.30377e-30
1846	7.85582e-31
1847	4.72376e-31
1848	2.83459e-31
1849	1.69745e-31
1850	1.0144e-31
1851	6.04953e-32
1852	3.60029e-32
1853	2.13823e-32
1854	1.26728e-32
1855	7.49531e-33
1856	4.4239e-33
1857	2.60566e-33
1858	1.53153e-33
1859	8.98321e-34
1860	5.25812e-34
1861	3.07131e-34
1862	1.79023e-34
1863	1.04132e-34
1864	6.04439e-35
1865	3.50114e-35
1866	2.02374e-35
1867	1.16732e-35
1868	6.71908e-36
1869	3.85936e-36
1870	2.21211e-36
1871	1.26526e-36
1872	7.22167e-37
1873	4.11317e-37
1874	2.33774e-37
1875	1.32585e-37
1876	7.50365e-38
1877	4.23768e-38
1878	2.38814e-38
1879	1.34297e-38
1880	7.53616e-39
1881	4.21994e-39
1882	2.35795e-39
1883	1.31472e-39
1884	7.31483e-40
1885	4.0611e-40
1886	2.24984e-40
1887	1.24373e-40
1888	6.8607e-41
1889	3.77638e-41
1890	2.07418e-41
1891	1.13679e-41
1892	6.21692e-42
1893	3.3926e-42
1894	1.84735e-42
1895	1.00375e-42
1896	5.44197e-43
1897	2.94405e-43
1898	1.58924e-43
1899	8.56031e-44
1900	4.60089e-44
1901	2.46744e-44
1902	1.32039e-44
1903	7.0503e-45
1904	3.75631e-45
1905	1.99693e-45
1906	1.05928e-45
1907	5.60669e-46
1908	2.96104e-46
1909	1.56036e-46
1910	8.20444e-47
1911	4.30441e-47
1912	2.25329e-47
1913	1.17696e-47
1914	6.13394e-48
1915	3.18975e-48
1916	1.65504e-48
1917	8.56826e-49
1918	4.42599e-49
1919	2.28118e-49
1920	1.17311e-49
1921	6.01933e-50
1922	3.08166e-50
1923	1.57416e-50
1924	8.02303e-51
1925	4.07992e-51
1926	2.07009e-51
1927	1.04797e-51
1928	5.29331e-52
1929	2.66763e-52
1930	1.34135e-52
1931	6.72942e-53
1932	3.36843e-53
1933	1.68226e-53
1934	8.38243e-54
1935	4.16735e-54
1936	2.0671e-54
1937	1.02299e-54
1938	5.05114e-55
1939	2.48837e-55
1940	1.22306e-55
1941	5.99767e-56
1942	2.93441e-56
1943	1.43239e-56
1944	6.97595e-57
1945	3.38957e-57
1946	1.64317e-57
1947	7.94727e-58
1948	3.83485e-58
1949	1.84617e-58
1950	8.86727e-59
1951	4.24911e-59
1952	2.03141e-59
1953	9.68912e-60
1954	4.61061e-60
1955	2.18887e-60
1956	1.03673e-60
1957	4.89883e-61
1958	2.30942e-61
1959	1.08616e-61
1960	5.0964e-62
1961	2.38567e-62
1962	1.11413e-62
1963	5.19079e-63
1964	2.41272e-63
1965	1.1188e-63
1966	5.17566e-64
1967	2.38864e-64
1968	1.09977e-64
1969	5.05152e-65
1970	2.31476e-65
1971	1.05817e-65
1972	4.82573e-66
1973	2.1955e-66
1974	9.96467e-67
1975	4.5118e-67
1976	2.03795e-67
1977	9.18316e-68
1978	4.12804e-68
1979	1.85117e-68
1980	8.28135e-69
1981	3.69576e-69
1982	1.64533e-69
1983	7.30717e-70
1984	3.23735e-70
1985	1.43078e-70
1986	6.30807e-71
1987	2.77434e-71
1988	1.2172e-71
1989	5.32721e-72
1990	2.32581e-72
1991	1.01293e-72
1992	4.40068e-73
1993	1.90717e-73
1994	8.24492e-74
1995	3.55559e-74
1996	1.52954e-74
1997	6.56352e-75
1998	2.80953e-75
1999	1.19964e-75
2000	5.10961e-76
2001	2.17091e-76
2002	9.2005e-77
2003	3.88951e-77
2004	1.64018e-77
2005	6.89921e-78
2006	2.89478e-78
2007	1.21155e-78
2008	5.05789e-79
2009	2.10622e-79
2010	8.74863e-80
2011	3.62474e-80
2012	1.49801e-80
2013	6.17514e-81
2014	2.53908e-81
2015	1.04136e-81
2016	4.26004e-82
2017	1.73828e-82
2018	7.07478e-83
2019	2.87206e-83
2020	1.16295e-83
2021	4.69687e-84
2022	1.89208e-84
2023	7.60238e-85
2024	3.04676e-85
2025	1.21787e-85
2026	4.85557e-86
2027	1.93086e-86
2028	7.65831e-87
2029	3.02958e-87
2030	1.19536e-87
2031	4.70416e-88
2032	1.84641e-88
2033	7.22827e-89
2034	2.82228e-89
2035	1.09907e-89
2036	4.26877e-90
2037	1.65362e-90
2038	6.38881e-91
2039	2.46181e-91
2040	9.461e-92
2041	3.62631e-92
2042	1.38624e-92
2043	5.28508e-93
2044	2.00958e-93
2045	7.62076e-94
2046	2.88222e-94
2047	1.08715e-94
2048	4.08963e-95
2049	1.53429e-95
2050	5.74065e-96
2051	2.1421e-96
2052	7.97154e-97
2053	2.95847e-97
2054	1.09499e-97
2055	4.04178e-98
2056	1.48782e-98
2057	5.46187e-99
2058	1.9996e-99
2059	7.30055e-100
2060	2.65812e-100
2061	9.65158e-101
2062	3.49482e-101
2063	1.26198e-101
2064	4.54443e-102
2065	1.63193e-102
2066	5.84411e-103
2067	2.08702e-103
2068	7.43235e-104
2069	2.63944e-104
2070	9.34724e-105
2071	3.30094e-105
2072	1.16245e-105
2073	4.08213e-106
2074	1.42948e-106
2075	4.99162e-107
2076	1.73811e-107
2077	6.03508e-108
2078	2.08956e-108
2079	7.21427e-109
2080	2.48366e-109
2081	8.52612e-110
2082	2.91856e-110
2083	9.96187e-111
2084	3.39052e-111
2085	1.15065e-111
2086	3.89373e-112
2087	1.31382e-112
2088	4.42027e-113
2089	1.48287e-113
2090	4.96014e-114
2091	1.65433e-114
2092	5.50152e-115
2093	1.82421e-115
2094	6.03107e-116
2095	1.98811e-116
2096	6.53446e-117
2097	2.14141e-117
2098	6.99692e-118
2099	2.27945e-118
2100	7.40401e-119
2101	2.3978e-119
2102	7.74226e-120
2103	2.49245e-120
2104	7.99998e-121
2105	2.56006e-121
2106	8.16788e-122
2107	2.59814e-122
2108	8.23962e-123
2109	2.6052e-123
2110	8.21222e-124
2111	2.58086e-124
2112	8.08627e-125
2113	2.52587e-125
2114	7.86588e-126
2115	2.44206e-126
2116	7.55851e-127
2117	2.33229e-127
2118	7.17449e-128
2119	2.2002e-128
2120	6.72652e-129
2121	2.0501e-129
2122	6.22888e-130
2123	1.88667e-130
2124	5.69675e-131
2125	1.71476e-131
2126	5.14538e-132
2127	1.53911e-132
2128	4.58942e-133
2129	1.3642e-133
2130	4.04225e-134
2131	1.19398e-134
2132	3.51553e-135
2133	1.03182e-135
2134	3.0188e-136
2135	8.80392e-137
2136	2.55934e-137
2137	7.41629e-138
2138	2.14214e-138
2139	6.16752e-139
2140	1.76999e-139
2141	5.06317e-140
2142	1.44366e-140
2143	4.10295e-141
2144	1.16228e-141
2145	3.28174e-142
2146	9.23583e-143
2147	2.59073e-143
2148	7.24331e-144
2149	2.01846e-144
2150	5.60618e-145
2151	1.55193e-145
2152	4.2819e-146
2153	1.17748e-146
2154	3.22716e-147
2155	8.81522e-148
2156	2.39987e-148
2157	6.51153e-149
2158	1.76081e-149
2159	4.74543e-150
2160	1.27458e-150
2161	3.41178e-151
2162	9.10158e-152
2163	2.41975e-152
2164	6.41117e-153
2165	1.69283e-153
2166	4.45449e-154
2167	1.16811e-154
2168	3.05258e-155
2169	7.94961e-156
2170	2.06308e-156
2171	5.33546e-157
2172	1.37503e-157
2173	3.53126e-158
2174	9.037e-159
2175	2.30457e-159
2176	5.85628e-160
2177	1.48292e-160
2178	3.74173e-161
2179	9.40768e-162
2180	2.35691e-162
2181	5.88371e-163
2182	1.46353e-163
2183	3.62736e-164
2184	8.95806e-165
2185	2.20428e-165
2186	5.40439e-166
2187	1.32022e-166
2188	3.2134e-167
2189	7.79285e-168
2190	1.88294e-168
2191	4.53293e-169
2192	1.08723e-169
2193	2.59813e-170
2194	6.18571e-171
2195	1.46725e-171
2196	3.46738e-172
2197	8.16348e-173
2198	1.91479e-173
2199	4.47441e-174
2200	1.04163e-174
2201	2.41573e-175
2202	5.58134e-176
2203	1.28462e-176
2204	2.9455e-177
2205	6.72791e-178
2206	1.53086e-178
2207	3.46994e-179
2208	7.83487e-180
2209	1.76222e-180
2210	3.94826e-181
2211	8.81169e-182
2212	1.95892e-182
2213	4.33785e-183
2214	9.56811e-184
2215	2.10217e-184
2216	4.60035e-185
2217	1.00275e-185
2218	2.17706e-186
2219	4.70776e-187
2220	1.01396e-187
2221	2.17512e-188
2222	4.64729e-189
2223	9.88919e-190
2224	2.09586e-190
2225	4.42384e-191
2226	9.29963e-192
2227	1.94695e-192
2228	4.05942e-193
2229	8.42916e-194
2230	1.74305e-194
2231	3.58954e-195
2232	7.36141e-196
2233	1.50339e-196
2234	3.0575e-197
2235	6.1921e-198
2236	1.24876e-198
2237	2.50776e-199
2238	5.01478e-200
2239	9.9855e-201
2240	1.97986e-201
2241	3.90875e-202
2242	7.68378e-203
2243	1.50397e-203
2244	2.93106e-204
2245	5.68754e-205
2246	1.09883e-205
2247	2.11369e-206
2248	4.04802e-207
2249	7.71851e-208
2250	1.46523e-208
2251	2.76918e-209
2252	5.21031e-210
2253	9.75972e-211
2254	1.81997e-211
2255	3.3786e-212
2256	6.24381e-213
2257	1.14867e-213
2258	2.1036e-214
2259	3.83487e-215
2260	6.95902e-216
2261	1.25704e-216
2262	2.26019e-217
2263	4.04509e-218
2264	7.20596e-219
2265	1.2777e-219
2266	2.25492e-220
2267	3.96086e-221
2268	6.92465e-222
2269	1.20489e-222
2270	2.08656e-223
2271	3.59616e-224
2272	6.16829e-225
2273	1.05293e-225
2274	1.78869e-226
2275	3.02387e-227
2276	5.08717e-228
2277	8.51655e-229
2278	1.41879e-229
2279	2.35197e-230
2280	3.87966e-231
2281	6.36791e-232
2282	1.04e-232
2283	1.69001e-233
2284	2.73251e-234
2285	4.3958e-235
2286	7.03575e-236
2287	1.12039e-236
2288	1.77502e-237
2289	2.79773e-238
2290	4.38697e-239
2291	6.84342e-240
2292	1.06199e-240
2293	1.63943e-241
2294	2.5176e-242
2295	3.8458e-243
2296	5.84368e-244
2297	8.8323e-245
2298	1.32782e-245
2299	1.9855e-246
2300	2.95297e-247
2301	4.36811e-248
2302	6.42633e-249
2303	9.4028e-250
2304	1.36825e-250
2305	1.98004e-251
2306	2.84953e-252
2307	4.07805e-253
2308	5.80364e-254
2309	8.21306e-255
2310	1.15572e-255
2311	1.6171e-256
2312	2.24977e-257
2313	3.11208e-258
2314	4.28016e-259
2315	5.85266e-260
2316	7.95643e-261
2317	1.07533e-261
2318	1.44482e-262
2319	1.92983e-263
2320	2.56238e-264
2321	3.38202e-265
2322	4.43714e-266
2323	5.78643e-267
2324	7.50042e-268
2325	9.66304e-269
2326	1.23732e-269
2327	1.57461e-270
2328	1.99148e-271
2329	2.50309e-272
2330	3.1265e-273
2331	3.88068e-274
2332	4.7864e-275
2333	5.86607e-276
2334	7.14343e-277
2335	8.64317e-278
2336	1.03903e-278
2337	1.24097e-279
2338	1.47249e-280
2339	1.73574e-281
2340	2.03256e-282
2341	2.36434e-283
2342	2.73193e-284
2343	3.13549e-285
2344	3.57436e-286
2345	4.04698e-287
2346	4.5508e-288
2347	5.08216e-289
2348	5.63631e-290
2349	6.2074e-291
2350	6.7885e-292
2351	7.3717e-293
2352	7.94828e-294
2353	8.50882e-295
2354	9.04353e-296
2355	9.5424e-297
2356	9.99561e-298
2357	1.03937e-298
2358	1.07281e-299
2359	1.09912e-300
2360	1.11767e-301
2361	1.12799e-302
2362	1.12981e-303
2363	1.12301e-304
2364	1.10769e-305
2365	1.08416e-306
2366	1.05287e-307
2367	1.01449e-308
2368	9.69803e-310
2369	9.19728e-311
2370	8.65266e-312
2371	8.07476e-313
2372	7.47434e-314
2373	6.86206e-315
2374	6.2481e-316
2375	5.64195e-317
2376	5.05251e-318
2377	4.49125e-319
2378	4.00588e-320
2379	4.02169e-321
2380	8.74496e-322
2381	6.07701e-322
2382	5.87938e-322
2383	5.82997e-322
2384	5.78057e-322
2385	5.73116e-322
2386	5.68175e-322
2387	5.63235e-322
2388	5.58294e-322
2389	5.53354e-322
2390	5.48413e-322
2391	5.43472e-322
2392	5.38532e-322
2393	5.33591e-322
2394	5.2865e-322
2395	5.2371e-322
2396	5.18769e-322
2397	5.13828e-322
2398	5.08888e-322
2399	5.03947e-322
2400	4.99006e-322
2401	4.94066e-322
2402	4.89125e-322
2403	4.84184e-322
2404	4.79244e-322
2405	4.74303e-322
2406	4.69362e-322
2407	4.64422e-322
2408	4.59481e-322
2409	4.5454e-322
2410	4.496e-322
2411	4.44659e-322
2412	4.39718e-322
2413	4.34778e-322
2414	4.29837e-322
2415	4.24896e-322
2416	4.19956e-322
2417	4.15015e-322
2418	4.10074e-322
2419	4.05134e-322
2420	4.00193e-322
2421	3.95253e-322
2422	3.90312e-322
2423	3.85371e-322
2424	3.80431e-322
2425	3.7549e-322
2426	3.70549e-322
2427	3.65609e-322
2428	3.60668e-322
2429	3.55727e-322
2430	3.50787e-322
2431	3.45846e-322
2432	3.40905e-322
2433	3.35965e-322
2434	3.31024e-322
2435	3.26083e-322
2436	3.21143e-322
2437	3.16202e-322
2438	3.11261e-322
2439	3.06321e-322
2440	3.0138e-322
2441	2.96439e-322
2442	2.91499e-322
2443	2.86558e-322
2444	2.81617e-322
2445	2.76677e-322
2446	2.71736e-322
2447	2.66795e-322
2448	2.61855e-322
2449	2.56914e-322
2450	2.51973e-322
2451	2.47033e-322
2452	2.42092e-322
2453	2.37152e-322
2454	2.32211e-322
2455	2.2727e-322
2456	2.2233e-322
2457	2.17389e-322
2458	2.12448e-322
2459	2.07508e-322
2460	2.02567e-322
2461	1.97626e-322
2462	1.92686e-322
2463	1.87745e-322
2464	1.82804e-322
2465	1.77864e-322
2466	1.72923e-322
2467	1.67982e-322
2468	1.63042e-322
2469	1.58101e-322
2470	1.5316e-322
2471	1.4822e-322
2472	1.43279e-322
2473	1.38338e-322
2474	1.33398e-322
2475	1.28457e-322
2476	1.23516e-322
2477	1.18576e-322
2478	1.13635e-322
2479	1.08694e-322
2480	1.03754e-322
2481	9.88131e-323
2482	9.38725e-323
2483	8.89318e-323
2484	8.39912e-323
2485	7.90505e-323
2486	7.41098e-323
2487	6.91692e-323
2488	6.42285e-323
2489	5.92879e-323
2490	5.43472e-323
2491	4.94066e-323
2492	4.44659e-323
2493	3.95253e-323
2494	3.45846e-323
2495	2.96439e-323
2496	2.47033e-323
2497	1.97626e-323
2498	1.4822e-323
2499	9.88131e-324
2500	4.94066e-324
