k	pvalue
0	1
1	1
2	1
3	1
4	1
5	1
6	1
7	1
8	1
9	1
10	1
11	1
12	1
13	1
14	1
15	1
16	1
17	1
18	1
19	1
20	1
21	1
22	1
23	1
24	1
25	1
26	1
27	1
28	1
29	1
30	1
31	1
32	1
33	1
34	1
35	1
36	1
37	1
38	1
39	1
40	1
41	1
42	1
43	1
44	1
45	1
46	1
47	1
48	1
49	1
50	1
51	1
52	1
53	1
54	1
55	1
56	1
57	1
58	1
59	1
60	1
61	1
62	1
63	1
64	1
65	1
66	1
67	1
68	1
69	1
70	1
71	1
72	1
73	1
74	1
75	1
76	1
77	1
78	1
79	1
80	1
81	1
82	1
83	1
84	1
85	1
86	1
87	1
88	1
89	1
90	1
91	1
92	1
93	1
94	1
95	1
96	1
97	1
98	1
99	1
100	1
101	1
102	1
103	1
104	1
105	1
106	1
107	1
108	1
109	1
110	1
111	1
112	1
113	1
114	1
115	1
116	1
117	1
118	1
119	1
120	1
121	1
122	1
123	1
124	1
125	1
126	1
127	1
128	1
129	1
130	1
131	1
132	1
133	1
134	1
135	1
136	1
137	1
138	1
139	1
140	1
141	1
142	1
143	1
144	1
145	1
146	1
147	1
148	1
149	1
150	1
151	1
152	1
153	1
154	1
155	1
156	1
157	1
158	1
159	1
160	1
161	1
162	1
163	1
164	1
165	1
166	1
167	1
168	1
169	1
170	1
171	1
172	1
173	1
174	1
175	1
176	1
177	1
178	1
179	1
180	1
181	1
182	1
183	1
184	1
185	1
186	1
187	1
188	1
189	1
190	1
191	1
192	1
193	1
194	1
195	1
196	1
197	1
198	1
199	1
200	1
201	1
202	1
203	1
204	1
205	1
206	1
207	1
208	1
209	1
210	1
211	1
212	1
213	1
214	1
215	1
216	1
217	1
218	1
219	1
220	1
221	1
222	1
223	1
224	1
225	1
226	1
227	1
228	1
229	1
230	1
231	1
232	1
233	1
234	1
235	1
236	1
237	1
238	1
239	1
240	1
241	1
242	1
243	1
244	1
245	1
246	1
247	1
248	1
249	1
250	1
251	1
252	1
253	1
254	1
255	1
256	1
257	1
258	1
259	1
260	1
261	1
262	1
263	1
264	1
265	1
266	1
267	1
268	1
269	1
270	1
271	1
272	1
273	1
274	1
275	1
276	1
277	1
278	1
279	1
280	1
281	1
282	1
283	1
284	1
285	1
286	1
287	1
288	1
289	1
290	1
291	1
292	1
293	1
294	1
295	1
296	1
297	1
298	1
299	1
300	1
301	1
302	1
303	1
304	1
305	1
306	1
307	1
308	1
309	1
310	1
311	1
312	1
313	1
314	1
315	1
316	1
317	1
318	1
319	1
320	1
321	1
322	1
323	1
324	1
325	1
326	1
327	1
328	1
329	1
330	1
331	1
332	1
333	1
334	1
335	1
336	1
337	1
338	1
339	1
340	1
341	1
342	1
343	1
344	1
345	1
346	1
347	1
348	1
349	1
350	1
351	1
352	1
353	1
354	1
355	1
356	1
357	1
358	1
359	1
360	1
361	1
362	1
363	1
364	1
365	1
366	1
367	1
368	1
369	1
370	1
371	1
372	1
373	1
374	1
375	1
376	1
377	1
378	1
379	1
380	1
381	1
382	1
383	1
384	1
385	1
386	1
387	1
388	1
389	1
390	1
391	1
392	1
393	1
394	1
395	1
396	1
397	1
398	1
399	1
400	1
401	1
402	1
403	1
404	1
405	1
406	1
407	1
408	1
409	1
410	1
411	1
412	1
413	1
414	1
415	1
416	1
417	1
418	1
419	1
420	1
421	1
422	1
423	1
424	1
425	1
426	1
427	1
428	1
429	1
430	1
431	1
432	1
433	1
434	1
435	1
436	1
437	1
438	1
439	1
440	1
441	1
442	1
443	1
444	1
445	1
446	1
447	1
448	1
449	1
450	1
451	1
452	1
453	1
454	1
455	1
456	1
457	1
458	1
459	1
460	1
461	1
462	1
463	1
464	1
465	1
466	1
467	1
468	1
469	1
470	1
471	1
472	1
473	1
474	1
475	1
476	1
477	1
478	1
479	1
480	1
481	1
482	1
483	1
484	1
485	1
486	1
487	1
488	1
489	1
490	1
491	1
492	1
493	1
494	1
495	1
496	1
497	1
498	1
499	1
500	1
501	1
502	1
503	1
504	1
505	1
506	1
507	1
508	1
509	1
510	1
511	1
512	1
513	1
514	1
515	1
516	1
517	1
518	1
519	1
520	1
521	1
522	1
523	1
524	1
525	1
526	1
527	1
528	1
529	1
530	1
531	1
532	1
533	1
534	1
535	1
536	1
537	1
538	1
539	1
540	1
541	1
542	1
543	1
544	1
545	1
546	1
547	1
548	1
549	1
550	1
551	1
552	1
553	1
554	1
555	1
556	1
557	1
558	1
559	1
560	1
561	1
562	1
563	1
564	1
565	1
566	1
567	1
568	1
569	1
570	1
571	1
572	1
573	1
574	1
575	1
576	1
577	1
578	1
579	1
580	1
581	1
582	1
583	1
584	1
585	1
586	1
587	1
588	1
589	1
590	1
591	1
592	1
593	1
594	1
595	1
596	1
597	1
598	1
599	1
600	1
601	1
602	1
603	1
604	1
605	1
606	1
607	1
608	1
609	1
610	1
611	1
612	1
613	1
614	1
615	1
616	1
617	1
618	1
619	1
620	1
621	1
622	1
623	1
624	1
625	1
626	1
627	1
628	1
629	1
630	1
631	1
632	1
633	1
634	1
635	1
636	1
637	1
638	1
639	1
640	1
641	1
642	1
643	1
644	1
645	1
646	1
647	1
648	1
649	1
650	1
651	1
652	1
653	1
654	1
655	1
656	1
657	1
658	1
659	1
660	1
661	1
662	1
663	1
664	1
665	1
666	1
667	1
668	1
669	1
670	1
671	1
672	1
673	1
674	1
675	1
676	1
677	1
678	1
679	1
680	1
681	1
682	1
683	1
684	1
685	1
686	1
687	1
688	1
689	1
690	1
691	1
692	1
693	1
694	1
695	1
696	1
697	1
698	1
699	1
700	1
701	1
702	1
703	1
704	1
705	1
706	1
707	1
708	1
709	1
710	1
711	1
712	1
713	1
714	1
715	1
716	1
717	1
718	1
719	1
720	1
721	1
722	1
723	1
724	1
725	1
726	1
727	1
728	1
729	1
730	1
731	1
732	1
733	1
734	1
735	1
736	1
737	1
738	1
739	1
740	1
741	1
742	1
743	1
744	1
745	1
746	1
747	1
748	1
749	1
750	1
751	1
752	1
753	1
754	1
755	1
756	1
757	1
758	1
759	1
760	1
761	1
762	1
763	1
764	1
765	1
766	1
767	1
768	1
769	1
770	1
771	1
772	1
773	1
774	1
775	1
776	1
777	1
778	1
779	1
780	1
781	1
782	1
783	1
784	1
785	1
786	1
787	1
788	1
789	1
790	1
791	1
792	1
793	1
794	1
795	1
796	1
797	1
798	1
799	1
800	1
801	1
802	1
803	1
804	1
805	1
806	1
807	1
808	1
809	1
810	1
811	1
812	1
813	1
814	1
815	1
816	1
817	1
818	1
819	1
820	1
821	1
822	1
823	1
824	1
825	1
826	1
827	1
828	1
829	1
830	1
831	1
832	1
833	1
834	1
835	1
836	1
837	1
838	1
839	1
840	1
841	1
842	1
843	1
844	1
845	1
846	1
847	1
848	1
849	1
850	1
851	1
852	1
853	1
854	1
855	1
856	1
857	1
858	1
859	1
860	1
861	1
862	1
863	1
864	1
865	1
866	1
867	1
868	1
869	1
870	1
871	1
872	1
873	1
874	1
875	1
876	1
877	1
878	1
879	1
880	1
881	1
882	1
883	1
884	1
885	1
886	1
887	1
888	1
889	1
890	1
891	1
892	1
893	1
894	1
895	1
896	1
897	1
898	1
899	1
900	1
901	1
902	1
903	1
904	1
905	1
906	1
907	1
908	1
909	1
910	1
911	1
912	1
913	1
914	1
915	1
916	1
917	1
918	1
919	1
920	1
921	1
922	1
923	1
924	1
925	1
926	1
927	1
928	1
929	1
930	1
931	1
932	1
933	1
934	1
935	1
936	1
937	1
938	1
939	1
940	1
941	1
942	1
943	1
944	1
945	1
946	1
947	1
948	1
949	1
950	1
951	1
952	1
953	1
954	1
955	1
956	1
957	1
958	1
959	1
960	1
961	1
962	1
963	1
964	1
965	1
966	1
967	1
968	1
969	1
970	1
971	1
972	1
973	1
974	1
975	1
976	1
977	1
978	1
979	1
980	1
981	1
982	1
983	1
984	1
985	1
986	1
987	1
988	1
989	1
990	1
991	1
992	1
993	1
994	1
995	1
996	1
997	1
998	1
999	1
1000	1
1001	1
1002	1
1003	1
1004	1
1005	1
1006	1
1007	1
1008	1
1009	1
1010	1
1011	1
1012	1
1013	1
1014	1
1015	1
1016	1
1017	1
1018	1
1019	1
1020	1
1021	1
1022	1
1023	1
1024	1
1025	1
1026	1
1027	1
1028	1
1029	1
1030	1
1031	1
1032	1
1033	1
1034	1
1035	1
1036	1
1037	1
1038	1
1039	1
1040	1
1041	1
1042	1
1043	1
1044	1
1045	1
1046	1
1047	1
1048	1
1049	1
1050	1
1051	1
1052	1
1053	1
1054	1
1055	1
1056	1
1057	1
1058	1
1059	1
1060	1
1061	1
1062	1
1063	1
1064	1
1065	1
1066	1
1067	1
1068	1
1069	1
1070	1
1071	1
1072	1
1073	1
1074	1
1075	1
1076	1
1077	1
1078	1
1079	1
1080	1
1081	1
1082	1
1083	1
1084	1
1085	1
1086	1
1087	1
1088	1
1089	1
1090	1
1091	1
1092	1
1093	1
1094	1
1095	1
1096	1
1097	1
1098	1
1099	1
1100	1
1101	1
1102	1
1103	1
1104	1
1105	1
1106	1
1107	1
1108	1
1109	1
1110	1
1111	1
1112	1
1113	1
1114	1
1115	1
1116	1
1117	1
1118	1
1119	1
1120	1
1121	1
1122	1
1123	1
1124	1
1125	1
1126	1
1127	1
1128	1
1129	1
1130	1
1131	1
1132	1
1133	1
1134	1
1135	1
1136	1
1137	1
1138	1
1139	1
1140	1
1141	1
1142	1
1143	1
1144	1
1145	1
1146	1
1147	1
1148	1
1149	1
1150	1
1151	1
1152	1
1153	1
1154	1
1155	1
1156	1
1157	1
1158	1
1159	1
1160	1
1161	1
1162	1
1163	1
1164	1
1165	1
1166	1
1167	1
1168	1
1169	1
1170	1
1171	1
1172	1
1173	1
1174	1
1175	1
1176	1
1177	1
1178	1
1179	1
1180	1
1181	1
1182	1
1183	1
1184	1
1185	1
1186	1
1187	1
1188	1
1189	1
1190	1
1191	1
1192	1
1193	1
1194	1
1195	1
1196	1
1197	1
1198	1
1199	1
1200	1
1201	1
1202	1
1203	1
1204	1
1205	1
1206	1
1207	1
1208	1
1209	1
1210	1
1211	1
1212	1
1213	1
1214	1
1215	1
1216	1
1217	1
1218	1
1219	1
1220	1
1221	1
1222	1
1223	1
1224	1
1225	1
1226	1
1227	1
1228	1
1229	1
1230	1
1231	1
1232	1
1233	1
1234	1
1235	1
1236	1
1237	1
1238	1
1239	1
1240	1
1241	1
1242	1
1243	1
1244	1
1245	1
1246	1
1247	1
1248	1
1249	1
1250	1
1251	1
1252	1
1253	1
1254	1
1255	1
1256	1
1257	1
1258	1
1259	1
1260	1
1261	1
1262	1
1263	1
1264	1
1265	1
1266	1
1267	1
1268	1
1269	1
1270	1
1271	1
1272	1
1273	1
1274	1
1275	1
1276	1
1277	1
1278	1
1279	1
1280	1
1281	1
1282	1
1283	1
1284	1
1285	1
1286	1
1287	1
1288	1
1289	1
1290	1
1291	1
1292	1
1293	1
1294	1
1295	1
1296	1
1297	1
1298	1
1299	1
1300	1
1301	1
1302	1
1303	1
1304	1
1305	1
1306	1
1307	1
1308	1
1309	1
1310	1
1311	1
1312	1
1313	1
1314	1
1315	1
1316	1
1317	1
1318	1
1319	1
1320	1
1321	1
1322	1
1323	1
1324	1
1325	1
1326	1
1327	1
1328	1
1329	1
1330	1
1331	1
1332	1
1333	1
1334	1
1335	1
1336	1
1337	1
1338	1
1339	1
1340	1
1341	1
1342	1
1343	1
1344	1
1345	1
1346	1
1347	1
1348	1
1349	1
1350	1
1351	1
1352	1
1353	1
1354	1
1355	1
1356	1
1357	1
1358	1
1359	1
1360	1
1361	1
1362	1
1363	1
1364	1
1365	1
1366	1
1367	1
1368	1
1369	1
1370	1
1371	1
1372	1
1373	1
1374	1
1375	1
1376	1
1377	1
1378	1
1379	1
1380	1
1381	1
1382	1
1383	1
1384	1
1385	1
1386	1
1387	1
1388	1
1389	1
1390	1
1391	1
1392	1
1393	1
1394	1
1395	1
1396	1
1397	1
1398	1
1399	1
1400	1
1401	1
1402	1
1403	1
1404	1
1405	1
1406	1
1407	1
1408	1
1409	1
1410	1
1411	1
1412	1
1413	1
1414	1
1415	1
1416	1
1417	1
1418	1
1419	1
1420	1
1421	1
1422	1
1423	1
1424	1
1425	1
1426	1
1427	1
1428	1
1429	1
1430	1
1431	1
1432	1
1433	1
1434	1
1435	1
1436	1
1437	1
1438	1
1439	1
1440	1
1441	1
1442	1
1443	1
1444	1
1445	1
1446	1
1447	1
1448	1
1449	1
1450	1
1451	1
1452	1
1453	1
1454	1
1455	1
1456	1
1457	1
1458	1
1459	1
1460	1
1461	1
1462	0.999999
1463	0.999999
1464	0.999999
1465	0.999999
1466	0.999999
1467	0.999999
1468	0.999998
1469	0.999998
1470	0.999997
1471	0.999997
1472	0.999996
1473	0.999995
1474	0.999994
1475	0.999993
1476	0.999992
1477	0.99999
1478	0.999988
1479	0.999986
1480	0.999983
1481	0.99998
1482	0.999976
1483	0.999972
1484	0.999966
1485	0.99996
1486	0.999953
1487	0.999944
1488	0.999934
1489	0.999922
1490	0.999908
1491	0.999892
1492	0.999873
1493	0.999851
1494	0.999826
1495	0.999796
1496	0.999762
1497	0.999723
1498	0.999678
1499	0.999626
1500	0.999566
1501	0.999497
1502	0.999419
1503	0.999329
1504	0.999227
1505	0.999111
1506	0.998978
1507	0.998828
1508	0.998658
1509	0.998465
1510	0.998248
1511	0.998002
1512	0.997726
1513	0.997416
1514	0.997068
1515	0.996678
1516	0.996242
1517	0.995755
1518	0.995213
1519	0.99461
1520	0.99394
1521	0.993197
1522	0.992375
1523	0.991466
1524	0.990463
1525	0.989359
1526	0.988145
1527	0.986812
1528	0.985352
1529	0.983754
1530	0.982009
1531	0.980107
1532	0.978036
1533	0.975786
1534	0.973345
1535	0.970701
1536	0.967842
1537	0.964757
1538	0.961433
1539	0.957857
1540	0.954016
1541	0.949899
1542	0.945493
1543	0.940785
1544	0.935763
1545	0.930415
1546	0.92473
1547	0.918697
1548	0.912305
1549	0.905545
1550	0.898406
1551	0.890882
1552	0.882965
1553	0.874647
1554	0.865924
1555	0.856792
1556	0.847247
1557	0.837288
1558	0.826914
1559	0.816127
1560	0.80493
1561	0.793325
1562	0.78132
1563	0.768921
1564	0.756138
1565	0.74298
1566	0.72946
1567	0.715593
1568	0.701392
1569	0.686875
1570	0.67206
1571	0.656967
1572	0.641617
1573	0.626033
1574	0.610237
1575	0.594255
1576	0.578112
1577	0.561834
1578	0.545448
1579	0.528982
1580	0.512463
1581	0.495921
1582	0.479384
1583	0.462879
1584	0.446435
1585	0.430081
1586	0.413843
1587	0.397748
1588	0.381824
1589	0.366094
1590	0.350584
1591	0.335317
1592	0.320315
1593	0.305599
1594	0.291188
1595	0.2771
1596	0.263352
1597	0.249959
1598	0.236935
1599	0.22429
1600	0.212036
1601	0.20018
1602	0.188731
1603	0.177692
1604	0.167068
1605	0.156861
1606	0.147072
1607	0.137699
1608	0.128741
1609	0.120195
1610	0.112055
1611	0.104315
1612	0.0969694
1613	0.0900097
1614	0.0834271
1615	0.077212
1616	0.0713543
1617	0.065843
1618	0.0606666
1619	0.0558133
1620	0.051271
1621	0.0470271
1622	0.0430689
1623	0.0393837
1624	0.0359588
1625	0.0327812
1626	0.0298383
1627	0.0271175
1628	0.0246066
1629	0.0222934
1630	0.020166
1631	0.018213
1632	0.0164233
1633	0.014786
1634	0.0132909
1635	0.011928
1636	0.0106878
1637	0.00956122
1638	0.00853971
1639	0.00761508
1640	0.00677963
1641	0.0060261
1642	0.00534764
1643	0.00473787
1644	0.0041908
1645	0.00370086
1646	0.00326286
1647	0.00287198
1648	0.00252378
1649	0.00221414
1650	0.00193929
1651	0.00169576
1652	0.00148035
1653	0.00129016
1654	0.00112253
1655	0.000975063
1656	0.000845552
1657	0.000732017
1658	0.000632666
1659	0.000545881
1660	0.00047021
1661	0.000404346
1662	0.000347121
1663	0.000297492
1664	0.000254526
1665	0.000217397
1666	0.000185369
1667	0.00015779
1668	0.000134086
1669	0.000113749
1670	9.63308e-05
1671	8.14405e-05
1672	6.87338e-05
1673	5.79101e-05
1674	4.8707e-05
1675	4.08959e-05
1676	3.42783e-05
1677	2.86819e-05
1678	2.39577e-05
1679	1.9977e-05
1680	1.66289e-05
1681	1.38178e-05
1682	1.1462e-05
1683	9.49131e-06
1684	7.84573e-06
1685	6.47415e-06
1686	5.33301e-06
1687	4.38532e-06
1688	3.59972e-06
1689	2.94968e-06
1690	2.41277e-06
1691	1.97013e-06
1692	1.60586e-06
1693	1.30663e-06
1694	1.06129e-06
1695	8.6049e-07
1696	6.96448e-07
1697	5.62681e-07
1698	4.53801e-07
1699	3.6534e-07
1700	2.936e-07
1701	2.35528e-07
1702	1.88605e-07
1703	1.50762e-07
1704	1.20296e-07
1705	9.58158e-08
1706	7.61806e-08
1707	6.04607e-08
1708	4.78986e-08
1709	3.78785e-08
1710	2.99007e-08
1711	2.35607e-08
1712	1.85316e-08
1713	1.45497e-08
1714	1.14028e-08
1715	8.92038e-09
1716	6.96578e-09
1717	5.42962e-09
1718	4.22456e-09
1719	3.28099e-09
1720	2.54355e-09
1721	1.96827e-09
1722	1.52034e-09
1723	1.1722e-09
1724	9.0214e-10
1725	6.93029e-10
1726	5.31417e-10
1727	4.06747e-10
1728	3.10755e-10
1729	2.36982e-10
1730	1.80392e-10
1731	1.37063e-10
1732	1.0395e-10
1733	7.86917e-11
1734	5.94612e-11
1735	4.48475e-11
1736	3.37629e-11
1737	2.53711e-11
1738	1.90299e-11
1739	1.42472e-11
1740	1.06467e-11
1741	7.94142e-12
1742	5.91254e-12
1743	4.39382e-12
1744	3.25914e-12
1745	2.41299e-12
1746	1.78319e-12
1747	1.31532e-12
1748	9.68392e-13
1749	7.11641e-13
1750	5.21985e-13
1751	3.82157e-13
1752	2.79261e-13
1753	2.03688e-13
1754	1.48287e-13
1755	1.07752e-13
1756	7.81506e-14
1757	5.65744e-14
1758	4.08779e-14
1759	2.94807e-14
1760	2.1221e-14
1761	1.52466e-14
1762	1.09335e-14
1763	7.8257e-15
1764	5.59066e-15
1765	3.98638e-15
1766	2.83706e-15
1767	2.01527e-15
1768	1.4288e-15
1769	1.01108e-15
1770	7.14113e-16
1771	5.03409e-16
1772	3.54198e-16
1773	2.48737e-16
1774	1.74342e-16
1775	1.21965e-16
1776	8.51593e-17
1777	5.93467e-17
1778	4.12788e-17
1779	2.86564e-17
1780	1.98555e-17
1781	1.3731e-17
1782	9.47738e-18
1783	6.52882e-18
1784	4.48892e-18
1785	3.08042e-18
1786	2.10978e-18
1787	1.44219e-18
1788	9.83931e-19
1789	6.69984e-19
1790	4.55324e-19
1791	3.08839e-19
1792	2.09073e-19
1793	1.41259e-19
1794	9.52552e-20
1795	6.41081e-20
1796	4.30614e-20
1797	2.88678e-20
1798	1.93148e-20
1799	1.28977e-20
1800	8.59578e-21
1801	5.71748e-21
1802	3.79551e-21
1803	2.51467e-21
1804	1.66279e-21
1805	1.09733e-21
1806	7.22734e-22
1807	4.75076e-22
1808	3.11666e-22
1809	2.04059e-22
1810	1.3334e-22
1811	8.69573e-23
1812	5.65964e-23
1813	3.67628e-23
1814	2.38322e-23
1815	1.5419e-23
1816	9.95595e-24
1817	6.41568e-24
1818	4.12606e-24
1819	2.64825e-24
1820	1.69635e-24
1821	1.08443e-24
1822	6.91858e-25
1823	4.40516e-25
1824	2.79919e-25
1825	1.77514e-25
1826	1.12346e-25
1827	7.09587e-26
1828	4.4728e-26
1829	2.81369e-26
1830	1.76643e-26
1831	1.10672e-26
1832	6.91987e-27
1833	4.31797e-27
1834	2.68893e-27
1835	1.67108e-27
1836	1.03641e-27
1837	6.41482e-28
1838	3.96233e-28
1839	2.44249e-28
1840	1.50254e-28
1841	9.2243e-29
1842	5.65135e-29
1843	3.45527e-29
1844	2.10824e-29
1845	1.28371e-29
1846	7.80053e-30
1847	4.73028e-30
1848	2.86257e-30
1849	1.72874e-30
1850	1.04186e-30
1851	6.266e-31
1852	3.76075e-31
1853	2.25247e-31
1854	1.34631e-31
1855	8.03028e-32
1856	4.77985e-32
1857	2.8392e-32
1858	1.68296e-32
1859	9.95514e-33
1860	5.87646e-33
1861	3.46161e-33
1862	2.03485e-33
1863	1.19366e-33
1864	6.98742e-34
1865	4.08173e-34
1866	2.37936e-34
1867	1.38409e-34
1868	8.03443e-35
1869	4.65406e-35
1870	2.69025e-35
1871	1.55181e-35
1872	8.93238e-36
1873	5.13071e-36
1874	2.94082e-36
1875	1.68205e-36
1876	9.60039e-37
1877	5.46785e-37
1878	3.10757e-37
1879	1.76238e-37
1880	9.97368e-38
1881	5.63228e-38
1882	3.17384e-38
1883	1.78467e-38
1884	1.00138e-38
1885	5.60678e-39
1886	3.13253e-39
1887	1.7464e-39
1888	9.71536e-40
1889	5.39311e-40
1890	2.98733e-40
1891	1.65117e-40
1892	9.10671e-41
1893	5.01179e-41
1894	2.75222e-41
1895	1.50811e-41
1896	8.24594e-42
1897	4.49888e-42
1898	2.4492e-42
1899	1.33045e-42
1900	7.2115e-43
1901	3.90037e-43
1902	2.10492e-43
1903	1.13349e-43
1904	6.09042e-44
1905	3.26532e-44
1906	1.74683e-44
1907	9.32437e-45
1908	4.96631e-45
1909	2.63932e-45
1910	1.39956e-45
1911	7.40511e-46
1912	3.90942e-46
1913	2.05936e-46
1914	1.0824e-46
1915	5.67651e-47
1916	2.97036e-47
1917	1.55086e-47
1918	8.07917e-48
1919	4.19946e-48
1920	2.17796e-48
1921	1.12703e-48
1922	5.81904e-49
1923	2.99773e-49
1924	1.54085e-49
1925	7.90226e-50
1926	4.04358e-50
1927	2.06444e-50
1928	1.05162e-50
1929	5.34488e-51
1930	2.7104e-51
1931	1.37134e-51
1932	6.92269e-52
1933	3.48673e-52
1934	1.75217e-52
1935	8.78504e-53
1936	4.39464e-53
1937	2.19338e-53
1938	1.09222e-53
1939	5.42644e-54
1940	2.68984e-54
1941	1.33027e-54
1942	6.56386e-55
1943	3.23132e-55
1944	1.58709e-55
1945	7.77716e-56
1946	3.80224e-56
1947	1.85462e-56
1948	9.02537e-57
1949	4.38197e-57
1950	2.12259e-57
1951	1.02578e-57
1952	4.94577e-58
1953	2.37904e-58
1954	1.14171e-58
1955	5.46635e-59
1956	2.6111e-59
1957	1.24432e-59
1958	5.91593e-60
1959	2.80605e-60
1960	1.32784e-60
1961	6.26865e-61
1962	2.95243e-61
1963	1.38726e-61
1964	6.50298e-62
1965	3.04115e-62
1966	1.41885e-62
1967	6.60391e-63
1968	3.06644e-63
1969	1.42048e-63
1970	6.56449e-64
1971	3.02643e-64
1972	1.39194e-64
1973	6.38666e-65
1974	2.92338e-65
1975	1.33492e-65
1976	6.08107e-66
1977	2.7635e-66
1978	1.25284e-66
1979	5.66604e-67
1980	2.55632e-67
1981	1.15054e-67
1982	5.16575e-68
1983	2.31372e-68
1984	1.03379e-68
1985	4.60786e-69
1986	2.04883e-69
1987	9.08767e-70
1988	4.02103e-70
1989	1.77484e-70
1990	7.81474e-71
1991	3.43245e-71
1992	1.50393e-71
1993	6.57323e-72
1994	2.86589e-72
1995	1.24643e-72
1996	5.40756e-73
1997	2.34023e-73
1998	1.01027e-73
1999	4.35051e-74
2000	1.86879e-74
2001	8.00752e-75
2002	3.42256e-75
2003	1.45921e-75
2004	6.20582e-76
2005	2.63263e-76
2006	1.11401e-76
2007	4.70217e-77
2008	1.97976e-77
2009	8.31439e-78
2010	3.48298e-78
2011	1.45537e-78
2012	6.06586e-79
2013	2.5218e-79
2014	1.04574e-79
2015	4.32544e-80
2016	1.78455e-80
2017	7.34377e-81
2018	3.01438e-81
2019	1.23414e-81
2020	5.0398e-82
2021	2.0528e-82
2022	8.33992e-83
2023	3.37953e-83
2024	1.36593e-83
2025	5.50654e-84
2026	2.21412e-84
2027	8.87969e-85
2028	3.55193e-85
2029	1.4171e-85
2030	5.63899e-86
2031	2.23804e-86
2032	8.85929e-87
2033	3.49776e-87
2034	1.37734e-87
2035	5.40942e-88
2036	2.11892e-88
2037	8.27814e-89
2038	3.22554e-89
2039	1.25349e-89
2040	4.85836e-90
2041	1.87804e-90
2042	7.24038e-91
2043	2.78395e-91
2044	1.06758e-91
2045	4.083e-92
2046	1.55738e-92
2047	5.92436e-93
2048	2.24761e-93
2049	8.50417e-94
2050	3.20901e-94
2051	1.20763e-94
2052	4.53235e-95
2053	1.69642e-95
2054	6.33234e-96
2055	2.35728e-96
2056	8.75136e-97
2057	3.24006e-97
2058	1.1963e-97
2059	4.40493e-98
2060	1.6175e-98
2061	5.92318e-99
2062	2.16306e-99
2063	7.87738e-100
2064	2.86085e-100
2065	1.0361e-100
2066	3.74202e-101
2067	1.34773e-101
2068	4.84046e-102
2069	1.73364e-102
2070	6.19181e-103
2071	2.20525e-103
2072	7.83214e-104
2073	2.77384e-104
2074	9.79621e-105
2075	3.44992e-105
2076	1.21152e-105
2077	4.24252e-106
2078	1.48144e-106
2079	5.15831e-107
2080	1.79099e-107
2081	6.20069e-108
2082	2.14064e-108
2083	7.36892e-109
2084	2.52939e-109
2085	8.65723e-110
2086	2.95454e-110
2087	1.00542e-110
2088	3.41151e-111
2089	1.15422e-111
2090	3.89374e-112
2091	1.30973e-112
2092	4.39268e-113
2093	1.46896e-113
2094	4.89797e-114
2095	1.62836e-114
2096	5.39767e-115
2097	1.78395e-115
2098	5.87867e-116
2099	1.93148e-116
2100	6.32723e-117
2101	2.06656e-117
2102	6.72961e-118
2103	2.18493e-118
2104	7.07272e-119
2105	2.28263e-119
2106	7.34483e-120
2107	2.35626e-120
2108	7.53625e-121
2109	2.40313e-121
2110	7.63985e-122
2111	2.42145e-122
2112	7.65152e-123
2113	2.41045e-123
2114	7.57047e-124
2115	2.37039e-124
2116	7.39925e-125
2117	2.30261e-125
2118	7.14363e-126
2119	2.20942e-126
2120	6.81231e-127
2121	2.09395e-127
2122	6.41638e-128
2123	1.96003e-128
2124	5.96875e-129
2125	1.81195e-129
2126	5.48341e-130
2127	1.65421e-130
2128	4.97471e-131
2129	1.49133e-131
2130	4.45666e-132
2131	1.32761e-132
2132	3.94234e-133
2133	1.16696e-133
2134	3.44329e-134
2135	1.01276e-134
2136	2.96924e-135
2137	8.67746e-136
2138	2.5278e-136
2139	7.33996e-137
2140	2.12442e-137
2141	6.1289e-138
2142	1.76244e-138
2143	5.05165e-139
2144	1.44323e-139
2145	4.10978e-140
2146	1.16649e-140
2147	3.3e-141
2148	9.30504e-142
2149	2.61511e-142
2150	7.3253e-143
2151	2.04513e-143
2152	5.6908e-144
2153	1.57826e-144
2154	4.36249e-145
2155	1.20181e-145
2156	3.29975e-146
2157	9.02951e-147
2158	2.46254e-147
2159	6.69321e-148
2160	1.81307e-148
2161	4.89461e-149
2162	1.31687e-149
2163	3.53091e-150
2164	9.43501e-151
2165	2.51251e-151
2166	6.66777e-152
2167	1.76342e-152
2168	4.6476e-153
2169	1.22067e-153
2170	3.19489e-154
2171	8.333e-155
2172	2.16586e-155
2173	5.60968e-156
2174	1.44784e-156
2175	3.72371e-157
2176	9.54329e-158
2177	2.43716e-158
2178	6.20194e-159
2179	1.57263e-159
2180	3.97354e-160
2181	1.0004e-160
2182	2.50966e-161
2183	6.27326e-162
2184	1.56245e-162
2185	3.87748e-163
2186	9.58778e-164
2187	2.36215e-164
2188	5.7985e-165
2189	1.4182e-165
2190	3.45593e-166
2191	8.39071e-167
2192	2.0297e-167
2193	4.8917e-168
2194	1.17457e-168
2195	2.80985e-169
2196	6.69684e-170
2197	1.59013e-170
2198	3.76157e-171
2199	8.86489e-172
2200	2.08133e-172
2201	4.86817e-173
2202	1.13435e-173
2203	2.63314e-174
2204	6.089e-175
2205	1.40268e-175
2206	3.21887e-176
2207	7.35832e-177
2208	1.67563e-177
2209	3.801e-178
2210	8.5888e-179
2211	1.9332e-179
2212	4.33435e-180
2213	9.67992e-181
2214	2.15334e-181
2215	4.77138e-182
2216	1.05307e-182
2217	2.315e-183
2218	5.06895e-184
2219	1.10548e-184
2220	2.40131e-185
2221	5.1952e-186
2222	1.11946e-186
2223	2.40248e-187
2224	5.13513e-188
2225	1.09315e-188
2226	2.31758e-189
2227	4.89345e-190
2228	1.029e-190
2229	2.15489e-191
2230	4.49409e-192
2231	9.33383e-193
2232	1.93051e-193
2233	3.97625e-194
2234	8.15565e-195
2235	1.66579e-195
2236	3.38807e-196
2237	6.86199e-197
2238	1.3839e-197
2239	2.77916e-198
2240	5.55736e-199
2241	1.10653e-199
2242	2.19377e-200
2243	4.33058e-201
2244	8.51181e-202
2245	1.66576e-202
2246	3.24571e-203
2247	6.29664e-204
2248	1.21619e-204
2249	2.33875e-205
2250	4.4776e-206
2251	8.53458e-207
2252	1.61952e-207
2253	3.05949e-208
2254	5.75396e-209
2255	1.07729e-209
2256	2.00786e-210
2257	3.72537e-211
2258	6.88065e-212
2259	1.26505e-212
2260	2.31524e-213
2261	4.21781e-214
2262	7.64845e-215
2263	1.38054e-215
2264	2.48029e-216
2265	4.43538e-217
2266	7.89447e-218
2267	1.39853e-218
2268	2.46588e-219
2269	4.32726e-220
2270	7.55765e-221
2271	1.31367e-221
2272	2.2725e-222
2273	3.91227e-223
2274	6.70279e-224
2275	1.14281e-224
2276	1.939e-225
2277	3.27383e-226
2278	5.5005e-227
2279	9.19615e-228
2280	1.52989e-228
2281	2.53252e-229
2282	4.17138e-230
2283	6.83642e-231
2284	1.11479e-231
2285	1.80867e-232
2286	2.91959e-233
2287	4.68891e-234
2288	7.492e-235
2289	1.19094e-235
2290	1.8834e-236
2291	2.96306e-237
2292	4.63744e-238
2293	7.22011e-239
2294	1.11822e-239
2295	1.72274e-240
2296	2.64004e-241
2297	4.02429e-242
2298	6.10162e-243
2299	9.20171e-244
2300	1.38022e-244
2301	2.05908e-245
2302	3.05517e-246
2303	4.50837e-247
2304	6.61635e-248
2305	9.65648e-249
2306	1.40155e-249
2307	2.02293e-250
2308	2.90349e-251
2309	4.14396e-252
2310	5.88107e-253
2311	8.29907e-254
2312	1.16446e-254
2313	1.62453e-255
2314	2.25334e-256
2315	3.10751e-257
2316	4.26058e-258
2317	5.80744e-259
2318	7.8695e-260
2319	1.06009e-260
2320	1.41958e-261
2321	1.88966e-262
2322	2.50036e-263
2323	3.28853e-264
2324	4.29901e-265
2325	5.58583e-266
2326	7.21351e-267
2327	9.25828e-268
2328	1.18093e-268
2329	1.49698e-269
2330	1.88578e-270
2331	2.36065e-271
2332	2.93646e-272
2333	3.62956e-273
2334	4.45764e-274
2335	5.43955e-275
2336	6.59495e-276
2337	7.94392e-277
2338	9.50641e-278
2339	1.13016e-278
2340	1.33472e-279
2341	1.56585e-280
2342	1.82474e-281
2343	2.11217e-282
2344	2.42836e-283
2345	2.77293e-284
2346	3.14475e-285
2347	3.54192e-286
2348	3.96166e-287
2349	4.40031e-288
2350	4.85332e-289
2351	5.31527e-290
2352	5.77992e-291
2353	6.24037e-292
2354	6.68914e-293
2355	7.1184e-294
2356	7.52014e-295
2357	7.88642e-296
2358	8.20963e-297
2359	8.48275e-298
2360	8.69955e-299
2361	8.85488e-300
2362	8.94482e-301
2363	8.9669e-302
2364	8.92012e-303
2365	8.80511e-304
2366	8.62404e-305
2367	8.38059e-306
2368	8.07984e-307
2369	7.72806e-308
2370	7.33251e-309
2371	6.9012e-310
2372	6.44258e-311
2373	5.96532e-312
2374	5.47795e-313
2375	4.9887e-314
2376	4.5052e-315
2377	4.03432e-316
2378	3.58207e-317
2379	3.15379e-318
2380	2.75738e-319
2381	2.43624e-320
2382	2.60373e-321
2383	7.36158e-322
2384	5.82997e-322
2385	5.73116e-322
2386	5.68175e-322
2387	5.63235e-322
2388	5.58294e-322
2389	5.53354e-322
2390	5.48413e-322
2391	5.43472e-322
2392	5.38532e-322
2393	5.33591e-322
2394	5.2865e-322
2395	5.2371e-322
2396	5.18769e-322
2397	5.13828e-322
2398	5.08888e-322
2399	5.03947e-322
2400	4.99006e-322
2401	4.94066e-322
2402	4.89125e-322
2403	4.84184e-322
2404	4.79244e-322
2405	4.74303e-322
2406	4.69362e-322
2407	4.64422e-322
2408	4.59481e-322
2409	4.5454e-322
2410	4.496e-322
2411	4.44659e-322
2412	4.39718e-322
2413	4.34778e-322
2414	4.29837e-322
2415	4.24896e-322
2416	4.19956e-322
2417	4.15015e-322
2418	4.10074e-322
2419	4.05134e-322
2420	4.00193e-322
2421	3.95253e-322
2422	3.90312e-322
2423	3.85371e-322
2424	3.80431e-322
2425	3.7549e-322
2426	3.70549e-322
2427	3.65609e-322
2428	3.60668e-322
2429	3.55727e-322
2430	3.50787e-322
2431	3.45846e-322
2432	3.40905e-322
2433	3.35965e-322
2434	3.31024e-322
2435	3.26083e-322
2436	3.21143e-322
2437	3.16202e-322
2438	3.11261e-322
2439	3.06321e-322
2440	3.0138e-322
2441	2.96439e-322
2442	2.91499e-322
2443	2.86558e-322
2444	2.81617e-322
2445	2.76677e-322
2446	2.71736e-322
2447	2.66795e-322
2448	2.61855e-322
2449	2.56914e-322
2450	2.51973e-322
2451	2.47033e-322
2452	2.42092e-322
2453	2.37152e-322
2454	2.32211e-322
2455	2.2727e-322
2456	2.2233e-322
2457	2.17389e-322
2458	2.12448e-322
2459	2.07508e-322
2460	2.02567e-322
2461	1.97626e-322
2462	1.92686e-322
2463	1.87745e-322
2464	1.82804e-322
2465	1.77864e-322
2466	1.72923e-322
2467	1.67982e-322
2468	1.63042e-322
2469	1.58101e-322
2470	1.5316e-322
2471	1.4822e-322
2472	1.43279e-322
2473	1.38338e-322
2474	1.33398e-322
2475	1.28457e-322
2476	1.23516e-322
2477	1.18576e-322
2478	1.13635e-322
2479	1.08694e-322
2480	1.03754e-322
2481	9.88131e-323
2482	9.38725e-323
2483	8.89318e-323
2484	8.39912e-323
2485	7.90505e-323
2486	7.41098e-323
2487	6.91692e-323
2488	6.42285e-323
2489	5.92879e-323
2490	5.43472e-323
2491	4.94066e-323
2492	4.44659e-323
2493	3.95253e-323
2494	3.45846e-323
2495	2.96439e-323
2496	2.47033e-323
2497	1.97626e-323
2498	1.4822e-323
2499	9.88131e-324
2500	4.94066e-324
