k	pvalue
0	1
1	1
2	1
3	1
4	1
5	1
6	1
7	1
8	1
9	1
10	1
11	1
12	1
13	1
14	1
15	1
16	1
17	1
18	1
19	1
20	1
21	1
22	1
23	1
24	1
25	1
26	1
27	1
28	1
29	1
30	1
31	1
32	1
33	1
34	1
35	1
36	1
37	1
38	1
39	1
40	1
41	1
42	1
43	1
44	1
45	1
46	1
47	1
48	1
49	1
50	1
51	1
52	1
53	1
54	1
55	1
56	1
57	1
58	1
59	1
60	1
61	1
62	1
63	1
64	1
65	1
66	1
67	1
68	1
69	1
70	1
71	1
72	1
73	1
74	1
75	1
76	1
77	1
78	1
79	1
80	1
81	1
82	1
83	1
84	1
85	1
86	1
87	1
88	1
89	1
90	1
91	1
92	1
93	1
94	1
95	1
96	1
97	1
98	1
99	1
100	1
101	1
102	1
103	1
104	1
105	1
106	1
107	1
108	1
109	1
110	1
111	1
112	1
113	1
114	1
115	1
116	1
117	1
118	1
119	1
120	1
121	1
122	1
123	1
124	1
125	1
126	1
127	1
128	1
129	1
130	1
131	1
132	1
133	1
134	1
135	1
136	1
137	1
138	1
139	1
140	1
141	1
142	1
143	1
144	1
145	1
146	1
147	1
148	1
149	1
150	1
151	1
152	1
153	1
154	1
155	1
156	1
157	1
158	1
159	1
160	1
161	1
162	1
163	1
164	1
165	1
166	1
167	1
168	1
169	1
170	1
171	1
172	1
173	1
174	1
175	1
176	1
177	1
178	1
179	1
180	1
181	1
182	1
183	1
184	1
185	1
186	1
187	1
188	1
189	1
190	1
191	1
192	1
193	1
194	1
195	1
196	1
197	1
198	1
199	1
200	1
201	1
202	1
203	1
204	1
205	1
206	1
207	1
208	1
209	1
210	1
211	1
212	1
213	1
214	1
215	1
216	1
217	1
218	1
219	1
220	1
221	1
222	1
223	1
224	1
225	1
226	1
227	1
228	1
229	1
230	1
231	1
232	1
233	1
234	1
235	1
236	1
237	1
238	1
239	1
240	1
241	1
242	1
243	1
244	1
245	1
246	1
247	1
248	1
249	1
250	1
251	1
252	1
253	1
254	1
255	1
256	1
257	1
258	1
259	1
260	1
261	1
262	1
263	1
264	1
265	1
266	1
267	1
268	1
269	1
270	1
271	1
272	1
273	1
274	1
275	1
276	1
277	1
278	1
279	1
280	1
281	1
282	1
283	1
284	1
285	1
286	1
287	1
288	1
289	1
290	1
291	1
292	1
293	1
294	1
295	1
296	1
297	1
298	1
299	1
300	1
301	1
302	1
303	1
304	1
305	1
306	1
307	1
308	1
309	1
310	1
311	1
312	1
313	1
314	1
315	1
316	1
317	1
318	1
319	1
320	1
321	1
322	1
323	1
324	1
325	1
326	1
327	1
328	1
329	1
330	1
331	1
332	1
333	1
334	1
335	1
336	1
337	1
338	1
339	1
340	1
341	1
342	1
343	1
344	1
345	1
346	1
347	1
348	1
349	1
350	1
351	1
352	1
353	1
354	1
355	1
356	1
357	1
358	1
359	1
360	1
361	1
362	1
363	1
364	1
365	1
366	1
367	1
368	1
369	1
370	1
371	1
372	1
373	1
374	1
375	1
376	1
377	1
378	1
379	1
380	1
381	1
382	1
383	1
384	1
385	1
386	1
387	1
388	1
389	1
390	1
391	1
392	1
393	1
394	1
395	1
396	1
397	1
398	1
399	1
400	1
401	1
402	1
403	1
404	1
405	1
406	1
407	1
408	1
409	1
410	1
411	1
412	1
413	1
414	1
415	1
416	1
417	1
418	1
419	1
420	1
421	1
422	1
423	1
424	1
425	1
426	1
427	1
428	1
429	1
430	1
431	1
432	1
433	1
434	1
435	1
436	1
437	1
438	1
439	1
440	1
441	1
442	1
443	1
444	1
445	1
446	1
447	1
448	1
449	1
450	1
451	1
452	1
453	1
454	1
455	1
456	1
457	1
458	1
459	1
460	1
461	1
462	1
463	1
464	1
465	1
466	1
467	1
468	1
469	1
470	1
471	1
472	1
473	1
474	1
475	1
476	1
477	1
478	1
479	1
480	1
481	1
482	1
483	1
484	1
485	1
486	1
487	1
488	1
489	1
490	1
491	1
492	1
493	1
494	1
495	1
496	1
497	1
498	1
499	1
500	1
501	1
502	1
503	1
504	1
505	1
506	1
507	1
508	1
509	1
510	1
511	1
512	1
513	1
514	1
515	1
516	1
517	1
518	1
519	1
520	1
521	1
522	1
523	1
524	1
525	1
526	1
527	1
528	1
529	1
530	1
531	1
532	1
533	1
534	1
535	1
536	1
537	1
538	1
539	1
540	1
541	1
542	1
543	1
544	1
545	1
546	1
547	1
548	1
549	1
550	1
551	1
552	1
553	1
554	1
555	1
556	1
557	1
558	1
559	1
560	1
561	1
562	1
563	1
564	1
565	1
566	1
567	1
568	1
569	1
570	1
571	1
572	1
573	1
574	1
575	1
576	1
577	1
578	1
579	1
580	1
581	1
582	1
583	1
584	1
585	1
586	1
587	1
588	1
589	1
590	1
591	1
592	1
593	1
594	1
595	1
596	1
597	1
598	1
599	1
600	1
601	1
602	1
603	1
604	1
605	1
606	1
607	1
608	1
609	1
610	1
611	1
612	1
613	1
614	1
615	1
616	1
617	1
618	1
619	1
620	1
621	1
622	1
623	1
624	1
625	1
626	1
627	1
628	1
629	1
630	1
631	1
632	1
633	1
634	1
635	1
636	1
637	1
638	1
639	1
640	1
641	1
642	1
643	1
644	1
645	1
646	1
647	1
648	1
649	1
650	1
651	1
652	1
653	1
654	1
655	1
656	1
657	1
658	1
659	1
660	1
661	1
662	1
663	1
664	1
665	1
666	1
667	1
668	1
669	1
670	1
671	1
672	1
673	1
674	1
675	1
676	1
677	1
678	1
679	1
680	1
681	1
682	1
683	1
684	1
685	1
686	1
687	1
688	1
689	1
690	1
691	1
692	1
693	1
694	1
695	1
696	1
697	1
698	1
699	1
700	1
701	1
702	1
703	1
704	1
705	1
706	1
707	1
708	1
709	1
710	1
711	1
712	1
713	1
714	1
715	1
716	1
717	1
718	1
719	1
720	1
721	1
722	1
723	1
724	1
725	1
726	1
727	1
728	1
729	1
730	1
731	1
732	1
733	1
734	1
735	1
736	1
737	1
738	1
739	1
740	1
741	1
742	1
743	1
744	1
745	1
746	1
747	1
748	1
749	1
750	1
751	1
752	1
753	1
754	1
755	1
756	1
757	1
758	1
759	1
760	1
761	1
762	1
763	1
764	1
765	1
766	1
767	1
768	1
769	1
770	1
771	1
772	1
773	1
774	1
775	1
776	1
777	1
778	1
779	1
780	1
781	1
782	1
783	1
784	1
785	1
786	1
787	1
788	1
789	1
790	1
791	1
792	1
793	1
794	1
795	1
796	1
797	1
798	1
799	1
800	1
801	1
802	1
803	1
804	1
805	1
806	1
807	1
808	1
809	1
810	1
811	1
812	1
813	1
814	1
815	1
816	1
817	1
818	1
819	1
820	1
821	1
822	1
823	1
824	1
825	1
826	1
827	1
828	1
829	1
830	1
831	1
832	1
833	1
834	1
835	1
836	1
837	1
838	1
839	1
840	1
841	1
842	1
843	1
844	1
845	1
846	1
847	1
848	1
849	1
850	1
851	1
852	1
853	1
854	1
855	1
856	1
857	1
858	1
859	1
860	1
861	1
862	1
863	1
864	1
865	1
866	1
867	1
868	1
869	1
870	1
871	1
872	1
873	1
874	1
875	1
876	1
877	1
878	1
879	1
880	1
881	1
882	1
883	1
884	1
885	1
886	1
887	1
888	1
889	1
890	1
891	1
892	1
893	1
894	1
895	1
896	1
897	1
898	1
899	1
900	1
901	1
902	1
903	1
904	1
905	1
906	1
907	1
908	1
909	1
910	1
911	1
912	1
913	1
914	1
915	1
916	1
917	1
918	1
919	1
920	1
921	1
922	1
923	1
924	1
925	1
926	1
927	1
928	1
929	1
930	1
931	1
932	1
933	1
934	1
935	1
936	1
937	1
938	1
939	1
940	1
941	1
942	1
943	1
944	1
945	1
946	1
947	1
948	1
949	1
950	1
951	1
952	1
953	1
954	1
955	1
956	1
957	1
958	1
959	1
960	1
961	1
962	1
963	1
964	1
965	1
966	1
967	1
968	1
969	1
970	1
971	1
972	1
973	1
974	1
975	1
976	1
977	1
978	1
979	1
980	1
981	1
982	1
983	1
984	1
985	1
986	1
987	1
988	1
989	1
990	1
991	1
992	1
993	1
994	1
995	1
996	1
997	1
998	1
999	1
1000	1
1001	1
1002	1
1003	1
1004	1
1005	1
1006	1
1007	1
1008	1
1009	1
1010	1
1011	1
1012	1
1013	1
1014	1
1015	1
1016	1
1017	1
1018	1
1019	1
1020	1
1021	1
1022	1
1023	1
1024	1
1025	1
1026	1
1027	1
1028	1
1029	1
1030	1
1031	1
1032	1
1033	1
1034	1
1035	1
1036	1
1037	1
1038	1
1039	1
1040	1
1041	1
1042	1
1043	1
1044	1
1045	1
1046	1
1047	1
1048	1
1049	1
1050	1
1051	1
1052	1
1053	1
1054	1
1055	1
1056	1
1057	1
1058	1
1059	1
1060	1
1061	1
1062	1
1063	1
1064	1
1065	1
1066	1
1067	1
1068	1
1069	1
1070	1
1071	1
1072	1
1073	1
1074	1
1075	1
1076	1
1077	1
1078	1
1079	1
1080	1
1081	1
1082	1
1083	1
1084	1
1085	1
1086	1
1087	1
1088	1
1089	1
1090	1
1091	1
1092	1
1093	1
1094	1
1095	1
1096	1
1097	1
1098	1
1099	1
1100	1
1101	1
1102	1
1103	1
1104	1
1105	1
1106	1
1107	1
1108	1
1109	1
1110	1
1111	1
1112	1
1113	1
1114	1
1115	1
1116	1
1117	1
1118	1
1119	1
1120	1
1121	1
1122	1
1123	1
1124	1
1125	1
1126	1
1127	1
1128	1
1129	1
1130	1
1131	1
1132	1
1133	1
1134	1
1135	1
1136	1
1137	1
1138	1
1139	1
1140	1
1141	1
1142	1
1143	1
1144	1
1145	1
1146	1
1147	1
1148	1
1149	1
1150	1
1151	1
1152	1
1153	1
1154	1
1155	1
1156	1
1157	1
1158	1
1159	1
1160	1
1161	1
1162	1
1163	1
1164	1
1165	1
1166	1
1167	1
1168	1
1169	1
1170	1
1171	1
1172	1
1173	1
1174	1
1175	1
1176	1
1177	1
1178	1
1179	1
1180	1
1181	1
1182	1
1183	1
1184	1
1185	1
1186	1
1187	1
1188	1
1189	1
1190	1
1191	1
1192	1
1193	1
1194	1
1195	1
1196	1
1197	1
1198	1
1199	1
1200	1
1201	1
1202	1
1203	1
1204	1
1205	1
1206	1
1207	1
1208	1
1209	1
1210	1
1211	1
1212	1
1213	1
1214	1
1215	1
1216	1
1217	1
1218	1
1219	1
1220	1
1221	1
1222	1
1223	1
1224	1
1225	1
1226	1
1227	1
1228	1
1229	1
1230	1
1231	1
1232	1
1233	1
1234	1
1235	1
1236	1
1237	1
1238	1
1239	1
1240	1
1241	1
1242	1
1243	1
1244	1
1245	1
1246	1
1247	1
1248	1
1249	1
1250	1
1251	1
1252	1
1253	1
1254	1
1255	1
1256	1
1257	1
1258	1
1259	1
1260	1
1261	1
1262	1
1263	1
1264	1
1265	1
1266	1
1267	1
1268	1
1269	1
1270	1
1271	1
1272	1
1273	1
1274	1
1275	1
1276	1
1277	1
1278	1
1279	1
1280	1
1281	1
1282	1
1283	1
1284	1
1285	1
1286	1
1287	1
1288	1
1289	1
1290	1
1291	1
1292	1
1293	1
1294	1
1295	1
1296	1
1297	1
1298	1
1299	1
1300	1
1301	1
1302	1
1303	1
1304	1
1305	1
1306	1
1307	1
1308	1
1309	1
1310	1
1311	1
1312	1
1313	1
1314	1
1315	1
1316	1
1317	1
1318	1
1319	1
1320	1
1321	1
1322	1
1323	1
1324	1
1325	1
1326	1
1327	1
1328	1
1329	1
1330	1
1331	1
1332	1
1333	1
1334	1
1335	1
1336	1
1337	1
1338	1
1339	1
1340	1
1341	1
1342	1
1343	1
1344	1
1345	1
1346	1
1347	1
1348	1
1349	1
1350	1
1351	1
1352	1
1353	1
1354	1
1355	1
1356	1
1357	1
1358	1
1359	1
1360	1
1361	1
1362	1
1363	1
1364	1
1365	1
1366	1
1367	1
1368	1
1369	1
1370	1
1371	1
1372	1
1373	1
1374	1
1375	1
1376	1
1377	1
1378	1
1379	1
1380	1
1381	1
1382	1
1383	1
1384	1
1385	1
1386	1
1387	1
1388	1
1389	1
1390	1
1391	1
1392	1
1393	1
1394	1
1395	1
1396	1
1397	1
1398	1
1399	1
1400	1
1401	1
1402	1
1403	1
1404	1
1405	1
1406	1
1407	1
1408	1
1409	1
1410	1
1411	1
1412	1
1413	1
1414	1
1415	1
1416	1
1417	1
1418	1
1419	1
1420	1
1421	1
1422	1
1423	1
1424	1
1425	1
1426	1
1427	1
1428	1
1429	1
1430	1
1431	1
1432	1
1433	1
1434	1
1435	1
1436	1
1437	1
1438	1
1439	1
1440	1
1441	1
1442	1
1443	1
1444	1
1445	1
1446	1
1447	1
1448	1
1449	1
1450	1
1451	1
1452	1
1453	1
1454	1
1455	1
1456	1
1457	1
1458	1
1459	1
1460	1
1461	1
1462	1
1463	0.999999
1464	0.999999
1465	0.999999
1466	0.999999
1467	0.999999
1468	0.999998
1469	0.999998
1470	0.999998
1471	0.999997
1472	0.999996
1473	0.999996
1474	0.999995
1475	0.999994
1476	0.999992
1477	0.999991
1478	0.999989
1479	0.999987
1480	0.999984
1481	0.999981
1482	0.999977
1483	0.999973
1484	0.999967
1485	0.999961
1486	0.999954
1487	0.999946
1488	0.999936
1489	0.999924
1490	0.999911
1491	0.999895
1492	0.999877
1493	0.999855
1494	0.999831
1495	0.999802
1496	0.999769
1497	0.999731
1498	0.999687
1499	0.999636
1500	0.999578
1501	0.999511
1502	0.999434
1503	0.999347
1504	0.999247
1505	0.999134
1506	0.999004
1507	0.998857
1508	0.998691
1509	0.998503
1510	0.99829
1511	0.99805
1512	0.99778
1513	0.997477
1514	0.997136
1515	0.996754
1516	0.996327
1517	0.99585
1518	0.995319
1519	0.994727
1520	0.99407
1521	0.993341
1522	0.992534
1523	0.991642
1524	0.990657
1525	0.989573
1526	0.98838
1527	0.98707
1528	0.985634
1529	0.984062
1530	0.982345
1531	0.980473
1532	0.978434
1533	0.976218
1534	0.973813
1535	0.971208
1536	0.96839
1537	0.965348
1538	0.962069
1539	0.95854
1540	0.95475
1541	0.950685
1542	0.946333
1543	0.941681
1544	0.936718
1545	0.931431
1546	0.92581
1547	0.919842
1548	0.913517
1549	0.906825
1550	0.899757
1551	0.892305
1552	0.88446
1553	0.876217
1554	0.867569
1555	0.858512
1556	0.849044
1557	0.839161
1558	0.828863
1559	0.818152
1560	0.80703
1561	0.7955
1562	0.783568
1563	0.771241
1564	0.758527
1565	0.745437
1566	0.731983
1567	0.718177
1568	0.704036
1569	0.689576
1570	0.674814
1571	0.65977
1572	0.644465
1573	0.628922
1574	0.613163
1575	0.597212
1576	0.581096
1577	0.56484
1578	0.548471
1579	0.532017
1580	0.515505
1581	0.498965
1582	0.482423
1583	0.46591
1584	0.449452
1585	0.433079
1586	0.416817
1587	0.400693
1588	0.384735
1589	0.368967
1590	0.353414
1591	0.3381
1592	0.323047
1593	0.308276
1594	0.293807
1595	0.279658
1596	0.265846
1597	0.252387
1598	0.239293
1599	0.226578
1600	0.214251
1601	0.202321
1602	0.190796
1603	0.179682
1604	0.168981
1605	0.158697
1606	0.148831
1607	0.139382
1608	0.130348
1609	0.121726
1610	0.113512
1611	0.105699
1612	0.0982818
1613	0.0912519
1614	0.0846009
1615	0.0783192
1616	0.0723968
1617	0.0668229
1618	0.0615861
1619	0.0566746
1620	0.0520763
1621	0.0477787
1622	0.0437693
1623	0.0400352
1624	0.0365636
1625	0.0333418
1626	0.030357
1627	0.0275966
1628	0.0250483
1629	0.0226999
1630	0.0205394
1631	0.0185555
1632	0.0167368
1633	0.0150726
1634	0.0135523
1635	0.0121661
1636	0.0109042
1637	0.00975761
1638	0.00871761
1639	0.00777595
1640	0.00692484
1641	0.00615694
1642	0.00546533
1643	0.00484354
1644	0.00428551
1645	0.00378559
1646	0.00333853
1647	0.00293944
1648	0.00258381
1649	0.00226747
1650	0.00198658
1651	0.00173762
1652	0.00151734
1653	0.00132278
1654	0.00115126
1655	0.00100031
1656	0.0008677
1657	0.000751413
1658	0.000649622
1659	0.000560677
1660	0.000483097
1661	0.000415552
1662	0.000356847
1663	0.000305918
1664	0.000261814
1665	0.000223688
1666	0.00019079
1667	0.000162454
1668	0.00013809
1669	0.00011718
1670	9.92666e-05
1671	8.39477e-05
1672	7.08711e-05
1673	5.97288e-05
1674	5.02518e-05
1675	4.22056e-05
1676	3.53868e-05
1677	2.96183e-05
1678	2.47474e-05
1679	2.06417e-05
1680	1.71873e-05
1681	1.42862e-05
1682	1.18541e-05
1683	9.81896e-06
1684	8.11904e-06
1685	6.7017e-06
1686	5.52213e-06
1687	4.54221e-06
1688	3.72964e-06
1689	3.05706e-06
1690	2.50137e-06
1691	2.0431e-06
1692	1.66584e-06
1693	1.35585e-06
1694	1.1016e-06
1695	8.93448e-07
1696	7.23344e-07
1697	5.8459e-07
1698	4.71614e-07
1699	3.79797e-07
1700	3.05311e-07
1701	2.44998e-07
1702	1.96249e-07
1703	1.56919e-07
1704	1.25248e-07
1705	9.97904e-08
1706	7.9365e-08
1707	6.30073e-08
1708	4.99314e-08
1709	3.94982e-08
1710	3.11888e-08
1711	2.45833e-08
1712	1.93418e-08
1713	1.51905e-08
1714	1.19087e-08
1715	9.31899e-09
1716	7.27928e-09
1717	5.67573e-09
1718	4.41741e-09
1719	3.43183e-09
1720	2.66131e-09
1721	2.06003e-09
1722	1.5917e-09
1723	1.22761e-09
1724	9.4507e-10
1725	7.26232e-10
1726	5.57049e-10
1727	4.26498e-10
1728	3.25946e-10
1729	2.48643e-10
1730	1.89327e-10
1731	1.43896e-10
1732	1.09166e-10
1733	8.2666e-11
1734	6.24836e-11
1735	4.71416e-11
1736	3.55011e-11
1737	2.66855e-11
1738	2.0022e-11
1739	1.49946e-11
1740	1.12087e-11
1741	8.3632e-12
1742	6.22849e-12
1743	4.63005e-12
1744	3.43543e-12
1745	2.5443e-12
1746	1.88081e-12
1747	1.38775e-12
1748	1.02204e-12
1749	7.51299e-13
1750	5.51245e-13
1751	4.03704e-13
1752	2.95099e-13
1753	2.15307e-13
1754	1.56795e-13
1755	1.1397e-13
1756	8.26854e-14
1757	5.98758e-14
1758	4.32768e-14
1759	3.12205e-14
1760	2.24804e-14
1761	1.61565e-14
1762	1.15896e-14
1763	8.29785e-15
1764	5.92981e-15
1765	4.22953e-15
1766	3.01105e-15
1767	2.13953e-15
1768	1.51737e-15
1769	1.07408e-15
1770	7.58851e-16
1771	5.35114e-16
1772	3.76623e-16
1773	2.64567e-16
1774	1.85496e-16
1775	1.29808e-16
1776	9.06639e-17
1777	6.32025e-17
1778	4.39744e-17
1779	3.05373e-17
1780	2.11653e-17
1781	1.46414e-17
1782	1.01089e-17
1783	6.96604e-18
1784	4.79103e-18
1785	3.28876e-18
1786	2.25317e-18
1787	1.54069e-18
1788	1.05146e-18
1789	7.16192e-19
1790	4.86879e-19
1791	3.30345e-19
1792	2.23702e-19
1793	1.5119e-19
1794	1.01984e-19
1795	6.86581e-20
1796	4.61321e-20
1797	3.0936e-20
1798	2.0705e-20
1799	1.38304e-20
1800	9.22027e-21
1801	6.13478e-21
1802	4.07381e-21
1803	2.6999e-21
1804	1.78582e-21
1805	1.17889e-21
1806	7.76698e-22
1807	5.10708e-22
1808	3.35146e-22
1809	2.19501e-22
1810	1.43476e-22
1811	9.35965e-23
1812	6.09366e-23
1813	3.95945e-23
1814	2.56759e-23
1815	1.66171e-23
1816	1.07329e-23
1817	6.9185e-24
1818	4.45083e-24
1819	2.8576e-24
1820	1.83102e-24
1821	1.17089e-24
1822	7.47252e-25
1823	4.75935e-25
1824	3.02521e-25
1825	1.91907e-25
1826	1.21493e-25
1827	7.67603e-26
1828	4.84001e-26
1829	3.04565e-26
1830	1.91265e-26
1831	1.1987e-26
1832	7.49739e-27
1833	4.6798e-27
1834	2.91517e-27
1835	1.81225e-27
1836	1.12432e-27
1837	6.96109e-28
1838	4.30111e-28
1839	2.65215e-28
1840	1.63203e-28
1841	1.00224e-28
1842	6.14223e-29
1843	3.75657e-29
1844	2.29281e-29
1845	1.39653e-29
1846	8.48875e-30
1847	5.14924e-30
1848	3.11708e-30
1849	1.88304e-30
1850	1.1352e-30
1851	6.82954e-31
1852	4.10026e-31
1853	2.45659e-31
1854	1.46878e-31
1855	8.76349e-32
1856	5.21792e-32
1857	3.10038e-32
1858	1.83836e-32
1859	1.08778e-32
1860	6.4231e-33
1861	3.7848e-33
1862	2.22553e-33
1863	1.30592e-33
1864	7.647e-34
1865	4.46843e-34
1866	2.6056e-34
1867	1.51617e-34
1868	8.80391e-35
1869	5.10139e-35
1870	2.94976e-35
1871	1.70204e-35
1872	9.80016e-36
1873	5.63093e-36
1874	3.22855e-36
1875	1.8472e-36
1876	1.05463e-36
1877	6.00849e-37
1878	3.41591e-37
1879	1.93786e-37
1880	1.09702e-37
1881	6.19696e-38
1882	3.49314e-38
1883	1.96483e-38
1884	1.10282e-38
1885	6.17668e-39
1886	3.45202e-39
1887	1.92512e-39
1888	1.0713e-39
1889	5.94877e-40
1890	3.29616e-40
1891	1.82244e-40
1892	1.00545e-40
1893	5.53511e-41
1894	3.04056e-41
1895	1.66663e-41
1896	9.11558e-42
1897	4.97491e-42
1898	2.7092e-42
1899	1.47215e-42
1900	7.98208e-43
1901	4.3185e-43
1902	2.33131e-43
1903	1.25579e-43
1904	6.7497e-44
1905	3.61992e-44
1906	1.93713e-44
1907	1.03435e-44
1908	5.51084e-45
1909	2.92962e-45
1910	1.55399e-45
1911	8.2248e-46
1912	4.34353e-46
1913	2.28875e-46
1914	1.20335e-46
1915	6.3128e-47
1916	3.30436e-47
1917	1.72578e-47
1918	8.99327e-48
1919	4.67607e-48
1920	2.42591e-48
1921	1.25573e-48
1922	6.48559e-49
1923	3.34216e-49
1924	1.71843e-49
1925	8.81575e-50
1926	4.51244e-50
1927	2.30454e-50
1928	1.1743e-50
1929	5.97026e-51
1930	3.02848e-51
1931	1.53276e-51
1932	7.73999e-52
1933	3.8996e-52
1934	1.96026e-52
1935	9.83149e-53
1936	4.91967e-53
1937	2.45619e-53
1938	1.22348e-53
1939	6.08049e-54
1940	3.01499e-54
1941	1.49155e-54
1942	7.36195e-55
1943	3.62535e-55
1944	1.78118e-55
1945	8.73101e-56
1946	4.26992e-56
1947	2.0834e-56
1948	1.01419e-56
1949	4.92561e-57
1950	2.38668e-57
1951	1.15377e-57
1952	5.56462e-58
1953	2.67757e-58
1954	1.28538e-58
1955	6.15616e-59
1956	2.94152e-59
1957	1.40223e-59
1958	6.66877e-60
1959	3.16413e-60
1960	1.49776e-60
1961	7.07306e-61
1962	3.33234e-61
1963	1.56627e-61
1964	7.3444e-62
1965	3.43573e-62
1966	1.60344e-62
1967	7.46544e-63
1968	3.46758e-63
1969	1.60681e-63
1970	7.4279e-64
1971	3.42556e-64
1972	1.57602e-64
1973	7.23352e-65
1974	3.31206e-65
1975	1.51288e-65
1976	6.89392e-66
1977	3.13389e-66
1978	1.4212e-66
1979	6.4295e-67
1980	2.90168e-67
1981	1.30639e-67
1982	5.86734e-68
1983	2.62879e-68
1984	1.17494e-68
1985	5.23863e-69
1986	2.33003e-69
1987	1.03382e-69
1988	4.5758e-70
1989	2.02034e-70
1990	8.89853e-71
1991	3.90971e-71
1992	1.71358e-71
1993	7.49192e-72
1994	3.26746e-72
1995	1.42153e-72
1996	6.16917e-73
1997	2.67068e-73
1998	1.15329e-73
1999	4.96794e-74
2000	2.13468e-74
2001	9.14973e-75
2002	3.912e-75
2003	1.66841e-75
2004	7.09774e-76
2005	3.01195e-76
2006	1.27493e-76
2007	5.38308e-77
2008	2.26716e-77
2009	9.52437e-78
2010	3.99111e-78
2011	1.66821e-78
2012	6.95519e-79
2013	2.89244e-79
2014	1.19981e-79
2015	4.9643e-80
2016	2.04878e-80
2017	8.43375e-81
2018	3.46287e-81
2019	1.4182e-81
2020	5.7933e-82
2021	2.36046e-82
2022	9.59287e-83
2023	3.88849e-83
2024	1.57214e-83
2025	6.33981e-84
2026	2.54998e-84
2027	1.02299e-84
2028	4.09329e-85
2029	1.6336e-85
2030	6.50255e-86
2031	2.5816e-86
2032	1.02225e-86
2033	4.03724e-87
2034	1.59028e-87
2035	6.24767e-88
2036	2.44805e-88
2037	9.56698e-89
2038	3.72891e-89
2039	1.44957e-89
2040	5.62009e-90
2041	2.17317e-90
2042	8.38086e-91
2043	3.22348e-91
2044	1.23652e-91
2045	4.73061e-92
2046	1.80496e-92
2047	6.86837e-93
2048	2.60658e-93
2049	9.86549e-94
2050	3.72387e-94
2051	1.40183e-94
2052	5.26285e-95
2053	1.97046e-95
2054	7.35759e-96
2055	2.73981e-96
2056	1.01747e-96
2057	3.76821e-97
2058	1.39175e-97
2059	5.12621e-98
2060	1.88295e-98
2061	6.89741e-99
2062	2.51963e-99
2063	9.17882e-100
2064	3.33455e-100
2065	1.20804e-100
2066	4.36438e-101
2067	1.57237e-101
2068	5.64908e-102
2069	2.02389e-102
2070	7.23073e-103
2071	2.57609e-103
2072	9.15207e-104
2073	3.24233e-104
2074	1.14544e-104
2075	4.03515e-105
2076	1.41749e-105
2077	4.96533e-106
2078	1.73438e-106
2079	6.04096e-107
2080	2.09811e-107
2081	7.26629e-108
2082	2.50931e-108
2083	8.64073e-109
2084	2.96688e-109
2085	1.01578e-109
2086	3.46775e-110
2087	1.18044e-110
2088	4.00663e-111
2089	1.35599e-111
2090	4.57587e-112
2091	1.53966e-112
2092	5.16548e-113
2093	1.72793e-113
2094	5.7633e-114
2095	1.91665e-114
2096	6.35529e-115
2097	2.10111e-115
2098	6.926e-116
2099	2.2763e-116
2100	7.45918e-117
2101	2.43704e-117
2102	7.93856e-118
2103	2.57825e-118
2104	8.34858e-119
2105	2.69525e-119
2106	8.67526e-120
2107	2.78394e-120
2108	8.90697e-121
2109	2.84111e-121
2110	9.03511e-122
2111	2.86459e-122
2112	9.05464e-123
2113	2.85337e-123
2114	8.96438e-124
2115	2.80773e-124
2116	8.76717e-125
2117	2.72917e-125
2118	8.46964e-126
2119	2.62036e-126
2120	8.08192e-127
2121	2.48498e-127
2122	7.61701e-128
2123	2.32753e-128
2124	7.0901e-129
2125	2.15304e-129
2126	6.51769e-130
2127	1.96685e-130
2128	5.91677e-131
2129	1.77431e-131
2130	5.30398e-132
2131	1.58052e-132
2132	4.69483e-133
2133	1.39014e-133
2134	4.10312e-134
2135	1.20721e-134
2136	3.54046e-135
2137	1.03501e-135
2138	3.016e-136
2139	8.76031e-137
2140	2.53632e-137
2141	7.31952e-138
2142	2.10548e-138
2143	6.03681e-139
2144	1.72523e-139
2145	4.91437e-140
2146	1.39529e-140
2147	3.94854e-141
2148	1.11373e-141
2149	3.13103e-142
2150	8.77324e-143
2151	2.45015e-143
2152	6.81997e-144
2153	1.89202e-144
2154	5.2314e-145
2155	1.44164e-145
2156	3.95948e-146
2157	1.08382e-146
2158	2.95676e-147
2159	8.03903e-148
2160	2.17831e-148
2161	5.8825e-149
2162	1.58316e-149
2163	4.24624e-150
2164	1.135e-150
2165	3.02344e-151
2166	8.02621e-152
2167	2.12335e-152
2168	5.598e-153
2169	1.47075e-153
2170	3.85065e-154
2171	1.00465e-154
2172	2.61206e-155
2173	6.7675e-156
2174	1.74722e-156
2175	4.49511e-157
2176	1.15239e-157
2177	2.94389e-158
2178	7.49382e-159
2179	1.90081e-159
2180	4.80427e-160
2181	1.20993e-160
2182	3.03626e-161
2183	7.59197e-162
2184	1.89149e-162
2185	4.69553e-163
2186	1.16142e-163
2187	2.86232e-164
2188	7.02851e-165
2189	1.71957e-165
2190	4.19167e-166
2191	1.01802e-166
2192	2.46336e-167
2193	5.93872e-168
2194	1.42642e-168
2195	3.41343e-169
2196	8.13795e-170
2197	1.93293e-170
2198	4.57392e-171
2199	1.07828e-171
2200	2.53241e-172
2201	5.92512e-173
2202	1.38106e-173
2203	3.20685e-174
2204	7.41803e-175
2205	1.70937e-175
2206	3.92392e-176
2207	8.9729e-177
2208	2.04395e-177
2209	4.63796e-178
2210	1.04833e-178
2211	2.36037e-179
2212	5.29376e-180
2213	1.18263e-180
2214	2.63165e-181
2215	5.83306e-182
2216	1.2878e-182
2217	2.8319e-183
2218	6.20271e-184
2219	1.35317e-184
2220	2.94027e-185
2221	6.36323e-186
2222	1.37158e-186
2223	2.94448e-187
2224	6.29562e-188
2225	1.34061e-188
2226	2.84313e-189
2227	6.00501e-190
2228	1.26313e-190
2229	2.64605e-191
2230	5.52016e-192
2231	1.14685e-192
2232	2.37278e-193
2233	4.88873e-194
2234	1.00304e-194
2235	2.04935e-195
2236	4.16952e-196
2237	8.44736e-197
2238	1.70417e-197
2239	3.42341e-198
2240	6.8478e-199
2241	1.3639e-199
2242	2.70488e-200
2243	5.34122e-201
2244	1.05016e-201
2245	2.0558e-202
2246	4.00697e-203
2247	7.77593e-204
2248	1.50239e-204
2249	2.89002e-205
2250	5.53478e-206
2251	1.0553e-206
2252	2.00316e-207
2253	3.78544e-208
2254	7.12149e-209
2255	1.33374e-209
2256	2.48664e-210
2257	4.61514e-211
2258	8.52673e-212
2259	1.56819e-212
2260	2.87093e-213
2261	5.2318e-214
2262	9.49019e-215
2263	1.71351e-215
2264	3.07949e-216
2265	5.50863e-217
2266	9.80785e-218
2267	1.73804e-218
2268	3.06547e-219
2269	5.38115e-220
2270	9.40126e-221
2271	1.63464e-221
2272	2.82864e-222
2273	4.87125e-223
2274	8.34841e-224
2275	1.42384e-224
2276	2.41658e-225
2277	4.08147e-226
2278	6.85961e-227
2279	1.1472e-227
2280	1.90911e-228
2281	3.16128e-229
2282	5.20866e-230
2283	8.53911e-231
2284	1.39288e-231
2285	2.26057e-232
2286	3.65021e-233
2287	5.86414e-234
2288	9.37276e-235
2289	1.49038e-235
2290	2.35769e-236
2291	3.71042e-237
2292	5.80894e-238
2293	9.0469e-239
2294	1.40159e-239
2295	2.15998e-240
2296	3.31115e-241
2297	5.04887e-242
2298	7.65751e-243
2299	1.15518e-243
2300	1.73327e-244
2301	2.58659e-245
2302	3.83907e-246
2303	5.66694e-247
2304	8.31925e-248
2305	1.21457e-248
2306	1.7634e-249
2307	2.546e-250
2308	3.6554e-251
2309	5.21877e-252
2310	7.40876e-253
2311	1.04582e-253
2312	1.46787e-254
2313	2.04847e-255
2314	2.84228e-256
2315	3.92092e-257
2316	5.37752e-258
2317	7.33221e-259
2318	9.93882e-260
2319	1.33927e-260
2320	1.794e-261
2321	2.38882e-262
2322	3.16184e-263
2323	4.15983e-264
2324	5.43976e-265
2325	7.07027e-266
2326	9.13339e-267
2327	1.17261e-267
2328	1.49619e-268
2329	1.89721e-269
2330	2.3907e-270
2331	2.99366e-271
2332	3.72506e-272
2333	4.60575e-273
2334	5.65834e-274
2335	6.90692e-275
2336	8.37664e-276
2337	1.00932e-276
2338	1.20823e-277
2339	1.43685e-278
2340	1.69745e-279
2341	1.99202e-280
2342	2.32211e-281
2343	2.68873e-282
2344	3.09221e-283
2345	3.53209e-284
2346	4.00698e-285
2347	4.51447e-286
2348	5.05106e-287
2349	5.61211e-288
2350	6.19184e-289
2351	6.78333e-290
2352	7.37865e-291
2353	7.96898e-292
2354	8.54476e-293
2355	9.09597e-294
2356	9.61235e-295
2357	1.00837e-295
2358	1.05003e-296
2359	1.08531e-297
2360	1.1134e-298
2361	1.13363e-299
2362	1.14551e-300
2363	1.1487e-301
2364	1.14307e-302
2365	1.12869e-303
2366	1.10583e-304
2367	1.07495e-305
2368	1.0367e-306
2369	9.91879e-308
2370	9.41409e-309
2371	8.86314e-310
2372	8.27676e-311
2373	7.66604e-312
2374	7.04195e-313
2375	6.41505e-314
2376	5.79514e-315
2377	5.19108e-316
2378	4.61059e-317
2379	4.06048e-318
2380	3.54981e-319
2381	3.12249e-320
2382	3.18672e-321
2383	7.85564e-322
2384	5.87938e-322
2385	5.73116e-322
2386	5.68175e-322
2387	5.63235e-322
2388	5.58294e-322
2389	5.53354e-322
2390	5.48413e-322
2391	5.43472e-322
2392	5.38532e-322
2393	5.33591e-322
2394	5.2865e-322
2395	5.2371e-322
2396	5.18769e-322
2397	5.13828e-322
2398	5.08888e-322
2399	5.03947e-322
2400	4.99006e-322
2401	4.94066e-322
2402	4.89125e-322
2403	4.84184e-322
2404	4.79244e-322
2405	4.74303e-322
2406	4.69362e-322
2407	4.64422e-322
2408	4.59481e-322
2409	4.5454e-322
2410	4.496e-322
2411	4.44659e-322
2412	4.39718e-322
2413	4.34778e-322
2414	4.29837e-322
2415	4.24896e-322
2416	4.19956e-322
2417	4.15015e-322
2418	4.10074e-322
2419	4.05134e-322
2420	4.00193e-322
2421	3.95253e-322
2422	3.90312e-322
2423	3.85371e-322
2424	3.80431e-322
2425	3.7549e-322
2426	3.70549e-322
2427	3.65609e-322
2428	3.60668e-322
2429	3.55727e-322
2430	3.50787e-322
2431	3.45846e-322
2432	3.40905e-322
2433	3.35965e-322
2434	3.31024e-322
2435	3.26083e-322
2436	3.21143e-322
2437	3.16202e-322
2438	3.11261e-322
2439	3.06321e-322
2440	3.0138e-322
2441	2.96439e-322
2442	2.91499e-322
2443	2.86558e-322
2444	2.81617e-322
2445	2.76677e-322
2446	2.71736e-322
2447	2.66795e-322
2448	2.61855e-322
2449	2.56914e-322
2450	2.51973e-322
2451	2.47033e-322
2452	2.42092e-322
2453	2.37152e-322
2454	2.32211e-322
2455	2.2727e-322
2456	2.2233e-322
2457	2.17389e-322
2458	2.12448e-322
2459	2.07508e-322
2460	2.02567e-322
2461	1.97626e-322
2462	1.92686e-322
2463	1.87745e-322
2464	1.82804e-322
2465	1.77864e-322
2466	1.72923e-322
2467	1.67982e-322
2468	1.63042e-322
2469	1.58101e-322
2470	1.5316e-322
2471	1.4822e-322
2472	1.43279e-322
2473	1.38338e-322
2474	1.33398e-322
2475	1.28457e-322
2476	1.23516e-322
2477	1.18576e-322
2478	1.13635e-322
2479	1.08694e-322
2480	1.03754e-322
2481	9.88131e-323
2482	9.38725e-323
2483	8.89318e-323
2484	8.39912e-323
2485	7.90505e-323
2486	7.41098e-323
2487	6.91692e-323
2488	6.42285e-323
2489	5.92879e-323
2490	5.43472e-323
2491	4.94066e-323
2492	4.44659e-323
2493	3.95253e-323
2494	3.45846e-323
2495	2.96439e-323
2496	2.47033e-323
2497	1.97626e-323
2498	1.4822e-323
2499	9.88131e-324
2500	4.94066e-324
