k	pvalue
0	1
1	1
2	1
3	1
4	1
5	1
6	1
7	1
8	1
9	1
10	1
11	1
12	1
13	1
14	1
15	1
16	1
17	1
18	1
19	0.999999
20	0.999998
21	0.999995
22	0.999989
23	0.999975
24	0.999947
25	0.999889
26	0.999778
27	0.999574
28	0.999211
29	0.99859
30	0.997563
31	0.995923
32	0.993389
33	0.989598
34	0.9841
35	0.976365
36	0.965797
37	0.951766
38	0.933648
39	0.910877
40	0.883003
41	0.849749
42	0.811061
43	0.76714
44	0.718456
45	0.665743
46	0.609956
47	0.552225
48	0.493776
49	0.435857
50	0.379657
51	0.326237
52	0.276477
53	0.231035
54	0.190336
55	0.154574
56	0.123736
57	0.0976274
58	0.0759208
59	0.058192
60	0.0439635
61	0.032739
62	0.024033
63	0.0173922
64	0.012409
65	0.00872958
66	0.0060558
67	0.00414299
68	0.00279556
69	0.00186074
70	0.00122184
71	0.000791603
72	0.000506077
73	0.000319296
74	0.000198836
75	0.000122228
76	7.41779e-05
77	4.44489e-05
78	2.63017e-05
79	1.53707e-05
80	8.87245e-06
81	5.05925e-06
82	2.85018e-06
83	1.58654e-06
84	8.72725e-07
85	4.74457e-07
86	2.54952e-07
87	1.3543e-07
88	7.11225e-08
89	3.69307e-08
90	1.89627e-08
91	9.62925e-09
92	4.83624e-09
93	2.40265e-09
94	1.18083e-09
95	5.74163e-10
96	2.76237e-10
97	1.31512e-10
98	6.19627e-11
99	2.88944e-11
100	1.3337e-11
101	6.09396e-12
102	2.75663e-12
103	1.23462e-12
104	5.47518e-13
105	2.40444e-13
106	1.04571e-13
107	4.50435e-14
108	1.92179e-14
109	8.12214e-15
110	3.40062e-15
111	1.41059e-15
112	5.79741e-16
113	2.36096e-16
114	9.52787e-17
115	3.81055e-17
116	1.51041e-17
117	5.934e-18
118	2.31087e-18
119	8.92089e-19
120	3.41409e-19
121	1.2954e-19
122	4.87327e-20
123	1.81785e-20
124	6.72416e-21
125	2.46655e-21
126	8.97308e-22
127	3.23755e-22
128	1.15862e-22
129	4.11284e-23
130	1.44825e-23
131	5.05903e-24
132	1.75324e-24
133	6.0282e-25
134	2.05651e-25
135	6.96133e-26
136	2.33828e-26
137	7.7941e-27
138	2.57824e-27
139	8.46425e-28
140	2.75794e-28
141	8.91934e-29
142	2.86322e-29
143	9.12367e-30
144	2.88602e-30
145	9.06282e-31
146	2.82542e-31
147	8.74532e-32
148	2.68759e-32
149	8.20092e-33
150	2.48482e-33
151	7.47613e-34
152	2.23372e-34
153	6.62777e-35
154	1.95304e-35
155	5.71582e-36
156	1.66145e-36
157	4.7968e-37
158	1.3756e-37
159	3.91855e-38
160	1.10884e-38
161	3.11698e-39
162	8.70446e-40
163	2.41495e-40
164	6.65652e-41
165	1.82296e-41
166	4.96032e-42
167	1.34111e-42
168	3.6029e-43
169	9.61817e-44
170	2.55151e-44
171	6.72639e-45
172	1.76222e-45
173	4.58827e-46
174	1.1873e-46
175	3.05356e-47
176	7.80558e-48
177	1.98321e-48
178	5.00851e-49
179	1.25731e-49
180	3.13746e-50
181	7.78273e-51
182	1.91919e-51
183	4.70485e-52
184	1.14665e-52
185	2.77834e-53
186	6.69299e-54
187	1.60306e-54
188	3.81753e-55
189	9.0393e-56
190	2.12822e-56
191	4.9824e-57
192	1.15988e-57
193	2.68507e-58
194	6.18118e-59
195	1.41506e-59
196	3.22164e-60
197	7.29438e-61
198	1.64256e-61
199	3.67862e-62
200	8.19389e-63
201	1.8153e-63
202	4.0001e-64
203	8.7673e-65
204	1.91137e-65
205	4.14495e-66
206	8.94124e-67
207	1.91863e-67
208	4.09551e-68
209	8.6968e-69
210	1.83719e-69
211	3.86104e-70
212	8.07266e-71
213	1.6792e-71
214	3.47511e-72
215	7.1553e-73
216	1.46584e-73
217	2.98783e-74
218	6.0596e-75
219	1.22281e-75
220	2.45534e-76
221	4.9058e-77
222	9.75353e-78
223	1.92964e-78
224	3.79895e-79
225	7.44268e-80
226	1.45105e-80
227	2.81537e-81
228	5.43614e-82
229	1.04462e-82
230	1.99779e-83
231	3.80251e-84
232	7.20324e-85
233	1.35809e-85
234	2.5485e-86
235	4.75994e-87
236	8.84884e-88
237	1.63737e-88
238	3.01573e-89
239	5.52877e-90
240	1.00893e-90
241	1.83275e-91
242	3.31405e-92
243	5.96532e-93
244	1.0689e-93
245	1.90667e-94
246	3.38576e-95
247	5.98531e-96
248	1.05335e-96
249	1.84554e-97
250	3.21916e-98
251	5.59035e-99
252	9.66539e-100
253	1.66376e-100
254	2.85139e-101
255	4.86551e-102
256	8.26627e-103
257	1.39832e-103
258	2.35521e-104
259	3.94984e-105
260	6.59578e-106
261	1.09672e-106
262	1.81581e-107
263	2.99366e-108
264	4.91468e-109
265	8.03442e-110
266	1.30794e-110
267	2.1203e-111
268	3.42289e-112
269	5.50275e-113
270	8.80975e-114
271	1.40459e-114
272	2.2302e-115
273	3.52657e-116
274	5.55367e-117
275	8.71032e-118
276	1.36056e-118
277	2.11661e-119
278	3.27947e-120
279	5.06075e-121
280	7.7782e-122
281	1.1907e-122
282	1.81547e-123
283	2.75706e-124
284	4.17039e-125
285	6.28329e-126
286	9.42938e-127
287	1.40951e-127
288	2.0987e-128
289	3.11267e-129
290	4.59855e-130
291	6.76737e-131
292	9.92052e-132
293	1.44867e-132
294	2.10732e-133
295	3.05367e-134
296	4.40807e-135
297	6.33893e-136
298	9.08089e-137
299	1.29596e-137
300	1.8425e-138
301	2.60966e-139
302	3.68234e-140
303	5.17646e-141
304	7.24962e-142
305	1.01152e-142
306	1.40611e-143
307	1.94737e-144
308	2.68701e-145
309	3.69391e-146
310	5.05945e-147
311	6.90439e-148
312	9.38765e-149
313	1.27175e-149
314	1.71658e-150
315	2.30861e-151
316	3.09358e-152
317	4.13051e-153
318	5.49516e-154
319	7.28444e-155
320	9.62178e-156
321	1.26637e-156
322	1.66081e-157
323	2.17037e-158
324	2.82623e-159
325	3.66728e-160
326	4.74186e-161
327	6.10977e-162
328	7.8447e-163
329	1.00371e-163
330	1.27974e-164
331	1.62601e-165
332	2.05882e-166
333	2.5978e-167
334	3.26657e-168
335	4.09338e-169
336	5.11185e-170
337	6.36186e-171
338	7.89048e-172
339	9.75306e-173
340	1.20143e-173
341	1.47497e-174
342	1.80465e-175
343	2.20058e-176
344	2.67434e-177
345	3.23919e-178
346	3.91018e-179
347	4.70441e-180
348	5.64108e-181
349	6.74175e-182
350	8.03046e-183
351	9.53384e-184
352	1.12813e-184
353	1.33051e-185
354	1.56403e-186
355	1.83252e-187
356	2.14007e-188
357	2.49108e-189
358	2.89022e-190
359	3.34242e-191
360	3.85285e-192
361	4.42686e-193
362	5.06998e-194
363	5.78785e-195
364	6.58615e-196
365	7.47053e-197
366	8.44659e-198
367	9.5197e-199
368	1.0695e-199
369	1.19773e-200
370	1.33708e-201
371	1.48792e-202
372	1.65056e-203
373	1.82522e-204
374	2.01202e-205
375	2.21098e-206
376	2.42203e-207
377	2.64494e-208
378	2.87938e-209
379	3.12486e-210
380	3.38076e-211
381	3.6463e-212
382	3.92056e-213
383	4.20247e-214
384	4.4908e-215
385	4.78421e-216
386	5.08118e-217
387	5.38012e-218
388	5.67928e-219
389	5.97684e-220
390	6.27091e-221
391	6.55953e-222
392	6.84069e-223
393	7.11239e-224
394	7.37263e-225
395	7.61945e-226
396	7.85092e-227
397	8.06523e-228
398	8.26066e-229
399	8.43562e-230
400	8.58868e-231
401	8.71858e-232
402	8.82423e-233
403	8.90478e-234
404	8.95956e-235
405	8.98814e-236
406	8.99033e-237
407	8.96617e-238
408	8.9159e-239
409	8.84003e-240
410	8.73926e-241
411	8.61451e-242
412	8.4669e-243
413	8.2977e-244
414	8.10837e-245
415	7.90049e-246
416	7.67577e-247
417	7.436e-248
418	7.18305e-249
419	6.91883e-250
420	6.64528e-251
421	6.36433e-252
422	6.0779e-253
423	5.78787e-254
424	5.49604e-255
425	5.20414e-256
426	4.91382e-257
427	4.62661e-258
428	4.34391e-259
429	4.06703e-260
430	3.79711e-261
431	3.53517e-262
432	3.28211e-263
433	3.03865e-264
434	2.80543e-265
435	2.5829e-266
436	2.37142e-267
437	2.17123e-268
438	1.98244e-269
439	1.80506e-270
440	1.63903e-271
441	1.48418e-272
442	1.34027e-273
443	1.207e-274
444	1.084e-275
445	9.70881e-277
446	8.67195e-278
447	7.72473e-279
448	6.86229e-280
449	6.0796e-281
450	5.3716e-282
451	4.73323e-283
452	4.15947e-284
453	3.64541e-285
454	3.1863e-286
455	2.77753e-287
456	2.41472e-288
457	2.09368e-289
458	1.81048e-290
459	1.56141e-291
460	1.34302e-292
461	1.15211e-293
462	9.85712e-295
463	8.41115e-296
464	7.15832e-297
465	6.07602e-298
466	5.14377e-299
467	4.3431e-300
468	3.65743e-301
469	3.07194e-302
470	2.57341e-303
471	2.15016e-304
472	1.79183e-305
473	1.48933e-306
474	1.23468e-307
475	1.02091e-308
476	8.41966e-310
477	6.92589e-311
478	5.68241e-312
479	4.65016e-313
480	3.79563e-314
481	3.09015e-315
482	2.50935e-316
483	2.03248e-317
484	1.64202e-318
485	1.32321e-319
486	1.06175e-320
487	8.34971e-322
488	5.43472e-323
489	0
490	0
491	0
492	0
493	0
494	0
495	0
496	0
497	0
498	0
499	0
500	0
501	0
502	0
503	0
504	0
505	0
506	0
507	0
508	0
509	0
510	0
511	0
512	0
513	0
514	0
515	0
516	0
517	0
518	0
519	0
520	0
521	0
522	0
523	0
524	0
525	0
526	0
527	0
528	0
529	0
530	0
531	0
532	0
533	0
534	0
535	0
536	0
537	0
538	0
539	0
540	0
541	0
542	0
543	0
544	0
545	0
546	0
547	0
548	0
549	0
550	0
551	0
552	0
553	0
554	0
555	0
556	0
557	0
558	0
559	0
560	0
561	0
562	0
563	0
564	0
565	0
566	0
567	0
568	0
569	0
570	0
571	0
572	0
573	0
574	0
575	0
576	0
577	0
578	0
579	0
580	0
581	0
582	0
583	0
584	0
585	0
586	0
587	0
588	0
589	0
590	0
591	0
592	0
593	0
594	0
595	0
596	0
597	0
598	0
599	0
600	0
601	0
602	0
603	0
604	0
605	0
606	0
607	0
608	0
609	0
610	0
611	0
612	0
613	0
614	0
615	0
616	0
617	0
618	0
619	0
620	0
621	0
622	0
623	0
624	0
625	0
626	0
627	0
628	0
629	0
630	0
631	0
632	0
633	0
634	0
635	0
636	0
637	0
638	0
639	0
640	0
641	0
642	0
643	0
644	0
645	0
646	0
647	0
648	0
649	0
650	0
651	0
652	0
653	0
654	0
655	0
656	0
657	0
658	0
659	0
660	0
661	0
662	0
663	0
664	0
665	0
666	0
667	0
668	0
669	0
670	0
671	0
672	0
673	0
674	0
675	0
676	0
677	0
678	0
679	0
680	0
681	0
682	0
683	0
684	0
685	0
686	0
687	0
688	0
689	0
690	0
691	0
692	0
693	0
694	0
695	0
696	0
697	0
698	0
699	0
700	0
701	0
702	0
703	0
704	0
705	0
706	0
707	0
708	0
709	0
710	0
711	0
712	0
713	0
714	0
715	0
716	0
717	0
718	0
719	0
720	0
721	0
722	0
723	0
724	0
725	0
726	0
727	0
728	0
729	0
730	0
731	0
732	0
733	0
734	0
735	0
736	0
737	0
738	0
739	0
740	0
741	0
742	0
743	0
744	0
745	0
746	0
747	0
748	0
749	0
750	0
751	0
752	0
753	0
754	0
755	0
756	0
757	0
758	0
759	0
760	0
761	0
762	0
763	0
764	0
765	0
766	0
767	0
768	0
769	0
770	0
771	0
772	0
773	0
774	0
775	0
776	0
777	0
778	0
779	0
780	0
781	0
782	0
783	0
784	0
785	0
786	0
787	0
788	0
789	0
790	0
791	0
792	0
793	0
794	0
795	0
796	0
797	0
798	0
799	0
800	0
801	0
802	0
803	0
804	0
805	0
806	0
807	0
808	0
809	0
810	0
811	0
812	0
813	0
814	0
815	0
816	0
817	0
818	0
819	0
820	0
821	0
822	0
823	0
824	0
825	0
826	0
827	0
828	0
829	0
830	0
831	0
832	0
833	0
834	0
835	0
836	0
837	0
838	0
839	0
840	0
841	0
842	0
843	0
844	0
845	0
846	0
847	0
848	0
849	0
850	0
851	0
852	0
853	0
854	0
855	0
856	0
857	0
858	0
859	0
860	0
861	0
862	0
863	0
864	0
865	0
866	0
867	0
868	0
869	0
870	0
871	0
872	0
873	0
874	0
875	0
876	0
877	0
878	0
879	0
880	0
881	0
882	0
883	0
884	0
885	0
886	0
887	0
888	0
889	0
890	0
891	0
892	0
893	0
894	0
895	0
896	0
897	0
898	0
899	0
900	0
901	0
902	0
903	0
904	0
905	0
906	0
907	0
908	0
909	0
910	0
911	0
912	0
913	0
914	0
915	0
916	0
917	0
918	0
919	0
920	0
921	0
922	0
923	0
924	0
925	0
926	0
927	0
928	0
929	0
930	0
931	0
932	0
933	0
934	0
935	0
936	0
937	0
938	0
939	0
940	0
941	0
942	0
943	0
944	0
945	0
946	0
947	0
948	0
949	0
950	0
951	0
952	0
953	0
954	0
955	0
956	0
957	0
958	0
959	0
960	0
961	0
962	0
963	0
964	0
965	0
966	0
967	0
968	0
969	0
970	0
971	0
972	0
973	0
974	0
975	0
976	0
977	0
978	0
979	0
980	0
981	0
982	0
983	0
984	0
985	0
986	0
987	0
988	0
989	0
990	0
991	0
992	0
993	0
994	0
995	0
996	0
997	0
998	0
999	0
1000	0
1001	0
1002	0
1003	0
1004	0
1005	0
1006	0
1007	0
1008	0
1009	0
1010	0
1011	0
1012	0
1013	0
1014	0
1015	0
1016	0
1017	0
1018	0
1019	0
1020	0
1021	0
1022	0
1023	0
1024	0
1025	0
1026	0
1027	0
1028	0
1029	0
1030	0
1031	0
1032	0
1033	0
1034	0
1035	0
1036	0
1037	0
1038	0
1039	0
1040	0
1041	0
1042	0
1043	0
1044	0
1045	0
1046	0
1047	0
1048	0
1049	0
1050	0
1051	0
1052	0
1053	0
1054	0
1055	0
1056	0
1057	0
1058	0
1059	0
1060	0
1061	0
1062	0
1063	0
1064	0
1065	0
1066	0
1067	0
1068	0
1069	0
1070	0
1071	0
1072	0
1073	0
1074	0
1075	0
1076	0
1077	0
1078	0
1079	0
1080	0
1081	0
1082	0
1083	0
1084	0
1085	0
1086	0
1087	0
1088	0
1089	0
1090	0
1091	0
1092	0
1093	0
1094	0
1095	0
1096	0
1097	0
1098	0
1099	0
1100	0
1101	0
1102	0
1103	0
1104	0
1105	0
1106	0
1107	0
1108	0
1109	0
1110	0
1111	0
1112	0
1113	0
1114	0
1115	0
1116	0
1117	0
1118	0
1119	0
1120	0
1121	0
1122	0
1123	0
1124	0
1125	0
1126	0
1127	0
1128	0
1129	0
1130	0
1131	0
1132	0
1133	0
1134	0
1135	0
1136	0
1137	0
1138	0
1139	0
1140	0
1141	0
1142	0
1143	0
1144	0
1145	0
1146	0
1147	0
1148	0
1149	0
1150	0
1151	0
1152	0
1153	0
1154	0
1155	0
1156	0
1157	0
1158	0
1159	0
1160	0
1161	0
1162	0
1163	0
1164	0
1165	0
1166	0
1167	0
1168	0
1169	0
1170	0
1171	0
1172	0
1173	0
1174	0
1175	0
1176	0
1177	0
1178	0
1179	0
1180	0
1181	0
1182	0
1183	0
1184	0
1185	0
1186	0
1187	0
1188	0
1189	0
1190	0
1191	0
1192	0
1193	0
1194	0
1195	0
1196	0
1197	0
1198	0
1199	0
1200	0
1201	0
1202	0
1203	0
1204	0
1205	0
1206	0
1207	0
1208	0
1209	0
1210	0
1211	0
1212	0
1213	0
1214	0
1215	0
1216	0
1217	0
1218	0
1219	0
1220	0
1221	0
1222	0
1223	0
1224	0
1225	0
1226	0
1227	0
1228	0
1229	0
1230	0
1231	0
1232	0
1233	0
1234	0
1235	0
1236	0
1237	0
1238	0
1239	0
1240	0
1241	0
1242	0
1243	0
1244	0
1245	0
1246	0
1247	0
1248	0
1249	0
1250	0
1251	0
1252	0
1253	0
1254	0
1255	0
1256	0
1257	0
1258	0
1259	0
1260	0
1261	0
1262	0
1263	0
1264	0
1265	0
1266	0
1267	0
1268	0
1269	0
1270	0
1271	0
1272	0
1273	0
1274	0
1275	0
1276	0
1277	0
1278	0
1279	0
1280	0
1281	0
1282	0
1283	0
1284	0
1285	0
1286	0
1287	0
1288	0
1289	0
1290	0
1291	0
1292	0
1293	0
1294	0
1295	0
1296	0
1297	0
1298	0
1299	0
1300	0
1301	0
1302	0
1303	0
1304	0
1305	0
1306	0
1307	0
1308	0
1309	0
1310	0
1311	0
1312	0
1313	0
1314	0
1315	0
1316	0
1317	0
1318	0
1319	0
1320	0
1321	0
1322	0
1323	0
1324	0
1325	0
1326	0
1327	0
1328	0
1329	0
1330	0
1331	0
1332	0
1333	0
1334	0
1335	0
1336	0
1337	0
1338	0
1339	0
1340	0
1341	0
1342	0
1343	0
1344	0
1345	0
1346	0
1347	0
1348	0
1349	0
1350	0
1351	0
1352	0
1353	0
1354	0
1355	0
1356	0
1357	0
1358	0
1359	0
1360	0
1361	0
1362	0
1363	0
1364	0
1365	0
1366	0
1367	0
1368	0
1369	0
1370	0
1371	0
1372	0
1373	0
1374	0
1375	0
1376	0
1377	0
1378	0
1379	0
1380	0
1381	0
1382	0
1383	0
1384	0
1385	0
1386	0
1387	0
1388	0
1389	0
1390	0
1391	0
1392	0
1393	0
1394	0
1395	0
1396	0
1397	0
1398	0
1399	0
1400	0
1401	0
1402	0
1403	0
1404	0
1405	0
1406	0
1407	0
1408	0
1409	0
1410	0
1411	0
1412	0
1413	0
1414	0
1415	0
1416	0
1417	0
1418	0
1419	0
1420	0
1421	0
1422	0
1423	0
1424	0
1425	0
1426	0
1427	0
1428	0
1429	0
1430	0
1431	0
1432	0
1433	0
1434	0
1435	0
1436	0
1437	0
1438	0
1439	0
1440	0
1441	0
1442	0
1443	0
1444	0
1445	0
1446	0
1447	0
1448	0
1449	0
1450	0
1451	0
1452	0
1453	0
1454	0
1455	0
1456	0
1457	0
1458	0
1459	0
1460	0
1461	0
1462	0
1463	0
1464	0
1465	0
1466	0
1467	0
1468	0
1469	0
1470	0
1471	0
1472	0
1473	0
1474	0
1475	0
1476	0
1477	0
1478	0
1479	0
1480	0
1481	0
1482	0
1483	0
1484	0
1485	0
1486	0
1487	0
1488	0
1489	0
1490	0
1491	0
1492	0
1493	0
1494	0
1495	0
1496	0
1497	0
1498	0
1499	0
1500	0
1501	0
1502	0
1503	0
1504	0
1505	0
1506	0
1507	0
1508	0
1509	0
1510	0
1511	0
1512	0
1513	0
1514	0
1515	0
1516	0
1517	0
1518	0
1519	0
1520	0
1521	0
1522	0
1523	0
1524	0
1525	0
1526	0
1527	0
1528	0
1529	0
1530	0
1531	0
1532	0
1533	0
1534	0
1535	0
1536	0
1537	0
1538	0
1539	0
1540	0
1541	0
1542	0
1543	0
1544	0
1545	0
1546	0
1547	0
1548	0
1549	0
1550	0
1551	0
1552	0
1553	0
1554	0
1555	0
1556	0
1557	0
1558	0
1559	0
1560	0
1561	0
1562	0
1563	0
1564	0
1565	0
1566	0
1567	0
1568	0
1569	0
1570	0
1571	0
1572	0
1573	0
1574	0
1575	0
1576	0
1577	0
1578	0
1579	0
1580	0
1581	0
1582	0
1583	0
1584	0
1585	0
1586	0
1587	0
1588	0
1589	0
1590	0
1591	0
1592	0
1593	0
1594	0
1595	0
1596	0
1597	0
1598	0
1599	0
1600	0
1601	0
1602	0
1603	0
1604	0
1605	0
1606	0
1607	0
1608	0
1609	0
1610	0
1611	0
1612	0
1613	0
1614	0
1615	0
1616	0
1617	0
1618	0
1619	0
1620	0
1621	0
1622	0
1623	0
1624	0
1625	0
1626	0
1627	0
1628	0
1629	0
1630	0
1631	0
1632	0
1633	0
1634	0
1635	0
1636	0
1637	0
1638	0
1639	0
1640	0
1641	0
1642	0
1643	0
1644	0
1645	0
1646	0
1647	0
1648	0
1649	0
1650	0
1651	0
1652	0
1653	0
1654	0
1655	0
1656	0
1657	0
1658	0
1659	0
1660	0
1661	0
1662	0
1663	0
1664	0
1665	0
1666	0
1667	0
1668	0
1669	0
1670	0
1671	0
1672	0
1673	0
1674	0
1675	0
1676	0
1677	0
1678	0
1679	0
1680	0
1681	0
1682	0
1683	0
1684	0
1685	0
1686	0
1687	0
1688	0
1689	0
1690	0
1691	0
1692	0
1693	0
1694	0
1695	0
1696	0
1697	0
1698	0
1699	0
1700	0
1701	0
1702	0
1703	0
1704	0
1705	0
1706	0
1707	0
1708	0
1709	0
1710	0
1711	0
1712	0
1713	0
1714	0
1715	0
1716	0
1717	0
1718	0
1719	0
1720	0
1721	0
1722	0
1723	0
1724	0
1725	0
1726	0
1727	0
1728	0
1729	0
1730	0
1731	0
1732	0
1733	0
1734	0
1735	0
1736	0
1737	0
1738	0
1739	0
1740	0
1741	0
1742	0
1743	0
1744	0
1745	0
1746	0
1747	0
1748	0
1749	0
1750	0
1751	0
1752	0
1753	0
1754	0
1755	0
1756	0
1757	0
1758	0
1759	0
1760	0
1761	0
1762	0
1763	0
1764	0
1765	0
1766	0
1767	0
1768	0
1769	0
1770	0
1771	0
1772	0
1773	0
1774	0
1775	0
1776	0
1777	0
1778	0
1779	0
1780	0
1781	0
1782	0
1783	0
1784	0
1785	0
1786	0
1787	0
1788	0
1789	0
1790	0
1791	0
1792	0
1793	0
1794	0
1795	0
1796	0
1797	0
1798	0
1799	0
1800	0
1801	0
1802	0
1803	0
1804	0
1805	0
1806	0
1807	0
1808	0
1809	0
1810	0
1811	0
1812	0
1813	0
1814	0
1815	0
1816	0
1817	0
1818	0
1819	0
1820	0
1821	0
1822	0
1823	0
1824	0
1825	0
1826	0
1827	0
1828	0
1829	0
1830	0
1831	0
1832	0
1833	0
1834	0
1835	0
1836	0
1837	0
1838	0
1839	0
1840	0
1841	0
1842	0
1843	0
1844	0
1845	0
1846	0
1847	0
1848	0
1849	0
1850	0
1851	0
1852	0
1853	0
1854	0
1855	0
1856	0
1857	0
1858	0
1859	0
1860	0
1861	0
1862	0
1863	0
1864	0
1865	0
1866	0
1867	0
1868	0
1869	0
1870	0
1871	0
1872	0
1873	0
1874	0
1875	0
1876	0
1877	0
1878	0
1879	0
1880	0
1881	0
1882	0
1883	0
1884	0
1885	0
1886	0
1887	0
1888	0
1889	0
1890	0
1891	0
1892	0
1893	0
1894	0
1895	0
1896	0
1897	0
1898	0
1899	0
1900	0
1901	0
1902	0
1903	0
1904	0
1905	0
1906	0
1907	0
1908	0
1909	0
1910	0
1911	0
1912	0
1913	0
1914	0
1915	0
1916	0
1917	0
1918	0
1919	0
1920	0
1921	0
1922	0
1923	0
1924	0
1925	0
1926	0
1927	0
1928	0
1929	0
1930	0
1931	0
1932	0
1933	0
1934	0
1935	0
1936	0
1937	0
1938	0
1939	0
1940	0
1941	0
1942	0
1943	0
1944	0
1945	0
1946	0
1947	0
1948	0
1949	0
1950	0
1951	0
1952	0
1953	0
1954	0
1955	0
1956	0
1957	0
1958	0
1959	0
1960	0
1961	0
1962	0
1963	0
1964	0
1965	0
1966	0
1967	0
1968	0
1969	0
1970	0
1971	0
1972	0
1973	0
1974	0
1975	0
1976	0
1977	0
1978	0
1979	0
1980	0
1981	0
1982	0
1983	0
1984	0
1985	0
1986	0
1987	0
1988	0
1989	0
1990	0
1991	0
1992	0
1993	0
1994	0
1995	0
1996	0
1997	0
1998	0
1999	0
2000	0
2001	0
2002	0
2003	0
2004	0
2005	0
2006	0
2007	0
2008	0
2009	0
2010	0
2011	0
2012	0
2013	0
2014	0
2015	0
2016	0
2017	0
2018	0
2019	0
2020	0
2021	0
2022	0
2023	0
2024	0
2025	0
2026	0
2027	0
2028	0
2029	0
2030	0
2031	0
2032	0
2033	0
2034	0
2035	0
2036	0
2037	0
2038	0
2039	0
2040	0
2041	0
2042	0
2043	0
2044	0
2045	0
2046	0
2047	0
2048	0
2049	0
2050	0
2051	0
2052	0
2053	0
2054	0
2055	0
2056	0
2057	0
2058	0
2059	0
2060	0
2061	0
2062	0
2063	0
2064	0
2065	0
2066	0
2067	0
2068	0
2069	0
2070	0
2071	0
2072	0
2073	0
2074	0
2075	0
2076	0
2077	0
2078	0
2079	0
2080	0
2081	0
2082	0
2083	0
2084	0
2085	0
2086	0
2087	0
2088	0
2089	0
2090	0
2091	0
2092	0
2093	0
2094	0
2095	0
2096	0
2097	0
2098	0
2099	0
2100	0
2101	0
2102	0
2103	0
2104	0
2105	0
2106	0
2107	0
2108	0
2109	0
2110	0
2111	0
2112	0
2113	0
2114	0
2115	0
2116	0
2117	0
2118	0
2119	0
2120	0
2121	0
2122	0
2123	0
2124	0
2125	0
2126	0
2127	0
2128	0
2129	0
2130	0
2131	0
2132	0
2133	0
2134	0
2135	0
2136	0
2137	0
2138	0
2139	0
2140	0
2141	0
2142	0
2143	0
2144	0
2145	0
2146	0
2147	0
2148	0
2149	0
2150	0
2151	0
2152	0
2153	0
2154	0
2155	0
2156	0
2157	0
2158	0
2159	0
2160	0
2161	0
2162	0
2163	0
2164	0
2165	0
2166	0
2167	0
2168	0
2169	0
2170	0
2171	0
2172	0
2173	0
2174	0
2175	0
2176	0
2177	0
2178	0
2179	0
2180	0
2181	0
2182	0
2183	0
2184	0
2185	0
2186	0
2187	0
2188	0
2189	0
2190	0
2191	0
2192	0
2193	0
2194	0
2195	0
2196	0
2197	0
2198	0
2199	0
2200	0
2201	0
2202	0
2203	0
2204	0
2205	0
2206	0
2207	0
2208	0
2209	0
2210	0
2211	0
2212	0
2213	0
2214	0
2215	0
2216	0
2217	0
2218	0
2219	0
2220	0
2221	0
2222	0
2223	0
2224	0
2225	0
2226	0
2227	0
2228	0
2229	0
2230	0
2231	0
2232	0
2233	0
2234	0
2235	0
2236	0
2237	0
2238	0
2239	0
2240	0
2241	0
2242	0
2243	0
2244	0
2245	0
2246	0
2247	0
2248	0
2249	0
2250	0
2251	0
2252	0
2253	0
2254	0
2255	0
2256	0
2257	0
2258	0
2259	0
2260	0
2261	0
2262	0
2263	0
2264	0
2265	0
2266	0
2267	0
2268	0
2269	0
2270	0
2271	0
2272	0
2273	0
2274	0
2275	0
2276	0
2277	0
2278	0
2279	0
2280	0
2281	0
2282	0
2283	0
2284	0
2285	0
2286	0
2287	0
2288	0
2289	0
2290	0
2291	0
2292	0
2293	0
2294	0
2295	0
2296	0
2297	0
2298	0
2299	0
2300	0
2301	0
2302	0
2303	0
2304	0
2305	0
2306	0
2307	0
2308	0
2309	0
2310	0
2311	0
2312	0
2313	0
2314	0
2315	0
2316	0
2317	0
2318	0
2319	0
2320	0
2321	0
2322	0
2323	0
2324	0
2325	0
2326	0
2327	0
2328	0
2329	0
2330	0
2331	0
2332	0
2333	0
2334	0
2335	0
2336	0
2337	0
2338	0
2339	0
2340	0
2341	0
2342	0
2343	0
2344	0
2345	0
2346	0
2347	0
2348	0
2349	0
2350	0
2351	0
2352	0
2353	0
2354	0
2355	0
2356	0
2357	0
2358	0
2359	0
2360	0
2361	0
2362	0
2363	0
2364	0
2365	0
2366	0
2367	0
2368	0
2369	0
2370	0
2371	0
2372	0
2373	0
2374	0
2375	0
2376	0
2377	0
2378	0
2379	0
2380	0
2381	0
2382	0
2383	0
2384	0
2385	0
2386	0
2387	0
2388	0
2389	0
2390	0
2391	0
2392	0
2393	0
2394	0
2395	0
2396	0
2397	0
2398	0
2399	0
2400	0
2401	0
2402	0
2403	0
2404	0
2405	0
2406	0
2407	0
2408	0
2409	0
2410	0
2411	0
2412	0
2413	0
2414	0
2415	0
2416	0
2417	0
2418	0
2419	0
2420	0
2421	0
2422	0
2423	0
2424	0
2425	0
2426	0
2427	0
2428	0
2429	0
2430	0
2431	0
2432	0
2433	0
2434	0
2435	0
2436	0
2437	0
2438	0
2439	0
2440	0
2441	0
2442	0
2443	0
2444	0
2445	0
2446	0
2447	0
2448	0
2449	0
2450	0
2451	0
2452	0
2453	0
2454	0
2455	0
2456	0
2457	0
2458	0
2459	0
2460	0
2461	0
2462	0
2463	0
2464	0
2465	0
2466	0
2467	0
2468	0
2469	0
2470	0
2471	0
2472	0
2473	0
2474	0
2475	0
2476	0
2477	0
2478	0
2479	0
2480	0
2481	0
2482	0
2483	0
2484	0
2485	0
2486	0
2487	0
2488	0
2489	0
2490	0
2491	0
2492	0
2493	0
2494	0
2495	0
2496	0
2497	0
2498	0
2499	0
2500	0
