k	pvalue
0	1.0000000000000002
1	1.0000000000000002
2	1.0000000000000002
3	1.0000000000000002
4	1.0000000000000002
5	1.0000000000000002
6	1.0000000000000002
7	1.0000000000000002
8	1.0000000000000002
9	1.0000000000000002
10	1.0000000000000002
11	1.0000000000000002
12	1.0000000000000002
13	1.0000000000000002
14	1.0000000000000002
15	1.0000000000000002
16	1.0000000000000002
17	1.0000000000000002
18	1.0000000000000002
19	1.0000000000000002
20	1.0000000000000002
21	1.0000000000000002
22	1.0000000000000002
23	1.0000000000000002
24	1.0000000000000002
25	1.0000000000000002
26	1.0000000000000002
27	1.0000000000000002
28	1.0000000000000002
29	1.0000000000000002
30	1.0000000000000002
31	1.0000000000000002
32	1.0000000000000002
33	1.0000000000000002
34	1.0000000000000002
35	1.0000000000000002
36	1.0000000000000002
37	1.0000000000000002
38	1.0000000000000002
39	1.0000000000000002
40	1.0000000000000002
41	1.0000000000000002
42	1.0000000000000002
43	1.0000000000000002
44	1.0000000000000002
45	1.0000000000000002
46	1.0000000000000002
47	1.0000000000000002
48	1.0000000000000002
49	1.0000000000000002
50	1.0000000000000002
51	1.0000000000000002
52	1.0000000000000002
53	1.0000000000000002
54	1.0000000000000002
55	1.0000000000000002
56	1.0000000000000002
57	1.0000000000000002
58	1.0000000000000002
59	1.0000000000000002
60	1.0000000000000002
61	1.0000000000000002
62	1.0000000000000002
63	1.0000000000000002
64	1.0000000000000002
65	1.0000000000000002
66	1.0000000000000002
67	1.0000000000000002
68	1.0000000000000002
69	1.0000000000000002
70	1.0000000000000002
71	1.0000000000000002
72	1.0000000000000002
73	1.0000000000000002
74	1.0000000000000002
75	1.0000000000000002
76	1.0000000000000002
77	1.0000000000000002
78	1.0000000000000002
79	1.0000000000000002
80	1.0000000000000002
81	1.0000000000000002
82	1.0000000000000002
83	1.0000000000000002
84	1.0000000000000002
85	1.0000000000000002
86	1.0000000000000002
87	1.0000000000000002
88	1.0000000000000002
89	1.0000000000000002
90	1.0000000000000002
91	1.0000000000000002
92	1.0000000000000002
93	1.0000000000000002
94	1.0000000000000002
95	1.0000000000000002
96	1.0000000000000002
97	1.0000000000000002
98	1.0000000000000002
99	1.0000000000000002
100	1.0000000000000002
101	1.0000000000000002
102	1.0000000000000002
103	1.0000000000000002
104	1.0000000000000002
105	1.0000000000000002
106	1.0000000000000002
107	1.0000000000000002
108	1.0000000000000002
109	1.0000000000000002
110	1.0000000000000002
111	1.0000000000000002
112	1.0000000000000002
113	1.0000000000000002
114	1.0000000000000002
115	1.0000000000000002
116	1.0000000000000002
117	1.0000000000000002
118	1.0000000000000002
119	1.0000000000000002
120	1.0000000000000002
121	1.0000000000000002
122	1.0000000000000002
123	1.0000000000000002
124	1.0000000000000002
125	1.0000000000000002
126	1.0000000000000002
127	1.0000000000000002
128	1.0000000000000002
129	1.0000000000000002
130	1.0000000000000002
131	1.0000000000000002
132	1.0000000000000002
133	1.0000000000000002
134	1.0000000000000002
135	1.0000000000000002
136	1.0000000000000002
137	1.0000000000000002
138	1.0000000000000002
139	1.0000000000000002
140	1.0000000000000002
141	1.0000000000000002
142	1.0000000000000002
143	1.0000000000000002
144	1.0000000000000002
145	1.0000000000000002
146	1.0000000000000002
147	1.0000000000000002
148	1.0000000000000002
149	1.0000000000000002
150	1.0000000000000002
151	1.0000000000000002
152	1.0000000000000002
153	1.0000000000000002
154	1.0000000000000002
155	1.0000000000000002
156	1.0000000000000002
157	1.0000000000000002
158	1.0000000000000002
159	1.0000000000000002
160	1.0000000000000002
161	1.0000000000000002
162	1.0000000000000002
163	1.0000000000000002
164	1.0000000000000002
165	1.0000000000000002
166	1.0000000000000002
167	1.0000000000000002
168	1.0000000000000002
169	1.0000000000000002
170	1.0000000000000002
171	1.0000000000000002
172	1.0000000000000002
173	1.0000000000000002
174	1.0000000000000002
175	1.0000000000000002
176	1.0000000000000002
177	1.0000000000000002
178	1.0000000000000002
179	1.0000000000000002
180	1.0000000000000002
181	1.0000000000000002
182	1.0000000000000002
183	1.0000000000000002
184	1.0000000000000002
185	1.0000000000000002
186	1.0000000000000002
187	1.0000000000000002
188	1.0000000000000002
189	1.0000000000000002
190	1.0000000000000002
191	1.0000000000000002
192	1.0000000000000002
193	1.0000000000000002
194	1.0000000000000002
195	1.0000000000000002
196	1.0000000000000002
197	1.0000000000000002
198	1.0000000000000002
199	1.0000000000000002
200	1.0000000000000002
201	1.0000000000000002
202	1.0000000000000002
203	1.0000000000000002
204	1.0000000000000002
205	1.0000000000000002
206	1.0000000000000002
207	1.0000000000000002
208	1.0000000000000002
209	1.0000000000000002
210	1.0000000000000002
211	1.0000000000000002
212	1.0000000000000002
213	1.0000000000000002
214	1.0000000000000002
215	1.0000000000000002
216	1.0000000000000002
217	1.0000000000000002
218	1.0000000000000002
219	1.0000000000000002
220	1.0000000000000002
221	1.0000000000000002
222	1.0000000000000002
223	1.0000000000000002
224	1.0000000000000002
225	1.0000000000000002
226	1.0000000000000002
227	1.0000000000000002
228	1.0000000000000002
229	1.0000000000000002
230	1.0000000000000002
231	1.0000000000000002
232	1.0000000000000002
233	1.0000000000000002
234	1.0000000000000002
235	1.0000000000000002
236	1.0000000000000002
237	1.0000000000000002
238	1.0000000000000002
239	1.0000000000000002
240	1.0000000000000002
241	1.0000000000000002
242	1.0000000000000002
243	1.0000000000000002
244	1.0000000000000002
245	1.0000000000000002
246	1.0000000000000002
247	1.0000000000000002
248	1.0000000000000002
249	1.0000000000000002
250	1.0000000000000002
251	1.0000000000000002
252	1.0000000000000002
253	1.0000000000000002
254	1.0000000000000002
255	1.0000000000000002
256	1.0000000000000002
257	1.0000000000000002
258	1.0000000000000002
259	1.0000000000000002
260	1.0000000000000002
261	1.0000000000000002
262	1.0000000000000002
263	1.0000000000000002
264	1.0000000000000002
265	1.0000000000000002
266	1.0000000000000002
267	1.0000000000000002
268	1.0000000000000002
269	1.0000000000000002
270	1.0000000000000002
271	1.0000000000000002
272	1.0000000000000002
273	1.0000000000000002
274	1.0000000000000002
275	1.0000000000000002
276	1.0000000000000002
277	1.0000000000000002
278	1.0000000000000002
279	1.0000000000000002
280	1.0000000000000002
281	1.0000000000000002
282	1.0000000000000002
283	1.0000000000000002
284	1.0000000000000002
285	1.0000000000000002
286	1.0000000000000002
287	1.0000000000000002
288	1.0000000000000002
289	1.0000000000000002
290	1.0000000000000002
291	1.0000000000000002
292	1.0000000000000002
293	1.0000000000000002
294	1.0000000000000002
295	1.0000000000000002
296	1.0000000000000002
297	1.0000000000000002
298	1.0000000000000002
299	1.0000000000000002
300	1.0000000000000002
301	1.0000000000000002
302	1.0000000000000002
303	1.0000000000000002
304	1.0000000000000002
305	1.0000000000000002
306	1.0000000000000002
307	1.0000000000000002
308	1.0000000000000002
309	1.0000000000000002
310	1.0000000000000002
311	1.0000000000000002
312	1.0000000000000002
313	1.0000000000000002
314	1.0000000000000002
315	1.0000000000000002
316	1.0000000000000002
317	1.0000000000000002
318	1.0000000000000002
319	1.0000000000000002
320	1.0000000000000002
321	1.0000000000000002
322	1.0000000000000002
323	1.0000000000000002
324	1.0000000000000002
325	1.0000000000000002
326	1.0000000000000002
327	1.0000000000000002
328	1.0000000000000002
329	1.0000000000000002
330	1.0000000000000002
331	1.0000000000000002
332	1.0000000000000002
333	1.0000000000000002
334	1.0000000000000002
335	1.0000000000000002
336	1.0000000000000002
337	1.0000000000000002
338	1.0000000000000002
339	1.0000000000000002
340	1.0000000000000002
341	1.0000000000000002
342	1.0000000000000002
343	1.0000000000000002
344	1.0000000000000002
345	1.0000000000000002
346	1.0000000000000002
347	1.0000000000000002
348	1.0000000000000002
349	1.0000000000000002
350	1.0000000000000002
351	1.0000000000000002
352	1.0000000000000002
353	1.0000000000000002
354	1.0000000000000002
355	1.0000000000000002
356	1.0000000000000002
357	1.0000000000000002
358	1.0000000000000002
359	1.0000000000000002
360	1.0000000000000002
361	1.0000000000000002
362	1.0000000000000002
363	1.0000000000000002
364	1.0000000000000002
365	1.0000000000000002
366	1.0000000000000002
367	1.0000000000000002
368	1.0000000000000002
369	1.0000000000000002
370	1.0000000000000002
371	1.0000000000000002
372	1.0000000000000002
373	1.0000000000000002
374	1.0000000000000002
375	1.0000000000000002
376	1.0000000000000002
377	1.0000000000000002
378	1.0000000000000002
379	1.0000000000000002
380	1.0000000000000002
381	1.0000000000000002
382	1.0000000000000002
383	1.0000000000000002
384	1.0000000000000002
385	1.0000000000000002
386	1.0000000000000002
387	1.0000000000000002
388	1.0000000000000002
389	1.0000000000000002
390	1.0000000000000002
391	1.0000000000000002
392	1.0000000000000002
393	1.0000000000000002
394	1.0000000000000002
395	1.0000000000000002
396	1.0000000000000002
397	1.0000000000000002
398	1.0000000000000002
399	1.0000000000000002
400	1.0000000000000002
401	1.0000000000000002
402	1.0000000000000002
403	1.0000000000000002
404	1.0000000000000002
405	1.0000000000000002
406	1.0000000000000002
407	1.0000000000000002
408	1.0000000000000002
409	1.0000000000000002
410	1.0000000000000002
411	1.0000000000000002
412	1.0000000000000002
413	1.0000000000000002
414	1.0000000000000002
415	1.0000000000000002
416	1.0000000000000002
417	1.0000000000000002
418	1.0000000000000002
419	1.0000000000000002
420	1.0000000000000002
421	1.0000000000000002
422	1.0000000000000002
423	1.0000000000000002
424	1.0000000000000002
425	1.0000000000000002
426	1.0000000000000002
427	1.0000000000000002
428	1.0000000000000002
429	1.0000000000000002
430	1.0000000000000002
431	1.0000000000000002
432	1.0000000000000002
433	1.0000000000000002
434	1.0000000000000002
435	1.0000000000000002
436	1.0000000000000002
437	1.0000000000000002
438	1.0000000000000002
439	1.0000000000000002
440	1.0000000000000002
441	1.0000000000000002
442	1.0000000000000002
443	1.0000000000000002
444	1.0000000000000002
445	1.0000000000000002
446	1.0000000000000002
447	1.0000000000000002
448	1.0000000000000002
449	1.0000000000000002
450	1.0000000000000002
451	1.0000000000000002
452	1.0000000000000002
453	1.0000000000000002
454	1.0000000000000002
455	1.0000000000000002
456	1.0000000000000002
457	1.0000000000000002
458	1.0000000000000002
459	1.0000000000000002
460	1.0000000000000002
461	1.0000000000000002
462	1.0000000000000002
463	1.0000000000000002
464	1.0000000000000002
465	1.0000000000000002
466	1.0000000000000002
467	1.0000000000000002
468	1.0000000000000002
469	1.0000000000000002
470	1.0000000000000002
471	1.0000000000000002
472	1.0000000000000002
473	1.0000000000000002
474	1.0000000000000002
475	1.0000000000000002
476	1.0000000000000002
477	1.0000000000000002
478	1.0000000000000002
479	1.0000000000000002
480	1.0000000000000002
481	1.0000000000000002
482	1.0000000000000002
483	1.0000000000000002
484	1.0000000000000002
485	1.0000000000000002
486	1.0000000000000002
487	1.0000000000000002
488	1.0000000000000002
489	1.0000000000000002
490	1.0000000000000002
491	1.0000000000000002
492	1.0000000000000002
493	1.0000000000000002
494	1.0000000000000002
495	1.0000000000000002
496	1.0000000000000002
497	1.0000000000000002
498	1.0000000000000002
499	1.0000000000000002
500	1.0000000000000002
501	1.0000000000000002
502	1.0000000000000002
503	1.0000000000000002
504	1.0000000000000002
505	1.0000000000000002
506	1.0000000000000002
507	1.0000000000000002
508	1.0000000000000002
509	1.0000000000000002
510	1.0000000000000002
511	1.0000000000000002
512	1.0000000000000002
513	1.0000000000000002
514	1.0000000000000002
515	1.0000000000000002
516	1.0000000000000002
517	1.0000000000000002
518	1.0000000000000002
519	1.0000000000000002
520	1.0000000000000002
521	1.0000000000000002
522	1.0000000000000002
523	1.0000000000000002
524	1.0000000000000002
525	1.0000000000000002
526	1.0000000000000002
527	1.0000000000000002
528	1.0000000000000002
529	1.0000000000000002
530	1.0000000000000002
531	1.0000000000000002
532	1.0000000000000002
533	1.0000000000000002
534	1.0000000000000002
535	1.0000000000000002
536	1.0000000000000002
537	1.0000000000000002
538	1.0000000000000002
539	1.0000000000000002
540	1.0000000000000002
541	1.0000000000000002
542	1.0000000000000002
543	1.0000000000000002
544	1.0000000000000002
545	1.0000000000000002
546	1.0000000000000002
547	1.0000000000000002
548	1.0000000000000002
549	1.0000000000000002
550	1.0000000000000002
551	1.0000000000000002
552	1.0000000000000002
553	1.0000000000000002
554	1.0000000000000002
555	1.0000000000000002
556	1.0000000000000002
557	1.0000000000000002
558	1.0000000000000002
559	1.0000000000000002
560	1.0000000000000002
561	1.0000000000000002
562	1.0000000000000002
563	1.0000000000000002
564	1.0000000000000002
565	1.0000000000000002
566	1.0000000000000002
567	1.0000000000000002
568	1.0000000000000002
569	1.0000000000000002
570	1.0000000000000002
571	1.0000000000000002
572	1.0000000000000002
573	1.0000000000000002
574	1.0000000000000002
575	1.0000000000000002
576	1.0000000000000002
577	1.0000000000000002
578	1.0000000000000002
579	1.0000000000000002
580	1.0000000000000002
581	1.0000000000000002
582	1.0000000000000002
583	1.0000000000000002
584	1.0000000000000002
585	1.0000000000000002
586	1.0000000000000002
587	1.0000000000000002
588	1.0000000000000002
589	1.0000000000000002
590	1.0000000000000002
591	1.0000000000000002
592	1.0000000000000002
593	1.0000000000000002
594	1.0000000000000002
595	1.0000000000000002
596	1.0000000000000002
597	1.0000000000000002
598	1.0000000000000002
599	1.0000000000000002
600	1.0000000000000002
601	1.0000000000000002
602	1.0000000000000002
603	1.0000000000000002
604	1.0000000000000002
605	1.0000000000000002
606	1.0000000000000002
607	1.0000000000000002
608	1.0000000000000002
609	1.0000000000000002
610	1.0000000000000002
611	1.0000000000000002
612	1.0000000000000002
613	1.0000000000000002
614	1.0000000000000002
615	1.0000000000000002
616	1.0000000000000002
617	1.0000000000000002
618	1.0000000000000002
619	1.0000000000000002
620	1.0000000000000002
621	1.0000000000000002
622	1.0000000000000002
623	1.0000000000000002
624	1.0000000000000002
625	1.0000000000000002
626	1.0000000000000002
627	1.0000000000000002
628	1.0000000000000002
629	1.0000000000000002
630	1.0000000000000002
631	1.0000000000000002
632	1.0000000000000002
633	1.0000000000000002
634	1.0000000000000002
635	1.0000000000000002
636	1.0000000000000002
637	1.0000000000000002
638	1.0000000000000002
639	1.0000000000000002
640	1.0000000000000002
641	1.0000000000000002
642	1.0000000000000002
643	1.0000000000000002
644	1.0000000000000002
645	1.0000000000000002
646	1.0000000000000002
647	1.0000000000000002
648	1.0000000000000002
649	1.0000000000000002
650	1.0000000000000002
651	1.0000000000000002
652	1.0000000000000002
653	1.0000000000000002
654	1.0000000000000002
655	1.0000000000000002
656	1.0000000000000002
657	1.0000000000000002
658	1.0000000000000002
659	1.0000000000000002
660	1.0000000000000002
661	1.0000000000000002
662	1.0000000000000002
663	1.0000000000000002
664	1.0000000000000002
665	1.0000000000000002
666	1.0000000000000002
667	1.0000000000000002
668	1.0000000000000002
669	1.0000000000000002
670	1.0000000000000002
671	1.0000000000000002
672	1.0000000000000002
673	1.0000000000000002
674	1.0000000000000002
675	1.0000000000000002
676	1.0000000000000002
677	1.0000000000000002
678	1.0000000000000002
679	1.0000000000000002
680	1.0000000000000002
681	1.0000000000000002
682	1.0000000000000002
683	1.0000000000000002
684	1.0000000000000002
685	1.0000000000000002
686	1.0000000000000002
687	1.0000000000000002
688	1.0000000000000002
689	1.0000000000000002
690	1.0000000000000002
691	1.0000000000000002
692	1.0000000000000002
693	1.0000000000000002
694	1.0000000000000002
695	1.0000000000000002
696	1.0000000000000002
697	1.0000000000000002
698	1.0000000000000002
699	1.0000000000000002
700	1.0000000000000002
701	1.0000000000000002
702	1.0000000000000002
703	1.0000000000000002
704	1.0000000000000002
705	1.0000000000000002
706	1.0000000000000002
707	1.0000000000000002
708	1.0000000000000002
709	1.0000000000000002
710	1.0000000000000002
711	1.0000000000000002
712	1.0000000000000002
713	1.0000000000000002
714	1.0000000000000002
715	1.0000000000000002
716	1.0000000000000002
717	1.0000000000000002
718	1.0000000000000002
719	1.0000000000000002
720	1.0000000000000002
721	1.0000000000000002
722	1.0000000000000002
723	1.0000000000000002
724	1.0000000000000002
725	1.0000000000000002
726	1.0000000000000002
727	1.0000000000000002
728	1.0000000000000002
729	1.0000000000000002
730	1.0000000000000002
731	1.0000000000000002
732	1.0000000000000002
733	1.0000000000000002
734	1.0000000000000002
735	1.0000000000000002
736	1.0000000000000002
737	1.0000000000000002
738	1.0000000000000002
739	1.0000000000000002
740	1.0000000000000002
741	1.0000000000000002
742	1.0000000000000002
743	1.0000000000000002
744	1.0000000000000002
745	1.0000000000000002
746	1.0000000000000002
747	1.0000000000000002
748	1.0000000000000002
749	1.0000000000000002
750	1.0000000000000002
751	1.0000000000000002
752	1.0000000000000002
753	1.0000000000000002
754	1.0000000000000002
755	1.0000000000000002
756	1.0000000000000002
757	1.0000000000000002
758	1.0000000000000002
759	1.0000000000000002
760	1.0000000000000002
761	1.0000000000000002
762	1.0000000000000002
763	1.0000000000000002
764	1.0000000000000002
765	1.0000000000000002
766	1.0000000000000002
767	1.0000000000000002
768	1.0000000000000002
769	1.0000000000000002
770	1.0000000000000002
771	1.0000000000000002
772	1.0000000000000002
773	1.0000000000000002
774	1.0000000000000002
775	1.0000000000000002
776	1.0000000000000002
777	1.0000000000000002
778	1.0000000000000002
779	1.0000000000000002
780	1.0000000000000002
781	1.0000000000000002
782	1.0000000000000002
783	1.0000000000000002
784	1.0000000000000002
785	1.0000000000000002
786	1.0000000000000002
787	1.0000000000000002
788	1.0000000000000002
789	1.0000000000000002
790	1.0000000000000002
791	1.0000000000000002
792	1.0000000000000002
793	1.0000000000000002
794	1.0000000000000002
795	1.0000000000000002
796	1.0000000000000002
797	1.0000000000000002
798	1.0000000000000002
799	1.0000000000000002
800	1.0000000000000002
801	1.0000000000000002
802	1.0000000000000002
803	1.0000000000000002
804	1.0000000000000002
805	1.0000000000000002
806	1.0000000000000002
807	1.0000000000000002
808	1.0000000000000002
809	1.0000000000000002
810	1.0000000000000002
811	1.0000000000000002
812	1.0000000000000002
813	1.0000000000000002
814	1.0000000000000002
815	1.0000000000000002
816	1.0000000000000002
817	1.0000000000000002
818	1.0000000000000002
819	1.0000000000000002
820	1.0000000000000002
821	1.0000000000000002
822	1.0000000000000002
823	1.0000000000000002
824	1.0000000000000002
825	1.0000000000000002
826	1.0000000000000002
827	1.0000000000000002
828	1.0000000000000002
829	1.0000000000000002
830	1.0000000000000002
831	1.0000000000000002
832	1.0000000000000002
833	1.0000000000000002
834	1.0000000000000002
835	1.0000000000000002
836	1.0000000000000002
837	1.0000000000000002
838	1.0000000000000002
839	1.0000000000000002
840	1.0000000000000002
841	1.0000000000000002
842	1.0000000000000002
843	1.0000000000000002
844	1.0000000000000002
845	1.0000000000000002
846	1.0000000000000002
847	1.0000000000000002
848	1.0000000000000002
849	1.0000000000000002
850	1.0000000000000002
851	1.0000000000000002
852	1.0000000000000002
853	1.0000000000000002
854	1.0000000000000002
855	1.0000000000000002
856	1.0000000000000002
857	1.0000000000000002
858	1.0000000000000002
859	1.0000000000000002
860	1.0000000000000002
861	1.0000000000000002
862	1.0000000000000002
863	1.0000000000000002
864	1.0000000000000002
865	1.0000000000000002
866	1.0000000000000002
867	1.0000000000000002
868	1.0000000000000002
869	1.0000000000000002
870	1.0000000000000002
871	1.0000000000000002
872	1.0000000000000002
873	1.0000000000000002
874	1.0000000000000002
875	1.0000000000000002
876	1.0000000000000002
877	1.0000000000000002
878	1.0000000000000002
879	1.0000000000000002
880	1.0000000000000002
881	1.0000000000000002
882	1.0000000000000002
883	1.0000000000000002
884	1.0000000000000002
885	1.0000000000000002
886	1.0000000000000002
887	1.0000000000000002
888	1.0000000000000002
889	1.0000000000000002
890	1.0000000000000002
891	1.0000000000000002
892	1.0000000000000002
893	1.0000000000000002
894	1.0000000000000002
895	1.0000000000000002
896	1.0000000000000002
897	1.0000000000000002
898	1.0000000000000002
899	1.0000000000000002
900	1.0000000000000002
901	1.0000000000000002
902	1.0000000000000002
903	1.0000000000000002
904	1.0000000000000002
905	1.0000000000000002
906	1.0000000000000002
907	1.0000000000000002
908	1.0000000000000002
909	1.0000000000000002
910	1.0000000000000002
911	1.0000000000000002
912	1.0000000000000002
913	1.0000000000000002
914	1.0000000000000002
915	1.0000000000000002
916	1.0000000000000002
917	1.0000000000000002
918	1.0000000000000002
919	1.0000000000000002
920	1.0000000000000002
921	1.0000000000000002
922	1.0000000000000002
923	1.0000000000000002
924	1.0000000000000002
925	1.0000000000000002
926	1.0000000000000002
927	1.0000000000000002
928	1.0000000000000002
929	1.0000000000000002
930	1.0000000000000002
931	1.0000000000000002
932	1.0000000000000002
933	1.0000000000000002
934	1.0000000000000002
935	1.0000000000000002
936	1.0000000000000002
937	1.0000000000000002
938	1.0000000000000002
939	1.0000000000000002
940	1.0000000000000002
941	1.0000000000000002
942	1.0000000000000002
943	1.0000000000000002
944	1.0000000000000002
945	1.0000000000000002
946	1.0000000000000002
947	1.0000000000000002
948	1.0000000000000002
949	1.0000000000000002
950	1.0000000000000002
951	1.0000000000000002
952	1.0000000000000002
953	1.0000000000000002
954	1.0000000000000002
955	1.0000000000000002
956	1.0000000000000002
957	1.0000000000000002
958	1.0000000000000002
959	1.0000000000000002
960	1.0000000000000002
961	1.0000000000000002
962	1.0000000000000002
963	1.0000000000000002
964	1.0000000000000002
965	1.0000000000000002
966	1.0000000000000002
967	1.0000000000000002
968	1.0000000000000002
969	1.0000000000000002
970	1.0000000000000002
971	1.0000000000000002
972	1.0000000000000002
973	1.0000000000000002
974	1.0000000000000002
975	1.0000000000000002
976	1.0000000000000002
977	1.0000000000000002
978	1.0000000000000002
979	1.0000000000000002
980	1.0000000000000002
981	1.0000000000000002
982	1.0000000000000002
983	1.0000000000000002
984	1.0000000000000002
985	1.0000000000000002
986	1.0000000000000002
987	1.0000000000000002
988	1.0000000000000002
989	1.0000000000000002
990	1.0000000000000002
991	1.0000000000000002
992	1.0000000000000002
993	1.0000000000000002
994	1.0000000000000002
995	1.0000000000000002
996	1.0000000000000002
997	1.0000000000000002
998	1.0000000000000002
999	1.0000000000000002
1000	1.0000000000000002
1001	1.0000000000000002
1002	1.0000000000000002
1003	1.0000000000000002
1004	1.0000000000000002
1005	1.0000000000000002
1006	1.0000000000000002
1007	1.0000000000000002
1008	1.0000000000000002
1009	1.0000000000000002
1010	1.0000000000000002
1011	1.0000000000000002
1012	1.0000000000000002
1013	1.0000000000000002
1014	1.0000000000000002
1015	1.0000000000000002
1016	1.0000000000000002
1017	1.0000000000000002
1018	1.0000000000000002
1019	1.0000000000000002
1020	1.0000000000000002
1021	1.0000000000000002
1022	1.0000000000000002
1023	1.0000000000000002
1024	1.0000000000000002
1025	1.0000000000000002
1026	1.0000000000000002
1027	1.0000000000000002
1028	1.0000000000000002
1029	1.0000000000000002
1030	1.0000000000000002
1031	1.0000000000000002
1032	1.0000000000000002
1033	1.0000000000000002
1034	1.0000000000000002
1035	1.0000000000000002
1036	1.0000000000000002
1037	1.0000000000000002
1038	1.0000000000000002
1039	1.0000000000000002
1040	1.0000000000000002
1041	1.0000000000000002
1042	1.0000000000000002
1043	1.0000000000000002
1044	1.0000000000000002
1045	1.0000000000000002
1046	1.0000000000000002
1047	1.0000000000000002
1048	1.0000000000000002
1049	1.0000000000000002
1050	1.0000000000000002
1051	1.0000000000000002
1052	1.0000000000000002
1053	1.0000000000000002
1054	1.0000000000000002
1055	1.0000000000000002
1056	1.0000000000000002
1057	1.0000000000000002
1058	1.0000000000000002
1059	1.0000000000000002
1060	1.0000000000000002
1061	1.0000000000000002
1062	1.0000000000000002
1063	1.0000000000000002
1064	1.0000000000000002
1065	1.0000000000000002
1066	1.0000000000000002
1067	1.0000000000000002
1068	1.0000000000000002
1069	1.0000000000000002
1070	1.0000000000000002
1071	1.0000000000000002
1072	1.0000000000000002
1073	1.0000000000000002
1074	1.0000000000000002
1075	1.0000000000000002
1076	1.0000000000000002
1077	1.0000000000000002
1078	1.0000000000000002
1079	1.0000000000000002
1080	1.0000000000000002
1081	1.0000000000000002
1082	1.0000000000000002
1083	1.0000000000000002
1084	1.0000000000000002
1085	1.0000000000000002
1086	1.0000000000000002
1087	1.0000000000000002
1088	1.0000000000000002
1089	1.0000000000000002
1090	1.0000000000000002
1091	1.0000000000000002
1092	1.0000000000000002
1093	1.0000000000000002
1094	1.0000000000000002
1095	1.0000000000000002
1096	1.0000000000000002
1097	1.0000000000000002
1098	1.0000000000000002
1099	1.0000000000000002
1100	1.0000000000000002
1101	1.0000000000000002
1102	1.0000000000000002
1103	1.0000000000000002
1104	1.0000000000000002
1105	1.0000000000000002
1106	1.0000000000000002
1107	1.0000000000000002
1108	1.0000000000000002
1109	1.0000000000000002
1110	1.0000000000000002
1111	1.0000000000000002
1112	1.0000000000000002
1113	1.0000000000000002
1114	1.0000000000000002
1115	1.0000000000000002
1116	1.0000000000000002
1117	1.0000000000000002
1118	1.0000000000000002
1119	1.0000000000000002
1120	1.0000000000000002
1121	1.0000000000000002
1122	1.0000000000000002
1123	1.0000000000000002
1124	1.0000000000000002
1125	1.0000000000000002
1126	1.0000000000000002
1127	1.0000000000000002
1128	1.0000000000000002
1129	1.0000000000000002
1130	1.0000000000000002
1131	1.0000000000000002
1132	1.0000000000000002
1133	1.0000000000000002
1134	1.0000000000000002
1135	1.0000000000000002
1136	1.0000000000000002
1137	1.0000000000000002
1138	1.0000000000000002
1139	1.0000000000000002
1140	1.0000000000000002
1141	1.0000000000000002
1142	1.0000000000000002
1143	1.0000000000000002
1144	1.0000000000000002
1145	1.0000000000000002
1146	1.0000000000000002
1147	1.0000000000000002
1148	1.0000000000000002
1149	1.0000000000000002
1150	1.0000000000000002
1151	1.0000000000000002
1152	1.0000000000000002
1153	1.0000000000000002
1154	1.0000000000000002
1155	1.0000000000000002
1156	1.0000000000000002
1157	1.0000000000000002
1158	1.0000000000000002
1159	1.0000000000000002
1160	1.0000000000000002
1161	1.0000000000000002
1162	1.0000000000000002
1163	1.0000000000000002
1164	1.0000000000000002
1165	1.0000000000000002
1166	1.0000000000000002
1167	1.0000000000000002
1168	1.0000000000000002
1169	1.0000000000000002
1170	1.0000000000000002
1171	1.0000000000000002
1172	1.0000000000000002
1173	1.0000000000000002
1174	1.0000000000000002
1175	1.0000000000000002
1176	1.0000000000000002
1177	1.0000000000000002
1178	1.0000000000000002
1179	1.0000000000000002
1180	1.0000000000000002
1181	1.0000000000000002
1182	1.0000000000000002
1183	1.0000000000000002
1184	1.0000000000000002
1185	1.0000000000000002
1186	1.0000000000000002
1187	1.0000000000000002
1188	1.0000000000000002
1189	1.0000000000000002
1190	1.0000000000000002
1191	1.0000000000000002
1192	1.0000000000000002
1193	1.0000000000000002
1194	1.0000000000000002
1195	1.0000000000000002
1196	1.0000000000000002
1197	1.0000000000000002
1198	1.0000000000000002
1199	1.0000000000000002
1200	1.0000000000000002
1201	1.0000000000000002
1202	1.0000000000000002
1203	1.0000000000000002
1204	1.0000000000000002
1205	1.0000000000000002
1206	1.0000000000000002
1207	1.0000000000000002
1208	1.0000000000000002
1209	1.0000000000000002
1210	1.0000000000000002
1211	1.0000000000000002
1212	1.0000000000000002
1213	1.0000000000000002
1214	1.0000000000000002
1215	1.0000000000000002
1216	1.0000000000000002
1217	1.0000000000000002
1218	1.0000000000000002
1219	1.0000000000000002
1220	1.0000000000000002
1221	1.0000000000000002
1222	1.0000000000000002
1223	1.0000000000000002
1224	1.0000000000000002
1225	1.0000000000000002
1226	1.0000000000000002
1227	1.0000000000000002
1228	1.0000000000000002
1229	1.0000000000000002
1230	1.0000000000000002
1231	1.0000000000000002
1232	1.0000000000000002
1233	1.0000000000000002
1234	1.0000000000000002
1235	1.0000000000000002
1236	1.0000000000000002
1237	1.0000000000000002
1238	1.0000000000000002
1239	1.0000000000000002
1240	1.0000000000000002
1241	1.0000000000000002
1242	1.0000000000000002
1243	1.0000000000000002
1244	1.0000000000000002
1245	1.0000000000000002
1246	1.0000000000000002
1247	1.0000000000000002
1248	1.0000000000000002
1249	1.0000000000000002
1250	1.0000000000000002
1251	1.0000000000000002
1252	1.0000000000000002
1253	1.0000000000000002
1254	1.0000000000000002
1255	1.0000000000000002
1256	1.0000000000000002
1257	1.0000000000000002
1258	1.0000000000000002
1259	1.0000000000000002
1260	1.0000000000000002
1261	1.0000000000000002
1262	1.0000000000000002
1263	1.0000000000000002
1264	1.0000000000000002
1265	1.0000000000000002
1266	1.0000000000000002
1267	1.0000000000000002
1268	1.0000000000000002
1269	1.0000000000000002
1270	1.0000000000000002
1271	1.0000000000000002
1272	1.0000000000000002
1273	1.0000000000000002
1274	1.0000000000000002
1275	1.0000000000000002
1276	1.0000000000000002
1277	1.0000000000000002
1278	1.0000000000000002
1279	1.0000000000000002
1280	1.0000000000000002
1281	1.0000000000000002
1282	1.0000000000000002
1283	1.0000000000000002
1284	1.0000000000000002
1285	1.0000000000000002
1286	1.0000000000000002
1287	1.0000000000000002
1288	1.0000000000000002
1289	1.0000000000000002
1290	1.0000000000000002
1291	1.0000000000000002
1292	1.0000000000000002
1293	1.0000000000000002
1294	1.0000000000000002
1295	1.0000000000000002
1296	1.0000000000000002
1297	1.0000000000000002
1298	1.0000000000000002
1299	1.0000000000000002
1300	1.0000000000000002
1301	1.0000000000000002
1302	1.0000000000000002
1303	1.0000000000000002
1304	1.0000000000000002
1305	1.0000000000000002
1306	1.0000000000000002
1307	1.0000000000000002
1308	1.0000000000000002
1309	1.0000000000000002
1310	1.0000000000000002
1311	1.0000000000000002
1312	1.0000000000000002
1313	1.0000000000000002
1314	1.0000000000000002
1315	1.0000000000000002
1316	1.0000000000000002
1317	1.0000000000000002
1318	1.0000000000000002
1319	1.0000000000000002
1320	1.0000000000000002
1321	1.0000000000000002
1322	1.0000000000000002
1323	1.0000000000000002
1324	1.0000000000000002
1325	1.0000000000000002
1326	1.0000000000000002
1327	1.0000000000000002
1328	1.0000000000000002
1329	1.0000000000000002
1330	1.0000000000000002
1331	1.0000000000000002
1332	1.0000000000000002
1333	1.0000000000000002
1334	1.0000000000000002
1335	1.0000000000000002
1336	1.0000000000000002
1337	1.0000000000000002
1338	1.0000000000000002
1339	1.0000000000000002
1340	1.0000000000000002
1341	1.0000000000000002
1342	1.0000000000000002
1343	1.0000000000000002
1344	1.0000000000000002
1345	1.0000000000000002
1346	1.0000000000000002
1347	1.0000000000000002
1348	1.0000000000000002
1349	1.0000000000000002
1350	1.0000000000000002
1351	1.0000000000000002
1352	1.0000000000000002
1353	1.0000000000000002
1354	1.0000000000000002
1355	1.0000000000000002
1356	1.0000000000000002
1357	1.0000000000000002
1358	1.0000000000000002
1359	1.0000000000000002
1360	1.0000000000000002
1361	1.0000000000000002
1362	1.0000000000000002
1363	1.0000000000000002
1364	1.0000000000000002
1365	1.0000000000000002
1366	1.0000000000000002
1367	1.0000000000000002
1368	1.0000000000000002
1369	1.0000000000000002
1370	1.0000000000000002
1371	1.0000000000000002
1372	1.0000000000000002
1373	1.0000000000000002
1374	1.0000000000000002
1375	1.0000000000000002
1376	1.0000000000000002
1377	1.0000000000000002
1378	1.0000000000000002
1379	1.0000000000000002
1380	1.0000000000000002
1381	1.0000000000000002
1382	1.0000000000000002
1383	1.0000000000000002
1384	1.0000000000000002
1385	1.0000000000000002
1386	1.0000000000000002
1387	1.0000000000000002
1388	1.0000000000000002
1389	1.0000000000000002
1390	1.0000000000000002
1391	1.0000000000000002
1392	1.0000000000000002
1393	1.0000000000000002
1394	1.0000000000000002
1395	1.0000000000000002
1396	1.0000000000000002
1397	1.0000000000000002
1398	1.0000000000000002
1399	1.0000000000000002
1400	1.0000000000000002
1401	1.0000000000000002
1402	1.0000000000000002
1403	1.0000000000000002
1404	1.0000000000000002
1405	1.0000000000000002
1406	1.0000000000000002
1407	1.0000000000000002
1408	1.0000000000000002
1409	1.0000000000000002
1410	1.0000000000000002
1411	1.0000000000000002
1412	1.0000000000000002
1413	1.0000000000000002
1414	1.0000000000000002
1415	1.0000000000000002
1416	1.0000000000000002
1417	1.0000000000000002
1418	1.0000000000000002
1419	1.0000000000000002
1420	1.0000000000000002
1421	1.0000000000000002
1422	1.0000000000000002
1423	1.0000000000000002
1424	1.0000000000000002
1425	1.0000000000000002
1426	1.0000000000000002
1427	1.0000000000000002
1428	1.0000000000000002
1429	1.0000000000000002
1430	1.0000000000000002
1431	1.0000000000000002
1432	1.0000000000000002
1433	1.0000000000000002
1434	1.0000000000000002
1435	1.0000000000000002
1436	1.0000000000000002
1437	1.0000000000000002
1438	1.0000000000000002
1439	1.0000000000000002
1440	1.0000000000000002
1441	1.0000000000000002
1442	1.0000000000000002
1443	1.0000000000000002
1444	1.0000000000000002
1445	1.0000000000000002
1446	1.0000000000000002
1447	1.0000000000000002
1448	1.0000000000000002
1449	1.0000000000000002
1450	1.0000000000000002
1451	1.0000000000000002
1452	1.0000000000000002
1453	1.0000000000000002
1454	1.0000000000000002
1455	1.0000000000000002
1456	1.0000000000000002
1457	1.0000000000000002
1458	1.0000000000000002
1459	1.0000000000000002
1460	1.0000000000000002
1461	1.0000000000000002
1462	1.0000000000000002
1463	1.0000000000000002
1464	1.0000000000000002
1465	1.0000000000000002
1466	1.0000000000000002
1467	1.0000000000000002
1468	1.0000000000000002
1469	1.0000000000000002
1470	1.0000000000000002
1471	1.0000000000000002
1472	1.0000000000000002
1473	1.0000000000000002
1474	1.0000000000000002
1475	1.0000000000000002
1476	1.0000000000000002
1477	1.0000000000000002
1478	1.0000000000000002
1479	1.0000000000000002
1480	1.0000000000000002
1481	1.0000000000000002
1482	1.0000000000000002
1483	1.0000000000000002
1484	1.0000000000000002
1485	1.0000000000000002
1486	1.0000000000000002
1487	1.0000000000000002
1488	1.0000000000000002
1489	1.0000000000000002
1490	1.0000000000000002
1491	1.0000000000000002
1492	1.0000000000000002
1493	1.0000000000000002
1494	1.0000000000000002
1495	1.0000000000000002
1496	1.0000000000000002
1497	1.0000000000000002
1498	1.0000000000000002
1499	1.0000000000000002
1500	1.0000000000000002
1501	1.0000000000000002
1502	1.0000000000000002
1503	1.0000000000000002
1504	1.0000000000000002
1505	1.0000000000000002
1506	1.0000000000000002
1507	1.0000000000000002
1508	1.0000000000000002
1509	1.0000000000000002
1510	1.0000000000000002
1511	1.0000000000000002
1512	1.0000000000000002
1513	1.0000000000000002
1514	1.0000000000000002
1515	1.0000000000000002
1516	1.0000000000000002
1517	1.0000000000000002
1518	1.0000000000000002
1519	1.0000000000000002
1520	1.0000000000000002
1521	1.0000000000000002
1522	1.0000000000000002
1523	1.0000000000000002
1524	1.0000000000000002
1525	1.0000000000000002
1526	1.0000000000000002
1527	1.0000000000000002
1528	1.0000000000000002
1529	1.0000000000000002
1530	1.0000000000000002
1531	1.0000000000000002
1532	1.0000000000000002
1533	1.0000000000000002
1534	1.0000000000000002
1535	1.0000000000000002
1536	1.0000000000000002
1537	1.0000000000000002
1538	1.0000000000000002
1539	1.0000000000000002
1540	1.0000000000000002
1541	1.0000000000000002
1542	1.0000000000000002
1543	1.0000000000000002
1544	1.0000000000000002
1545	1.0000000000000002
1546	1.0000000000000002
1547	1.0000000000000002
1548	1.0000000000000002
1549	1.0000000000000002
1550	1.0000000000000002
1551	1.0000000000000002
1552	1.0000000000000002
1553	1.0000000000000002
1554	1.0000000000000002
1555	1.0000000000000002
1556	1.0000000000000002
1557	1.0000000000000002
1558	1.0000000000000002
1559	1.0000000000000002
1560	1.0000000000000002
1561	1.0000000000000002
1562	1.0000000000000002
1563	1.0000000000000002
1564	1.0000000000000002
1565	1.0000000000000002
1566	1.0000000000000002
1567	1.0000000000000002
1568	1.0000000000000002
1569	1.0000000000000002
1570	1.0000000000000002
1571	1.0000000000000002
1572	1.0000000000000002
1573	1.0000000000000002
1574	1.0000000000000002
1575	1.0000000000000002
1576	1.0000000000000002
1577	1.0000000000000002
1578	1.0000000000000002
1579	1.0000000000000002
1580	1.0000000000000002
1581	1.0000000000000002
1582	1.0000000000000002
1583	1.0000000000000002
1584	1.0000000000000002
1585	1.0000000000000002
1586	1.0000000000000002
1587	1.0000000000000002
1588	1.0000000000000002
1589	1.0000000000000002
1590	1.0000000000000002
1591	1.0000000000000002
1592	1.0000000000000002
1593	1.0000000000000002
1594	1.0000000000000002
1595	1.0000000000000002
1596	1.0000000000000002
1597	1.0000000000000002
1598	1.0000000000000002
1599	1.0000000000000002
1600	1.0000000000000002
1601	1.0000000000000002
1602	1.0000000000000002
1603	1.0000000000000002
1604	1.0000000000000002
1605	1.0000000000000002
1606	1.0000000000000002
1607	1.0000000000000002
1608	1.0000000000000002
1609	1.0000000000000002
1610	1.0000000000000002
1611	1.0000000000000002
1612	1.0000000000000002
1613	1.0000000000000002
1614	1.0000000000000002
1615	1.0000000000000002
1616	1.0000000000000002
1617	1.0000000000000002
1618	1.0000000000000002
1619	1.0000000000000002
1620	1.0000000000000002
1621	1.0000000000000002
1622	1.0000000000000002
1623	1.0000000000000002
1624	1.0000000000000002
1625	1.0000000000000002
1626	1.0000000000000002
1627	1.0000000000000002
1628	1.0000000000000002
1629	1.0000000000000002
1630	1.0000000000000002
1631	1.0000000000000002
1632	1.0000000000000002
1633	1.0000000000000002
1634	1.0000000000000002
1635	1.0000000000000002
1636	1.0000000000000002
1637	1.0000000000000002
1638	1.0000000000000002
1639	1.0000000000000002
1640	1.0000000000000002
1641	1.0000000000000002
1642	1.0000000000000002
1643	1.0000000000000002
1644	1.0000000000000002
1645	1.0000000000000002
1646	1.0000000000000002
1647	1.0000000000000002
1648	1.0000000000000002
1649	1.0000000000000002
1650	1.0000000000000002
1651	1.0000000000000002
1652	1.0000000000000002
1653	1.0000000000000002
1654	1.0000000000000002
1655	1.0000000000000002
1656	1.0000000000000002
1657	1.0000000000000002
1658	1.0000000000000002
1659	1.0000000000000002
1660	1.0000000000000002
1661	1.0000000000000002
1662	1.0000000000000002
1663	1.0000000000000002
1664	1.0000000000000002
1665	1.0000000000000002
1666	1.0000000000000002
1667	1.0000000000000002
1668	1.0000000000000002
1669	1.0000000000000002
1670	1.0000000000000002
1671	1.0000000000000002
1672	1.0000000000000002
1673	1.0000000000000002
1674	1.0000000000000002
1675	1.0000000000000002
1676	1.0000000000000002
1677	1.0000000000000002
1678	1.0000000000000002
1679	1.0000000000000002
1680	1.0000000000000002
1681	1.0000000000000002
1682	1.0000000000000002
1683	1.0000000000000002
1684	1.0000000000000002
1685	1.0000000000000002
1686	1.0000000000000002
1687	1.0000000000000002
1688	1.0000000000000002
1689	1.0000000000000002
1690	1.0000000000000002
1691	1.0000000000000002
1692	1.0000000000000002
1693	1.0000000000000002
1694	1.0000000000000002
1695	1.0000000000000002
1696	1.0000000000000002
1697	1.0000000000000002
1698	1.0000000000000002
1699	1.0000000000000002
1700	1.0000000000000002
1701	1.0000000000000002
1702	1.0000000000000002
1703	1.0000000000000002
1704	1.0000000000000002
1705	1.0000000000000002
1706	1.0000000000000002
1707	1.0000000000000002
1708	1.0000000000000002
1709	1.0000000000000002
1710	1.0000000000000002
1711	1.0000000000000002
1712	1.0000000000000002
1713	1.0000000000000002
1714	1.0000000000000002
1715	1.0000000000000002
1716	1.0000000000000002
1717	1.0000000000000002
1718	1.0000000000000002
1719	1.0000000000000002
1720	1.0000000000000002
1721	1.0000000000000002
1722	1.0000000000000002
1723	1.0000000000000002
1724	1.0000000000000002
1725	1.0000000000000002
1726	1.0000000000000002
1727	1.0000000000000002
1728	1.0000000000000002
1729	1.0000000000000002
1730	1.0000000000000002
1731	1.0000000000000002
1732	1.0000000000000002
1733	1.0000000000000002
1734	1.0000000000000002
1735	1.0000000000000002
1736	1.0000000000000002
1737	1.0000000000000002
1738	1.0000000000000002
1739	1.0000000000000002
1740	1.0000000000000002
1741	1.0000000000000002
1742	1.0000000000000002
1743	1.0000000000000002
1744	1.0000000000000002
1745	1.0000000000000002
1746	1.0000000000000002
1747	1.0000000000000002
1748	1.0000000000000002
1749	1.0000000000000002
1750	1.0000000000000002
1751	1.0000000000000002
1752	1.0000000000000002
1753	0.9999000000000001
1754	0.9999000000000001
1755	0.9998000000000001
1756	0.9998000000000001
1757	0.9998000000000001
1758	0.9998000000000001
1759	0.9998000000000001
1760	0.9996000000000002
1761	0.9995000000000002
1762	0.9995000000000002
1763	0.9995000000000002
1764	0.9995000000000002
1765	0.9994000000000002
1766	0.9993000000000002
1767	0.9992000000000002
1768	0.9992000000000002
1769	0.9992000000000002
1770	0.9992000000000002
1771	0.9991000000000001
1772	0.9988000000000001
1773	0.9987000000000001
1774	0.9986000000000002
1775	0.9984000000000002
1776	0.9982000000000002
1777	0.9982000000000002
1778	0.9981000000000002
1779	0.9980000000000001
1780	0.9979000000000001
1781	0.9978000000000001
1782	0.9977000000000001
1783	0.9974000000000002
1784	0.9972000000000002
1785	0.9971000000000002
1786	0.9968000000000001
1787	0.9966000000000002
1788	0.9965000000000002
1789	0.9961000000000002
1790	0.9957000000000001
1791	0.9955000000000002
1792	0.9952000000000002
1793	0.9948000000000001
1794	0.9945000000000002
1795	0.9936000000000001
1796	0.9933000000000002
1797	0.9924000000000002
1798	0.9919000000000001
1799	0.9907000000000001
1800	0.9905000000000002
1801	0.9898000000000001
1802	0.9892000000000002
1803	0.9885000000000002
1804	0.9877000000000001
1805	0.9864000000000002
1806	0.9854000000000002
1807	0.9845000000000002
1808	0.9832000000000002
1809	0.9822000000000002
1810	0.9810000000000002
1811	0.9799000000000001
1812	0.9782000000000002
1813	0.9763000000000002
1814	0.9750000000000002
1815	0.9738000000000001
1816	0.9722000000000002
1817	0.9713000000000002
1818	0.9697000000000001
1819	0.9680000000000002
1820	0.9655000000000001
1821	0.9634000000000001
1822	0.9614000000000001
1823	0.9600000000000002
1824	0.9582000000000002
1825	0.9559000000000002
1826	0.9537000000000002
1827	0.9507000000000002
1828	0.9472000000000002
1829	0.9440000000000002
1830	0.9419000000000002
1831	0.9392000000000001
1832	0.9361000000000002
1833	0.9334000000000001
1834	0.9302000000000001
1835	0.9277000000000002
1836	0.9245000000000001
1837	0.9205000000000001
1838	0.9168000000000002
1839	0.9121000000000001
1840	0.9074000000000002
1841	0.9019000000000001
1842	0.8976000000000002
1843	0.8936000000000002
1844	0.8887000000000002
1845	0.8834000000000002
1846	0.8774000000000002
1847	0.8732000000000001
1848	0.8681000000000001
1849	0.8626000000000001
1850	0.8573000000000002
1851	0.8490000000000001
1852	0.8421000000000002
1853	0.8372000000000002
1854	0.8303000000000001
1855	0.8248000000000001
1856	0.8186000000000001
1857	0.8125000000000001
1858	0.8058000000000001
1859	0.7990000000000002
1860	0.7915000000000001
1861	0.7831000000000001
1862	0.7746000000000001
1863	0.7672000000000001
1864	0.7600000000000001
1865	0.7535000000000002
1866	0.7437000000000001
1867	0.7346000000000001
1868	0.7261000000000002
1869	0.7192000000000002
1870	0.7111000000000002
1871	0.7025000000000001
1872	0.6939000000000002
1873	0.6849000000000002
1874	0.6761000000000001
1875	0.6670000000000001
1876	0.6579000000000002
1877	0.6478000000000002
1878	0.6381000000000002
1879	0.6291000000000002
1880	0.6206000000000002
1881	0.6105000000000002
1882	0.6004000000000002
1883	0.5912000000000002
1884	0.5816000000000001
1885	0.5709000000000002
1886	0.5618000000000002
1887	0.5505000000000002
1888	0.5395000000000001
1889	0.5286000000000002
1890	0.5168000000000001
1891	0.5061000000000001
1892	0.49610000000000015
1893	0.4867000000000002
1894	0.47580000000000017
1895	0.46570000000000017
1896	0.45740000000000014
1897	0.4454000000000002
1898	0.43410000000000015
1899	0.4243000000000001
1900	0.4162000000000001
1901	0.4057000000000001
1902	0.39650000000000013
1903	0.3869000000000002
1904	0.37620000000000015
1905	0.36500000000000016
1906	0.3555000000000001
1907	0.3467000000000001
1908	0.33540000000000014
1909	0.32720000000000016
1910	0.31810000000000016
1911	0.31010000000000015
1912	0.29950000000000015
1913	0.2912000000000002
1914	0.28280000000000016
1915	0.27440000000000014
1916	0.2671000000000001
1917	0.25790000000000013
1918	0.25030000000000013
1919	0.24170000000000014
1920	0.2341000000000001
1921	0.22640000000000013
1922	0.21980000000000013
1923	0.21090000000000012
1924	0.20410000000000011
1925	0.1989000000000001
1926	0.1910000000000001
1927	0.18330000000000007
1928	0.17670000000000008
1929	0.16940000000000008
1930	0.16350000000000006
1931	0.1582000000000001
1932	0.15220000000000009
1933	0.14560000000000006
1934	0.14120000000000008
1935	0.13460000000000008
1936	0.12820000000000012
1937	0.12270000000000009
1938	0.11660000000000009
1939	0.11160000000000009
1940	0.1078000000000001
1941	0.1027000000000001
1942	0.09830000000000008
1943	0.09460000000000006
1944	0.09120000000000004
1945	0.08740000000000003
1946	0.08330000000000003
1947	0.07930000000000005
1948	0.07530000000000003
1949	0.07090000000000003
1950	0.06770000000000004
1951	0.06470000000000002
1952	0.061200000000000025
1953	0.057700000000000015
1954	0.055400000000000005
1955	0.0517
1956	0.048799999999999996
1957	0.0463
1958	0.0441
1959	0.0416
1960	0.0398
1961	0.037899999999999996
1962	0.03590000000000001
1963	0.03350000000000001
1964	0.031400000000000004
1965	0.030500000000000006
1966	0.02910000000000001
1967	0.027900000000000005
1968	0.026400000000000007
1969	0.02510000000000001
1970	0.02380000000000001
1971	0.022300000000000004
1972	0.021599999999999998
1973	0.019899999999999998
1974	0.019
1975	0.017400000000000002
1976	0.0159
1977	0.014799999999999995
1978	0.014299999999999995
1979	0.0133
1980	0.0126
1981	0.011999999999999999
1982	0.011300000000000003
1983	0.011000000000000005
1984	0.010200000000000006
1985	0.009800000000000003
1986	0.0097
1987	0.009200000000000002
1988	0.008600000000000005
1989	0.007700000000000002
1990	0.007300000000000005
1991	0.0069000000000000025
1992	0.006600000000000003
1993	0.006400000000000004
1994	0.0056000000000000025
1995	0.005500000000000001
1996	0.005100000000000002
1997	0.004700000000000004
1998	0.004600000000000004
1999	0.004200000000000002
2000	0.0037000000000000015
2001	0.0034000000000000007
2002	0.0031000000000000003
2003	0.0026000000000000016
2004	0.0022000000000000006
2005	0.0022000000000000006
2006	0.002100000000000001
2007	0.0019000000000000013
2008	0.0019000000000000013
2009	0.0016000000000000005
2010	0.0016000000000000005
2011	0.0013000000000000006
2012	0.0013000000000000006
2013	0.0010000000000000002
2014	0.0010000000000000002
2015	0.0008000000000000003
2016	0.0005000000000000001
2017	0.0005000000000000001
2018	0.0005000000000000001
2019	0.0004000000000000001
2020	0.0004000000000000001
2021	0.0004000000000000001
2022	0.0004000000000000001
2023	0.0003000000000000001
2024	0.0003000000000000001
2025	0.0002000000000000002
2026	0.0002000000000000002
2027	0.0002000000000000002
2028	0.0002000000000000002
2029	0.0002000000000000002
2030	0.0002000000000000002
2031	0.0002000000000000002
2032	0.0002000000000000002
2033	0.00010000000000000009
2034	0.00010000000000000009
2035	0.00010000000000000009
2036	0.00010000000000000009
2037	0.00010000000000000009
2038	0.00010000000000000009
2039	0.00010000000000000009
2040	0.00010000000000000009
2041	0.00010000000000000009
2042	0.00010000000000000009
2043	0.00010000000000000009
2044	0.00010000000000000009
2045	0.00010000000000000009
