k	pvalue
0	1
1	1
2	1
3	1
4	1
5	1
6	1
7	1
8	1
9	1
10	1
11	1
12	1
13	1
14	1
15	1
16	1
17	1
18	1
19	1
20	1
21	1
22	1
23	1
24	1
25	1
26	1
27	1
28	1
29	1
30	1
31	1
32	1
33	1
34	1
35	1
36	1
37	1
38	1
39	1
40	1
41	1
42	1
43	1
44	1
45	1
46	1
47	1
48	1
49	1
50	1
51	1
52	1
53	1
54	1
55	1
56	1
57	1
58	1
59	1
60	1
61	1
62	1
63	1
64	1
65	1
66	1
67	1
68	1
69	1
70	1
71	1
72	0.999999
73	0.999999
74	0.999998
75	0.999997
76	0.999995
77	0.999991
78	0.999986
79	0.999977
80	0.999964
81	0.999945
82	0.999915
83	0.999872
84	0.999808
85	0.999715
86	0.999583
87	0.999397
88	0.999137
89	0.99878
90	0.998294
91	0.997639
92	0.996769
93	0.995624
94	0.994136
95	0.992222
96	0.989787
97	0.986723
98	0.98291
99	0.978214
100	0.972492
101	0.965592
102	0.957357
103	0.94763
104	0.936256
105	0.92309
106	0.908002
107	0.89088
108	0.87164
109	0.85023
110	0.826633
111	0.800872
112	0.773015
113	0.743173
114	0.711499
115	0.678191
116	0.643483
117	0.607644
118	0.570967
119	0.533768
120	0.496371
121	0.459104
122	0.42229
123	0.386236
124	0.351228
125	0.317524
126	0.285348
127	0.254889
128	0.226293
129	0.199668
130	0.17508
131	0.152557
132	0.132093
133	0.113647
134	0.0971529
135	0.08252
136	0.06964
137	0.058391
138	0.0486423
139	0.0402586
140	0.0331037
141	0.0270436
142	0.0219494
143	0.0176991
144	0.0141791
145	0.0112855
146	0.00892425
147	0.00701135
148	0.00547289
149	0.00424446
150	0.00327057
151	0.00250396
152	0.00190477
153	0.0014397
154	0.00108125
155	0.000806888
156	0.000598331
157	0.000440879
158	0.000322816
159	0.000234887
160	0.00016984
161	0.000122042
162	8.7151e-05
163	6.18505e-05
164	4.36245e-05
165	3.05805e-05
166	2.13056e-05
167	1.47534e-05
168	1.01543e-05
169	6.94659e-06
170	4.72361e-06
171	3.19275e-06
172	2.14514e-06
173	1.43271e-06
174	9.51218e-07
175	6.27818e-07
176	4.11936e-07
177	2.68707e-07
178	1.74257e-07
179	1.12351e-07
180	7.20188e-08
181	4.58998e-08
182	2.90858e-08
183	1.8326e-08
184	1.1481e-08
185	7.15204e-09
186	4.43023e-09
187	2.72885e-09
188	1.67148e-09
189	1.01812e-09
190	6.16718e-10
191	3.7151e-10
192	2.22568e-10
193	1.32609e-10
194	7.85798e-11
195	4.63112e-11
196	2.71462e-11
197	1.58267e-11
198	9.17775e-12
199	5.2937e-12
200	3.03716e-12
201	1.7333e-12
202	9.8397e-13
203	5.55655e-13
204	3.12142e-13
205	1.74434e-13
206	9.69734e-14
207	5.36321e-14
208	2.95092e-14
209	1.61532e-14
210	8.79704e-15
211	4.76652e-15
212	2.56958e-15
213	1.37825e-15
214	7.35537e-16
215	3.90574e-16
216	2.06363e-16
217	1.08492e-16
218	5.67561e-17
219	2.95448e-17
220	1.53043e-17
221	7.88889e-18
222	4.04668e-18
223	2.06571e-18
224	1.04939e-18
225	5.30524e-19
226	2.66923e-19
227	1.33656e-19
228	6.66062e-20
229	3.30353e-20
230	1.63073e-20
231	8.01196e-21
232	3.91789e-21
233	1.90691e-21
234	9.23808e-22
235	4.45464e-22
236	2.13812e-22
237	1.02151e-22
238	4.85802e-23
239	2.29977e-23
240	1.08374e-23
241	5.08379e-24
242	2.374e-24
243	1.1036e-24
244	5.10724e-25
245	2.35295e-25
246	1.07918e-25
247	4.92769e-26
248	2.24007e-26
249	1.01382e-26
250	4.56815e-27
251	2.04933e-27
252	9.15339e-28
253	4.07057e-28
254	1.80235e-28
255	7.94584e-29
256	3.48789e-29
257	1.52446e-29
258	6.63443e-30
259	2.87497e-30
260	1.24054e-30
261	5.33019e-31
262	2.28052e-31
263	9.7161e-32
264	4.12212e-32
265	1.74152e-32
266	7.32688e-33
267	3.06972e-33
268	1.28078e-33
269	5.32172e-34
270	2.20209e-34
271	9.07468e-35
272	3.72431e-35
273	1.52224e-35
274	6.19655e-36
275	2.51219e-36
276	1.01436e-36
277	4.07926e-37
278	1.63388e-37
279	6.51801e-38
280	2.58984e-38
281	1.02493e-38
282	4.0401e-39
283	1.58623e-39
284	6.20329e-40
285	2.41639e-40
286	9.3757e-41
287	3.62359e-41
288	1.39501e-41
289	5.34963e-42
290	2.04354e-42
291	7.77608e-43
292	2.94755e-43
293	1.11298e-43
294	4.18649e-44
295	1.56873e-44
296	5.85583e-45
297	2.17759e-45
298	8.06705e-46
299	2.97721e-46
300	1.09463e-46
301	4.00949e-47
302	1.46312e-47
303	5.31922e-48
304	1.92661e-48
305	6.95224e-49
306	2.49944e-49
307	8.95272e-50
308	3.19495e-50
309	1.13599e-50
310	4.0243e-51
311	1.42042e-51
312	4.99525e-52
313	1.75032e-52
314	6.11083e-53
315	2.12574e-53
316	7.36805e-54
317	2.54466e-54
318	8.75685e-55
319	3.00268e-55
320	1.02593e-55
321	3.49286e-56
322	1.18495e-56
323	4.00569e-57
324	1.34933e-57
325	4.52929e-58
326	1.515e-58
327	5.04977e-59
328	1.6773e-59
329	5.5518e-60
330	1.83124e-60
331	6.0193e-61
332	1.97171e-61
333	6.43635e-62
334	2.09382e-62
335	6.78805e-63
336	2.19312e-63
337	7.06141e-64
338	2.26589e-64
339	7.24618e-65
340	2.30942e-65
341	7.33544e-66
342	2.3221e-66
343	7.32609e-67
344	2.30358e-67
345	7.21897e-68
346	2.25473e-68
347	7.01881e-69
348	2.17764e-69
349	6.73387e-70
350	2.07541e-70
351	6.37538e-71
352	1.95198e-71
353	5.95683e-72
354	1.81188e-72
355	5.49312e-73
356	1.65993e-73
357	4.99969e-74
358	1.50101e-74
359	4.49174e-75
360	1.3398e-75
361	3.98345e-76
362	1.18054e-76
363	3.48741e-77
364	1.02691e-77
365	3.01418e-78
366	8.81902e-79
367	2.57209e-79
368	7.47775e-80
369	2.16709e-80
370	6.26047e-81
371	1.80287e-81
372	5.17552e-82
373	1.48107e-82
374	4.22509e-83
375	1.20153e-83
376	3.40625e-84
377	9.62639e-85
378	2.71206e-85
379	7.61703e-86
380	2.13269e-86
381	5.95285e-87
382	1.65647e-87
383	4.5952e-88
384	1.27084e-88
385	3.50386e-89
386	9.63104e-90
387	2.63921e-90
388	7.21027e-91
389	1.96385e-91
390	5.33272e-92
391	1.44369e-92
392	3.8966e-93
393	1.04855e-93
394	2.8131e-94
395	7.52449e-95
396	2.00663e-95
397	5.33531e-96
398	1.41434e-96
399	3.73815e-97
400	9.85073e-98
401	2.58816e-98
402	6.77997e-99
403	1.77085e-99
404	4.61163e-100
405	1.19743e-100
406	3.10005e-101
407	8.0023e-102
408	2.05964e-102
409	5.28564e-103
410	1.35251e-103
411	3.45079e-104
412	8.77882e-105
413	2.22687e-105
414	5.63247e-106
415	1.42053e-106
416	3.5723e-107
417	8.95775e-108
418	2.23977e-108
419	5.58423e-109
420	1.3883e-109
421	3.44161e-110
422	8.50754e-111
423	2.09706e-111
424	5.15451e-112
425	1.26338e-112
426	3.08781e-113
427	7.52564e-114
428	1.829e-114
429	4.43263e-115
430	1.07125e-115
431	2.58169e-116
432	6.20446e-117
433	1.48693e-117
434	3.5536e-118
435	8.46911e-119
436	2.01281e-119
437	4.77049e-120
438	1.12752e-120
439	2.65756e-121
440	6.24666e-122
441	1.46426e-122
442	3.42289e-123
443	7.97957e-124
444	1.85514e-124
445	4.30119e-125
446	9.94526e-126
447	2.2933e-126
448	5.27383e-127
449	1.20952e-127
450	2.76645e-128
451	6.31044e-129
452	1.43557e-129
453	3.25701e-130
454	7.36963e-131
455	1.66306e-131
456	3.74286e-132
457	8.40114e-133
458	1.88067e-133
459	4.19884e-134
460	9.34952e-135
461	2.07632e-135
462	4.59884e-136
463	1.0159e-136
464	2.23824e-137
465	4.9183e-138
466	1.0779e-138
467	2.35613e-139
468	5.13663e-140
469	1.11691e-140
470	2.42227e-141
471	5.2395e-142
472	1.13038e-142
473	2.43235e-143
474	5.22035e-144
475	1.11749e-144
476	2.38596e-145
477	5.08109e-146
478	1.07926e-146
479	2.28654e-147
480	4.83181e-148
481	1.01841e-148
482	2.14103e-149
483	4.48959e-150
484	9.39029e-151
485	1.95903e-151
486	4.07657e-152
487	8.46138e-153
488	1.75179e-153
489	3.6176e-154
490	7.45172e-155
491	1.53106e-155
492	3.13784e-156
493	6.41463e-157
494	1.30803e-157
495	2.66054e-158
496	5.39797e-159
497	1.09245e-159
498	2.20538e-160
499	4.44098e-161
500	8.9205e-162
501	1.78738e-162
502	3.57241e-163
503	7.12238e-164
504	1.41648e-164
505	2.81008e-165
506	5.56099e-166
507	1.09777e-166
508	2.16171e-167
509	4.24633e-168
510	8.3207e-169
511	1.62644e-169
512	3.1714e-170
513	6.16877e-171
514	1.19697e-171
515	2.3169e-172
516	4.47373e-173
517	8.61735e-174
518	1.65585e-174
519	3.17404e-175
520	6.06947e-176
521	1.15781e-176
522	2.20328e-177
523	4.18268e-178
524	7.9212e-179
525	1.49651e-179
526	2.82049e-180
527	5.30305e-181
528	9.94681e-182
529	1.86123e-182
530	3.47439e-183
531	6.47022e-184
532	1.20205e-184
533	2.22787e-185
534	4.11931e-186
535	7.59848e-187
536	1.39829e-187
537	2.56708e-188
538	4.70168e-189
539	8.59091e-190
540	1.56603e-190
541	2.84798e-191
542	5.16715e-192
543	9.35285e-193
544	1.68895e-193
545	3.04278e-194
546	5.469e-195
547	9.80684e-196
548	1.75443e-196
549	3.13133e-197
550	5.57583e-198
551	9.90558e-199
552	1.75566e-199
553	3.10452e-200
554	5.47697e-201
555	9.64008e-202
556	1.69285e-202
557	2.96586e-203
558	5.18422e-204
559	9.04097e-205
560	1.57307e-205
561	2.73075e-206
562	4.72956e-207
563	8.17267e-208
564	1.40901e-208
565	2.42365e-209
566	4.15943e-210
567	7.12211e-211
568	1.21673e-211
569	2.07392e-212
570	3.52698e-213
571	5.9845e-214
572	1.01314e-214
573	1.71131e-215
574	2.88406e-216
575	4.84953e-217
576	8.1361e-218
577	1.36193e-218
578	2.27466e-219
579	3.79054e-220
580	6.30248e-221
581	1.04556e-221
582	1.73067e-222
583	2.85829e-223
584	4.7101e-224
585	7.74435e-225
586	1.27049e-225
587	2.07966e-226
588	3.39662e-227
589	5.53525e-228
590	9.00045e-229
591	1.46026e-229
592	2.36392e-230
593	3.81837e-231
594	6.15408e-232
595	9.89672e-233
596	1.58805e-233
597	2.54261e-234
598	4.06201e-235
599	6.47514e-236
600	1.02992e-236
601	1.6346e-237
602	2.58861e-238
603	4.09046e-239
604	6.44957e-240
605	1.01471e-240
606	1.59297e-241
607	2.49534e-242
608	3.90039e-243
609	6.08335e-244
610	9.46753e-245
611	1.47025e-245
612	2.27826e-246
613	3.52273e-247
614	5.43522e-248
615	8.36794e-249
616	1.28554e-249
617	1.97068e-250
618	3.0145e-251
619	4.60132e-252
620	7.00838e-253
621	1.06518e-253
622	1.61547e-254
623	2.44482e-255
624	3.69204e-256
625	5.56366e-257
626	8.36621e-258
627	1.25537e-258
628	1.87972e-259
629	2.80862e-260
630	4.18765e-261
631	6.23056e-262
632	9.25048e-263
633	1.37051e-263
634	2.02621e-264
635	2.9893e-265
636	4.40087e-266
637	6.46536e-267
638	9.47837e-268
639	1.38663e-268
640	2.02431e-269
641	2.94905e-270
642	4.28724e-271
643	6.21961e-272
644	9.00412e-273
645	1.3008e-273
646	1.87532e-274
647	2.69795e-275
648	3.87337e-276
649	5.54932e-277
650	7.93391e-278
651	1.13197e-278
652	1.61168e-279
653	2.28994e-280
654	3.24691e-281
655	4.59428e-282
656	6.48736e-283
657	9.14159e-284
658	1.28552e-284
659	1.80403e-285
660	2.52647e-286
661	3.53094e-287
662	4.92464e-288
663	6.85438e-289
664	9.52075e-290
665	1.31973e-290
666	1.82561e-291
667	2.52026e-292
668	3.47212e-293
669	4.77374e-294
670	6.54993e-295
671	8.96872e-296
672	1.22558e-296
673	1.67135e-297
674	2.27464e-298
675	3.08942e-299
676	4.18755e-300
677	5.66453e-301
678	7.64697e-302
679	1.03024e-302
680	1.38518e-303
681	1.85866e-304
682	2.48897e-305
683	3.32631e-306
684	4.43642e-307
685	5.90512e-308
686	7.84428e-309
687	1.03993e-309
688	1.3759e-310
689	1.81677e-311
690	2.3941e-312
691	3.1486e-313
692	4.13261e-314
693	5.41332e-315
694	7.07681e-316
695	9.23307e-317
696	1.20224e-317
697	1.5623e-318
698	2.02611e-319
699	2.62151e-320
700	3.37941e-321
701	4.24896e-322
702	5.43472e-323
703	0
704	0
705	0
706	0
707	0
708	0
709	0
710	0
711	0
712	0
713	0
714	0
715	0
716	0
717	0
718	0
719	0
720	0
721	0
722	0
723	0
724	0
725	0
726	0
727	0
728	0
729	0
730	0
731	0
732	0
733	0
734	0
735	0
736	0
737	0
738	0
739	0
740	0
741	0
742	0
743	0
744	0
745	0
746	0
747	0
748	0
749	0
750	0
751	0
752	0
753	0
754	0
755	0
756	0
757	0
758	0
759	0
760	0
761	0
762	0
763	0
764	0
765	0
766	0
767	0
768	0
769	0
770	0
771	0
772	0
773	0
774	0
775	0
776	0
777	0
778	0
779	0
780	0
781	0
782	0
783	0
784	0
785	0
786	0
787	0
788	0
789	0
790	0
791	0
792	0
793	0
794	0
795	0
796	0
797	0
798	0
799	0
800	0
801	0
802	0
803	0
804	0
805	0
806	0
807	0
808	0
809	0
810	0
811	0
812	0
813	0
814	0
815	0
816	0
817	0
818	0
819	0
820	0
821	0
822	0
823	0
824	0
825	0
826	0
827	0
828	0
829	0
830	0
831	0
832	0
833	0
834	0
835	0
836	0
837	0
838	0
839	0
840	0
841	0
842	0
843	0
844	0
845	0
846	0
847	0
848	0
849	0
850	0
851	0
852	0
853	0
854	0
855	0
856	0
857	0
858	0
859	0
860	0
861	0
862	0
863	0
864	0
865	0
866	0
867	0
868	0
869	0
870	0
871	0
872	0
873	0
874	0
875	0
876	0
877	0
878	0
879	0
880	0
881	0
882	0
883	0
884	0
885	0
886	0
887	0
888	0
889	0
890	0
891	0
892	0
893	0
894	0
895	0
896	0
897	0
898	0
899	0
900	0
901	0
902	0
903	0
904	0
905	0
906	0
907	0
908	0
909	0
910	0
911	0
912	0
913	0
914	0
915	0
916	0
917	0
918	0
919	0
920	0
921	0
922	0
923	0
924	0
925	0
926	0
927	0
928	0
929	0
930	0
931	0
932	0
933	0
934	0
935	0
936	0
937	0
938	0
939	0
940	0
941	0
942	0
943	0
944	0
945	0
946	0
947	0
948	0
949	0
950	0
951	0
952	0
953	0
954	0
955	0
956	0
957	0
958	0
959	0
960	0
961	0
962	0
963	0
964	0
965	0
966	0
967	0
968	0
969	0
970	0
971	0
972	0
973	0
974	0
975	0
976	0
977	0
978	0
979	0
980	0
981	0
982	0
983	0
984	0
985	0
986	0
987	0
988	0
989	0
990	0
991	0
992	0
993	0
994	0
995	0
996	0
997	0
998	0
999	0
1000	0
1001	0
1002	0
1003	0
1004	0
1005	0
1006	0
1007	0
1008	0
1009	0
1010	0
1011	0
1012	0
1013	0
1014	0
1015	0
1016	0
1017	0
1018	0
1019	0
1020	0
1021	0
1022	0
1023	0
1024	0
1025	0
1026	0
1027	0
1028	0
1029	0
1030	0
1031	0
1032	0
1033	0
1034	0
1035	0
1036	0
1037	0
1038	0
1039	0
1040	0
1041	0
1042	0
1043	0
1044	0
1045	0
1046	0
1047	0
1048	0
1049	0
1050	0
1051	0
1052	0
1053	0
1054	0
1055	0
1056	0
1057	0
1058	0
1059	0
1060	0
1061	0
1062	0
1063	0
1064	0
1065	0
1066	0
1067	0
1068	0
1069	0
1070	0
1071	0
1072	0
1073	0
1074	0
1075	0
1076	0
1077	0
1078	0
1079	0
1080	0
1081	0
1082	0
1083	0
1084	0
1085	0
1086	0
1087	0
1088	0
1089	0
1090	0
1091	0
1092	0
1093	0
1094	0
1095	0
1096	0
1097	0
1098	0
1099	0
1100	0
1101	0
1102	0
1103	0
1104	0
1105	0
1106	0
1107	0
1108	0
1109	0
1110	0
1111	0
1112	0
1113	0
1114	0
1115	0
1116	0
1117	0
1118	0
1119	0
1120	0
1121	0
1122	0
1123	0
1124	0
1125	0
1126	0
1127	0
1128	0
1129	0
1130	0
1131	0
1132	0
1133	0
1134	0
1135	0
1136	0
1137	0
1138	0
1139	0
1140	0
1141	0
1142	0
1143	0
1144	0
1145	0
1146	0
1147	0
1148	0
1149	0
1150	0
1151	0
1152	0
1153	0
1154	0
1155	0
1156	0
1157	0
1158	0
1159	0
1160	0
1161	0
1162	0
1163	0
1164	0
1165	0
1166	0
1167	0
1168	0
1169	0
1170	0
1171	0
1172	0
1173	0
1174	0
1175	0
1176	0
1177	0
1178	0
1179	0
1180	0
1181	0
1182	0
1183	0
1184	0
1185	0
1186	0
1187	0
1188	0
1189	0
1190	0
1191	0
1192	0
1193	0
1194	0
1195	0
1196	0
1197	0
1198	0
1199	0
1200	0
1201	0
1202	0
1203	0
1204	0
1205	0
1206	0
1207	0
1208	0
1209	0
1210	0
1211	0
1212	0
1213	0
1214	0
1215	0
1216	0
1217	0
1218	0
1219	0
1220	0
1221	0
1222	0
1223	0
1224	0
1225	0
1226	0
1227	0
1228	0
1229	0
1230	0
1231	0
1232	0
1233	0
1234	0
1235	0
1236	0
1237	0
1238	0
1239	0
1240	0
1241	0
1242	0
1243	0
1244	0
1245	0
1246	0
1247	0
1248	0
1249	0
1250	0
1251	0
1252	0
1253	0
1254	0
1255	0
1256	0
1257	0
1258	0
1259	0
1260	0
1261	0
1262	0
1263	0
1264	0
1265	0
1266	0
1267	0
1268	0
1269	0
1270	0
1271	0
1272	0
1273	0
1274	0
1275	0
1276	0
1277	0
1278	0
1279	0
1280	0
1281	0
1282	0
1283	0
1284	0
1285	0
1286	0
1287	0
1288	0
1289	0
1290	0
1291	0
1292	0
1293	0
1294	0
1295	0
1296	0
1297	0
1298	0
1299	0
1300	0
1301	0
1302	0
1303	0
1304	0
1305	0
1306	0
1307	0
1308	0
1309	0
1310	0
1311	0
1312	0
1313	0
1314	0
1315	0
1316	0
1317	0
1318	0
1319	0
1320	0
1321	0
1322	0
1323	0
1324	0
1325	0
1326	0
1327	0
1328	0
1329	0
1330	0
1331	0
1332	0
1333	0
1334	0
1335	0
1336	0
1337	0
1338	0
1339	0
1340	0
1341	0
1342	0
1343	0
1344	0
1345	0
1346	0
1347	0
1348	0
1349	0
1350	0
1351	0
1352	0
1353	0
1354	0
1355	0
1356	0
1357	0
1358	0
1359	0
1360	0
1361	0
1362	0
1363	0
1364	0
1365	0
1366	0
1367	0
1368	0
1369	0
1370	0
1371	0
1372	0
1373	0
1374	0
1375	0
1376	0
1377	0
1378	0
1379	0
1380	0
1381	0
1382	0
1383	0
1384	0
1385	0
1386	0
1387	0
1388	0
1389	0
1390	0
1391	0
1392	0
1393	0
1394	0
1395	0
1396	0
1397	0
1398	0
1399	0
1400	0
1401	0
1402	0
1403	0
1404	0
1405	0
1406	0
1407	0
1408	0
1409	0
1410	0
1411	0
1412	0
1413	0
1414	0
1415	0
1416	0
1417	0
1418	0
1419	0
1420	0
1421	0
1422	0
1423	0
1424	0
1425	0
1426	0
1427	0
1428	0
1429	0
1430	0
1431	0
1432	0
1433	0
1434	0
1435	0
1436	0
1437	0
1438	0
1439	0
1440	0
1441	0
1442	0
1443	0
1444	0
1445	0
1446	0
1447	0
1448	0
1449	0
1450	0
1451	0
1452	0
1453	0
1454	0
1455	0
1456	0
1457	0
1458	0
1459	0
1460	0
1461	0
1462	0
1463	0
1464	0
1465	0
1466	0
1467	0
1468	0
1469	0
1470	0
1471	0
1472	0
1473	0
1474	0
1475	0
1476	0
1477	0
1478	0
1479	0
1480	0
1481	0
1482	0
1483	0
1484	0
1485	0
1486	0
1487	0
1488	0
1489	0
1490	0
1491	0
1492	0
1493	0
1494	0
1495	0
1496	0
1497	0
1498	0
1499	0
1500	0
1501	0
1502	0
1503	0
1504	0
1505	0
1506	0
1507	0
1508	0
1509	0
1510	0
1511	0
1512	0
1513	0
1514	0
1515	0
1516	0
1517	0
1518	0
1519	0
1520	0
1521	0
1522	0
1523	0
1524	0
1525	0
1526	0
1527	0
1528	0
1529	0
1530	0
1531	0
1532	0
1533	0
1534	0
1535	0
1536	0
1537	0
1538	0
1539	0
1540	0
1541	0
1542	0
1543	0
1544	0
1545	0
1546	0
1547	0
1548	0
1549	0
1550	0
1551	0
1552	0
1553	0
1554	0
1555	0
1556	0
1557	0
1558	0
1559	0
1560	0
1561	0
1562	0
1563	0
1564	0
1565	0
1566	0
1567	0
1568	0
1569	0
1570	0
1571	0
1572	0
1573	0
1574	0
1575	0
1576	0
1577	0
1578	0
1579	0
1580	0
1581	0
1582	0
1583	0
1584	0
1585	0
1586	0
1587	0
1588	0
1589	0
1590	0
1591	0
1592	0
1593	0
1594	0
1595	0
1596	0
1597	0
1598	0
1599	0
1600	0
1601	0
1602	0
1603	0
1604	0
1605	0
1606	0
1607	0
1608	0
1609	0
1610	0
1611	0
1612	0
1613	0
1614	0
1615	0
1616	0
1617	0
1618	0
1619	0
1620	0
1621	0
1622	0
1623	0
1624	0
1625	0
1626	0
1627	0
1628	0
1629	0
1630	0
1631	0
1632	0
1633	0
1634	0
1635	0
1636	0
1637	0
1638	0
1639	0
1640	0
1641	0
1642	0
1643	0
1644	0
1645	0
1646	0
1647	0
1648	0
1649	0
1650	0
1651	0
1652	0
1653	0
1654	0
1655	0
1656	0
1657	0
1658	0
1659	0
1660	0
1661	0
1662	0
1663	0
1664	0
1665	0
1666	0
1667	0
1668	0
1669	0
1670	0
1671	0
1672	0
1673	0
1674	0
1675	0
1676	0
1677	0
1678	0
1679	0
1680	0
1681	0
1682	0
1683	0
1684	0
1685	0
1686	0
1687	0
1688	0
1689	0
1690	0
1691	0
1692	0
1693	0
1694	0
1695	0
1696	0
1697	0
1698	0
1699	0
1700	0
1701	0
1702	0
1703	0
1704	0
1705	0
1706	0
1707	0
1708	0
1709	0
1710	0
1711	0
1712	0
1713	0
1714	0
1715	0
1716	0
1717	0
1718	0
1719	0
1720	0
1721	0
1722	0
1723	0
1724	0
1725	0
1726	0
1727	0
1728	0
1729	0
1730	0
1731	0
1732	0
1733	0
1734	0
1735	0
1736	0
1737	0
1738	0
1739	0
1740	0
1741	0
1742	0
1743	0
1744	0
1745	0
1746	0
1747	0
1748	0
1749	0
1750	0
1751	0
1752	0
1753	0
1754	0
1755	0
1756	0
1757	0
1758	0
1759	0
1760	0
1761	0
1762	0
1763	0
1764	0
1765	0
1766	0
1767	0
1768	0
1769	0
1770	0
1771	0
1772	0
1773	0
1774	0
1775	0
1776	0
1777	0
1778	0
1779	0
1780	0
1781	0
1782	0
1783	0
1784	0
1785	0
1786	0
1787	0
1788	0
1789	0
1790	0
1791	0
1792	0
1793	0
1794	0
1795	0
1796	0
1797	0
1798	0
1799	0
1800	0
1801	0
1802	0
1803	0
1804	0
1805	0
1806	0
1807	0
1808	0
1809	0
1810	0
1811	0
1812	0
1813	0
1814	0
1815	0
1816	0
1817	0
1818	0
1819	0
1820	0
1821	0
1822	0
1823	0
1824	0
1825	0
1826	0
1827	0
1828	0
1829	0
1830	0
1831	0
1832	0
1833	0
1834	0
1835	0
1836	0
1837	0
1838	0
1839	0
1840	0
1841	0
1842	0
1843	0
1844	0
1845	0
1846	0
1847	0
1848	0
1849	0
1850	0
1851	0
1852	0
1853	0
1854	0
1855	0
1856	0
1857	0
1858	0
1859	0
1860	0
1861	0
1862	0
1863	0
1864	0
1865	0
1866	0
1867	0
1868	0
1869	0
1870	0
1871	0
1872	0
1873	0
1874	0
1875	0
1876	0
1877	0
1878	0
1879	0
1880	0
1881	0
1882	0
1883	0
1884	0
1885	0
1886	0
1887	0
1888	0
1889	0
1890	0
1891	0
1892	0
1893	0
1894	0
1895	0
1896	0
1897	0
1898	0
1899	0
1900	0
1901	0
1902	0
1903	0
1904	0
1905	0
1906	0
1907	0
1908	0
1909	0
1910	0
1911	0
1912	0
1913	0
1914	0
1915	0
1916	0
1917	0
1918	0
1919	0
1920	0
1921	0
1922	0
1923	0
1924	0
1925	0
1926	0
1927	0
1928	0
1929	0
1930	0
1931	0
1932	0
1933	0
1934	0
1935	0
1936	0
1937	0
1938	0
1939	0
1940	0
1941	0
1942	0
1943	0
1944	0
1945	0
1946	0
1947	0
1948	0
1949	0
1950	0
1951	0
1952	0
1953	0
1954	0
1955	0
1956	0
1957	0
1958	0
1959	0
1960	0
1961	0
1962	0
1963	0
1964	0
1965	0
1966	0
1967	0
1968	0
1969	0
1970	0
1971	0
1972	0
1973	0
1974	0
1975	0
1976	0
1977	0
1978	0
1979	0
1980	0
1981	0
1982	0
1983	0
1984	0
1985	0
1986	0
1987	0
1988	0
1989	0
1990	0
1991	0
1992	0
1993	0
1994	0
1995	0
1996	0
1997	0
1998	0
1999	0
2000	0
2001	0
2002	0
2003	0
2004	0
2005	0
2006	0
2007	0
2008	0
2009	0
2010	0
2011	0
2012	0
2013	0
2014	0
2015	0
2016	0
2017	0
2018	0
2019	0
2020	0
2021	0
2022	0
2023	0
2024	0
2025	0
2026	0
2027	0
2028	0
2029	0
2030	0
2031	0
2032	0
2033	0
2034	0
2035	0
2036	0
2037	0
2038	0
2039	0
2040	0
2041	0
2042	0
2043	0
2044	0
2045	0
2046	0
2047	0
2048	0
2049	0
2050	0
2051	0
2052	0
2053	0
2054	0
2055	0
2056	0
2057	0
2058	0
2059	0
2060	0
2061	0
2062	0
2063	0
2064	0
2065	0
2066	0
2067	0
2068	0
2069	0
2070	0
2071	0
2072	0
2073	0
2074	0
2075	0
2076	0
2077	0
2078	0
2079	0
2080	0
2081	0
2082	0
2083	0
2084	0
2085	0
2086	0
2087	0
2088	0
2089	0
2090	0
2091	0
2092	0
2093	0
2094	0
2095	0
2096	0
2097	0
2098	0
2099	0
2100	0
2101	0
2102	0
2103	0
2104	0
2105	0
2106	0
2107	0
2108	0
2109	0
2110	0
2111	0
2112	0
2113	0
2114	0
2115	0
2116	0
2117	0
2118	0
2119	0
2120	0
2121	0
2122	0
2123	0
2124	0
2125	0
2126	0
2127	0
2128	0
2129	0
2130	0
2131	0
2132	0
2133	0
2134	0
2135	0
2136	0
2137	0
2138	0
2139	0
2140	0
2141	0
2142	0
2143	0
2144	0
2145	0
2146	0
2147	0
2148	0
2149	0
2150	0
2151	0
2152	0
2153	0
2154	0
2155	0
2156	0
2157	0
2158	0
2159	0
2160	0
2161	0
2162	0
2163	0
2164	0
2165	0
2166	0
2167	0
2168	0
2169	0
2170	0
2171	0
2172	0
2173	0
2174	0
2175	0
2176	0
2177	0
2178	0
2179	0
2180	0
2181	0
2182	0
2183	0
2184	0
2185	0
2186	0
2187	0
2188	0
2189	0
2190	0
2191	0
2192	0
2193	0
2194	0
2195	0
2196	0
2197	0
2198	0
2199	0
2200	0
2201	0
2202	0
2203	0
2204	0
2205	0
2206	0
2207	0
2208	0
2209	0
2210	0
2211	0
2212	0
2213	0
2214	0
2215	0
2216	0
2217	0
2218	0
2219	0
2220	0
2221	0
2222	0
2223	0
2224	0
2225	0
2226	0
2227	0
2228	0
2229	0
2230	0
2231	0
2232	0
2233	0
2234	0
2235	0
2236	0
2237	0
2238	0
2239	0
2240	0
2241	0
2242	0
2243	0
2244	0
2245	0
2246	0
2247	0
2248	0
2249	0
2250	0
2251	0
2252	0
2253	0
2254	0
2255	0
2256	0
2257	0
2258	0
2259	0
2260	0
2261	0
2262	0
2263	0
2264	0
2265	0
2266	0
2267	0
2268	0
2269	0
2270	0
2271	0
2272	0
2273	0
2274	0
2275	0
2276	0
2277	0
2278	0
2279	0
2280	0
2281	0
2282	0
2283	0
2284	0
2285	0
2286	0
2287	0
2288	0
2289	0
2290	0
2291	0
2292	0
2293	0
2294	0
2295	0
2296	0
2297	0
2298	0
2299	0
2300	0
2301	0
2302	0
2303	0
2304	0
2305	0
2306	0
2307	0
2308	0
2309	0
2310	0
2311	0
2312	0
2313	0
2314	0
2315	0
2316	0
2317	0
2318	0
2319	0
2320	0
2321	0
2322	0
2323	0
2324	0
2325	0
2326	0
2327	0
2328	0
2329	0
2330	0
2331	0
2332	0
2333	0
2334	0
2335	0
2336	0
2337	0
2338	0
2339	0
2340	0
2341	0
2342	0
2343	0
2344	0
2345	0
2346	0
2347	0
2348	0
2349	0
2350	0
2351	0
2352	0
2353	0
2354	0
2355	0
2356	0
2357	0
2358	0
2359	0
2360	0
2361	0
2362	0
2363	0
2364	0
2365	0
2366	0
2367	0
2368	0
2369	0
2370	0
2371	0
2372	0
2373	0
2374	0
2375	0
2376	0
2377	0
2378	0
2379	0
2380	0
2381	0
2382	0
2383	0
2384	0
2385	0
2386	0
2387	0
2388	0
2389	0
2390	0
2391	0
2392	0
2393	0
2394	0
2395	0
2396	0
2397	0
2398	0
2399	0
2400	0
2401	0
2402	0
2403	0
2404	0
2405	0
2406	0
2407	0
2408	0
2409	0
2410	0
2411	0
2412	0
2413	0
2414	0
2415	0
2416	0
2417	0
2418	0
2419	0
2420	0
2421	0
2422	0
2423	0
2424	0
2425	0
2426	0
2427	0
2428	0
2429	0
2430	0
2431	0
2432	0
2433	0
2434	0
2435	0
2436	0
2437	0
2438	0
2439	0
2440	0
2441	0
2442	0
2443	0
2444	0
2445	0
2446	0
2447	0
2448	0
2449	0
2450	0
2451	0
2452	0
2453	0
2454	0
2455	0
2456	0
2457	0
2458	0
2459	0
2460	0
2461	0
2462	0
2463	0
2464	0
2465	0
2466	0
2467	0
2468	0
2469	0
2470	0
2471	0
2472	0
2473	0
2474	0
2475	0
2476	0
2477	0
2478	0
2479	0
2480	0
2481	0
2482	0
2483	0
2484	0
2485	0
2486	0
2487	0
2488	0
2489	0
2490	0
2491	0
2492	0
2493	0
2494	0
2495	0
2496	0
2497	0
2498	0
2499	0
2500	0
