k	pvalue
0	1
1	1
2	1
3	1
4	1
5	1
6	1
7	1
8	1
9	1
10	1
11	1
12	1
13	1
14	1
15	1
16	1
17	1
18	1
19	1
20	1
21	1
22	1
23	1
24	1
25	1
26	1
27	1
28	1
29	1
30	1
31	1
32	1
33	1
34	1
35	1
36	1
37	1
38	1
39	1
40	1
41	1
42	1
43	1
44	1
45	1
46	1
47	1
48	1
49	1
50	1
51	1
52	1
53	1
54	1
55	1
56	1
57	1
58	1
59	1
60	1
61	1
62	1
63	1
64	1
65	1
66	1
67	1
68	1
69	1
70	1
71	1
72	1
73	1
74	0.999999
75	0.999999
76	0.999998
77	0.999997
78	0.999995
79	0.999991
80	0.999986
81	0.999978
82	0.999965
83	0.999946
84	0.999917
85	0.999874
86	0.999812
87	0.999723
88	0.999596
89	0.999417
90	0.999169
91	0.998828
92	0.998364
93	0.997742
94	0.996914
95	0.995828
96	0.994417
97	0.992603
98	0.990297
99	0.987396
100	0.983786
101	0.979339
102	0.973919
103	0.96738
104	0.959571
105	0.950337
106	0.939529
107	0.927002
108	0.912624
109	0.896282
110	0.877886
111	0.857374
112	0.834718
113	0.809928
114	0.783055
115	0.75419
116	0.723469
117	0.691067
118	0.6572
119	0.622116
120	0.58609
121	0.549423
122	0.512426
123	0.475418
124	0.438715
125	0.402624
126	0.367433
127	0.333406
128	0.300778
129	0.269748
130	0.24048
131	0.213097
132	0.187684
133	0.164288
134	0.14292
135	0.123558
136	0.106151
137	0.0906226
138	0.0768778
139	0.0648047
140	0.0542807
141	0.0451765
142	0.0373596
143	0.0306982
144	0.0250635
145	0.0203324
146	0.0163891
147	0.0131262
148	0.0104459
149	0.00825998
150	0.00648994
151	0.00506682
152	0.00393069
153	0.00303003
154	0.002321
155	0.00176669
156	0.00133632
157	0.00100446
158	0.000750295
159	0.000556955
160	0.00041087
161	0.000301227
162	0.000219481
163	0.000158936
164	0.000114387
165	8.18231e-05
166	5.81734e-05
167	4.11087e-05
168	2.88744e-05
169	2.01592e-05
170	1.39902e-05
171	9.651e-06
172	6.61808e-06
173	4.51141e-06
174	3.05719e-06
175	2.05956e-06
176	1.37936e-06
177	9.18417e-07
178	6.0796e-07
179	4.00121e-07
180	2.61818e-07
181	1.70337e-07
182	1.10187e-07
183	7.08723e-08
184	4.53267e-08
185	2.88253e-08
186	1.82283e-08
187	1.14626e-08
188	7.16788e-09
189	4.45741e-09
190	2.75656e-09
191	1.69533e-09
192	1.03694e-09
193	6.30776e-10
194	3.81618e-10
195	2.29628e-10
196	1.37427e-10
197	8.1805e-11
198	4.84349e-11
199	2.85244e-11
200	1.67096e-11
201	9.7367e-12
202	5.64374e-12
203	3.25416e-12
204	1.86654e-12
205	1.06506e-12
206	6.04576e-13
207	3.41416e-13
208	1.91814e-13
209	1.07213e-13
210	5.96202e-14
211	3.2986e-14
212	1.81578e-14
213	9.94499e-15
214	5.41951e-15
215	2.93859e-15
216	1.58544e-15
217	8.51141e-16
218	4.54675e-16
219	2.4169e-16
220	1.27844e-16
221	6.72939e-17
222	3.52495e-17
223	1.83746e-17
224	9.53196e-18
225	4.92098e-18
226	2.52833e-18
227	1.29282e-18
228	6.57913e-19
229	3.33224e-19
230	1.67977e-19
231	8.42777e-20
232	4.20858e-20
233	2.09182e-20
234	1.03488e-20
235	5.09605e-21
236	2.49785e-21
237	1.2187e-21
238	5.91873e-22
239	2.86135e-22
240	1.37699e-22
241	6.59653e-23
242	3.1458e-23
243	1.49343e-23
244	7.05802e-24
245	3.32073e-24
246	1.5554e-24
247	7.253e-25
248	3.36717e-25
249	1.55629e-25
250	7.16145e-26
251	3.28098e-26
252	1.4966e-26
253	6.79689e-27
254	3.07346e-27
255	1.38376e-27
256	6.20326e-28
257	2.76891e-28
258	1.23064e-28
259	5.44628e-29
260	2.40002e-29
261	1.05314e-29
262	4.60167e-30
263	2.00223e-30
264	8.67527e-31
265	3.7431e-31
266	1.60829e-31
267	6.88156e-32
268	2.93228e-32
269	1.2443e-32
270	5.25841e-33
271	2.21307e-33
272	9.27587e-34
273	3.87203e-34
274	1.60973e-34
275	6.66502e-35
276	2.74847e-35
277	1.12883e-35
278	4.61758e-36
279	1.8813e-36
280	7.63423e-37
281	3.0856e-37
282	1.24219e-37
283	4.98094e-38
284	1.98939e-38
285	7.91436e-39
286	3.13622e-39
287	1.23792e-39
288	4.86727e-40
289	1.90628e-40
290	7.43704e-41
291	2.89023e-41
292	1.11889e-41
293	4.3149e-42
294	1.65763e-42
295	6.34369e-43
296	2.41846e-43
297	9.1851e-44
298	3.4752e-44
299	1.30989e-44
300	4.91867e-45
301	1.84004e-45
302	6.85772e-46
303	2.54628e-46
304	9.41915e-47
305	3.47138e-47
306	1.27462e-47
307	4.66286e-48
308	1.6995e-48
309	6.17153e-49
310	2.23291e-49
311	8.04931e-50
312	2.89109e-50
313	1.03463e-50
314	3.68918e-51
315	1.3107e-51
316	4.63989e-52
317	1.63662e-52
318	5.75214e-53
319	2.01444e-53
320	7.02957e-54
321	2.4443e-54
322	8.46911e-55
323	2.92402e-55
324	1.00598e-55
325	3.44877e-56
326	1.17818e-56
327	4.01086e-57
328	1.36064e-57
329	4.59972e-58
330	1.54956e-58
331	5.20209e-59
332	1.74037e-59
333	5.80237e-60
334	1.92784e-60
335	6.38331e-61
336	2.10635e-61
337	6.92673e-62
338	2.2701e-62
339	7.4145e-63
340	2.41349e-63
341	7.82955e-64
342	2.5314e-64
343	8.15682e-65
344	2.61951e-65
345	8.38422e-66
346	2.67456e-66
347	8.50336e-67
348	2.69453e-67
349	8.51005e-68
350	2.67881e-68
351	8.40455e-69
352	2.62818e-69
353	8.19153e-70
354	2.54478e-70
355	7.87973e-71
356	2.43194e-71
357	7.48132e-72
358	2.29399e-72
359	7.01122e-73
360	2.13594e-73
361	6.48608e-74
362	1.96325e-74
363	5.92339e-75
364	1.78144e-75
365	5.34051e-76
366	1.5959e-76
367	4.75385e-77
368	1.41157e-77
369	4.17813e-78
370	1.23278e-78
371	3.62592e-79
372	1.06312e-79
373	3.10726e-80
374	9.05337e-81
375	2.62956e-81
376	7.61375e-82
377	2.19766e-82
378	6.32368e-83
379	1.81398e-83
380	5.18737e-84
381	1.47884e-84
382	4.20294e-85
383	1.19083e-85
384	3.36366e-86
385	9.47201e-87
386	2.65916e-87
387	7.44253e-88
388	2.0767e-88
389	5.77705e-89
390	1.60222e-89
391	4.43019e-90
392	1.22127e-90
393	3.35653e-91
394	9.19735e-92
395	2.51264e-92
396	6.84381e-93
397	1.85852e-93
398	5.03198e-94
399	1.35837e-94
400	3.65599e-95
401	9.81082e-96
402	2.62494e-96
403	7.00245e-97
404	1.86252e-97
405	4.93938e-98
406	1.30608e-98
407	3.44344e-99
408	9.05202e-100
409	2.37263e-100
410	6.20083e-101
411	1.61587e-101
412	4.19858e-102
413	1.08778e-102
414	2.8101e-103
415	7.23852e-104
416	1.8592e-104
417	4.76163e-105
418	1.21601e-105
419	3.09654e-106
420	7.86274e-107
421	1.99082e-107
422	5.02636e-108
423	1.26544e-108
424	3.17683e-109
425	7.95278e-110
426	1.98525e-110
427	4.94183e-111
428	1.22669e-111
429	3.03643e-112
430	7.49502e-113
431	1.84487e-113
432	4.52839e-114
433	1.10844e-114
434	2.70562e-115
435	6.58592e-116
436	1.59868e-116
437	3.86991e-117
438	9.34202e-118
439	2.24896e-118
440	5.39915e-119
441	1.29263e-119
442	3.08625e-120
443	7.34848e-121
444	1.74492e-121
445	4.13206e-122
446	9.75831e-123
447	2.29826e-123
448	5.39815e-124
449	1.26448e-124
450	2.95395e-125
451	6.8821e-126
452	1.59907e-126
453	3.70546e-127
454	8.56346e-128
455	1.97374e-128
456	4.53699e-129
457	1.04012e-129
458	2.37815e-130
459	5.42297e-131
460	1.23333e-131
461	2.79747e-132
462	6.32849e-133
463	1.42786e-133
464	3.21307e-134
465	7.21124e-135
466	1.61419e-135
467	3.60377e-136
468	8.0245e-137
469	1.78213e-137
470	3.94752e-138
471	8.72116e-139
472	1.92172e-139
473	4.22352e-140
474	9.25826e-141
475	2.02421e-141
476	4.41424e-142
477	9.60135e-143
478	2.08298e-143
479	4.50732e-144
480	9.72817e-145
481	2.09424e-145
482	4.49685e-146
483	9.63107e-147
484	2.05745e-147
485	4.38403e-148
486	9.31772e-149
487	1.97533e-149
488	4.17698e-150
489	8.81014e-151
490	1.85354e-151
491	3.88974e-152
492	8.14218e-153
493	1.70006e-153
494	3.54073e-154
495	7.35577e-155
496	1.5243e-155
497	3.15083e-156
498	6.49666e-157
499	1.33619e-157
500	2.74133e-158
501	5.61011e-159
502	1.14525e-159
503	2.3321e-160
504	4.73713e-161
505	9.59857e-162
506	1.94009e-162
507	3.91169e-163
508	7.86746e-164
509	1.57846e-164
510	3.1591e-165
511	6.30703e-166
512	1.25609e-166
513	2.49547e-167
514	4.94561e-168
515	9.77747e-169
516	1.92829e-169
517	3.79368e-170
518	7.44547e-171
519	1.4577e-171
520	2.84701e-172
521	5.54699e-173
522	1.07814e-173
523	2.09047e-174
524	4.04356e-175
525	7.80256e-176
526	1.50198e-176
527	2.88436e-177
528	5.52576e-178
529	1.05607e-178
530	2.01352e-179
531	3.82983e-180
532	7.26719e-181
533	1.37568e-181
534	2.59799e-182
535	4.89467e-183
536	9.1998e-184
537	1.72506e-184
538	3.22702e-185
539	6.02243e-186
540	1.12129e-186
541	2.08276e-187
542	3.85955e-188
543	7.13533e-189
544	1.31605e-189
545	2.42164e-190
546	4.44561e-191
547	8.1421e-192
548	1.48774e-192
549	2.71209e-193
550	4.93254e-194
551	8.95004e-195
552	1.62021e-195
553	2.92623e-196
554	5.27277e-197
555	9.47904e-198
556	1.70014e-198
557	3.04232e-199
558	5.43152e-200
559	9.6747e-201
560	1.71931e-201
561	3.04842e-202
562	5.3926e-203
563	9.51757e-204
564	1.67595e-204
565	2.94443e-205
566	5.1612e-206
567	9.02631e-207
568	1.575e-207
569	2.74197e-208
570	4.76276e-209
571	8.25409e-210
572	1.42724e-210
573	2.46229e-211
574	4.23839e-212
575	7.27916e-213
576	1.24733e-213
577	2.13259e-214
578	3.63792e-215
579	6.19189e-216
580	1.05152e-216
581	1.78173e-217
582	3.01225e-218
583	5.08124e-219
584	8.55222e-220
585	1.43621e-220
586	2.40653e-221
587	4.02343e-222
588	6.71176e-223
589	1.11715e-223
590	1.85535e-224
591	3.07451e-225
592	5.08353e-226
593	8.38678e-227
594	1.3806e-227
595	2.26767e-228
596	3.71652e-229
597	6.07769e-230
598	9.91713e-231
599	1.61466e-231
600	2.62314e-232
601	4.25219e-233
602	6.87787e-234
603	1.11006e-234
604	1.78768e-235
605	2.87268e-236
606	4.60616e-237
607	7.36964e-238
608	1.17655e-238
609	1.87426e-239
610	2.97927e-240
611	4.72552e-241
612	7.47909e-242
613	1.18116e-242
614	1.86138e-243
615	2.92699e-244
616	4.59276e-245
617	7.19105e-246
618	1.12351e-246
619	1.75158e-247
620	2.7249e-248
621	4.23001e-249
622	6.55245e-250
623	1.01283e-250
624	1.56222e-251
625	2.40449e-252
626	3.69299e-253
627	5.6599e-254
628	8.65597e-255
629	1.32099e-255
630	2.0117e-256
631	3.05708e-257
632	4.63586e-258
633	7.01513e-259
634	1.05931e-259
635	1.59622e-260
636	2.40021e-261
637	3.60156e-262
638	5.39283e-263
639	8.05807e-264
640	1.20153e-264
641	1.78782e-265
642	2.65464e-266
643	3.93349e-267
644	5.81624e-268
645	8.58222e-269
646	1.26372e-269
647	1.85693e-270
648	2.72293e-271
649	3.98449e-272
650	5.81845e-273
651	8.47891e-274
652	1.23302e-274
653	1.78938e-275
654	2.59141e-276
655	3.74516e-277
656	5.40141e-278
657	7.77405e-279
658	1.11659e-279
659	1.60045e-280
660	2.28928e-281
661	3.26785e-282
662	4.65515e-283
663	6.61779e-284
664	9.38864e-285
665	1.32924e-285
666	1.87808e-286
667	2.64812e-287
668	3.72626e-288
669	5.23268e-289
670	7.33312e-290
671	1.02558e-290
672	1.43142e-291
673	1.99379e-292
674	2.77148e-293
675	3.8447e-294
676	5.32271e-295
677	7.354e-296
678	1.01399e-296
679	1.39531e-297
680	1.91614e-298
681	2.62608e-299
682	3.5918e-300
683	4.90279e-301
684	6.67882e-302
685	9.07994e-303
686	1.23195e-303
687	1.66815e-304
688	2.25425e-305
689	3.0402e-306
690	4.09196e-307
691	5.49658e-308
692	7.36863e-309
693	9.85856e-310
694	1.31636e-310
695	1.75416e-311
696	2.33293e-312
697	3.09648e-313
698	4.10178e-314
699	5.42268e-315
700	7.15475e-316
701	9.42136e-317
702	1.23815e-317
703	1.62395e-318
704	2.12572e-319
705	2.77665e-320
706	3.6215e-321
707	4.69362e-322
708	5.43472e-323
709	0
710	0
711	0
712	0
713	0
714	0
715	0
716	0
717	0
718	0
719	0
720	0
721	0
722	0
723	0
724	0
725	0
726	0
727	0
728	0
729	0
730	0
731	0
732	0
733	0
734	0
735	0
736	0
737	0
738	0
739	0
740	0
741	0
742	0
743	0
744	0
745	0
746	0
747	0
748	0
749	0
750	0
751	0
752	0
753	0
754	0
755	0
756	0
757	0
758	0
759	0
760	0
761	0
762	0
763	0
764	0
765	0
766	0
767	0
768	0
769	0
770	0
771	0
772	0
773	0
774	0
775	0
776	0
777	0
778	0
779	0
780	0
781	0
782	0
783	0
784	0
785	0
786	0
787	0
788	0
789	0
790	0
791	0
792	0
793	0
794	0
795	0
796	0
797	0
798	0
799	0
800	0
801	0
802	0
803	0
804	0
805	0
806	0
807	0
808	0
809	0
810	0
811	0
812	0
813	0
814	0
815	0
816	0
817	0
818	0
819	0
820	0
821	0
822	0
823	0
824	0
825	0
826	0
827	0
828	0
829	0
830	0
831	0
832	0
833	0
834	0
835	0
836	0
837	0
838	0
839	0
840	0
841	0
842	0
843	0
844	0
845	0
846	0
847	0
848	0
849	0
850	0
851	0
852	0
853	0
854	0
855	0
856	0
857	0
858	0
859	0
860	0
861	0
862	0
863	0
864	0
865	0
866	0
867	0
868	0
869	0
870	0
871	0
872	0
873	0
874	0
875	0
876	0
877	0
878	0
879	0
880	0
881	0
882	0
883	0
884	0
885	0
886	0
887	0
888	0
889	0
890	0
891	0
892	0
893	0
894	0
895	0
896	0
897	0
898	0
899	0
900	0
901	0
902	0
903	0
904	0
905	0
906	0
907	0
908	0
909	0
910	0
911	0
912	0
913	0
914	0
915	0
916	0
917	0
918	0
919	0
920	0
921	0
922	0
923	0
924	0
925	0
926	0
927	0
928	0
929	0
930	0
931	0
932	0
933	0
934	0
935	0
936	0
937	0
938	0
939	0
940	0
941	0
942	0
943	0
944	0
945	0
946	0
947	0
948	0
949	0
950	0
951	0
952	0
953	0
954	0
955	0
956	0
957	0
958	0
959	0
960	0
961	0
962	0
963	0
964	0
965	0
966	0
967	0
968	0
969	0
970	0
971	0
972	0
973	0
974	0
975	0
976	0
977	0
978	0
979	0
980	0
981	0
982	0
983	0
984	0
985	0
986	0
987	0
988	0
989	0
990	0
991	0
992	0
993	0
994	0
995	0
996	0
997	0
998	0
999	0
1000	0
1001	0
1002	0
1003	0
1004	0
1005	0
1006	0
1007	0
1008	0
1009	0
1010	0
1011	0
1012	0
1013	0
1014	0
1015	0
1016	0
1017	0
1018	0
1019	0
1020	0
1021	0
1022	0
1023	0
1024	0
1025	0
1026	0
1027	0
1028	0
1029	0
1030	0
1031	0
1032	0
1033	0
1034	0
1035	0
1036	0
1037	0
1038	0
1039	0
1040	0
1041	0
1042	0
1043	0
1044	0
1045	0
1046	0
1047	0
1048	0
1049	0
1050	0
1051	0
1052	0
1053	0
1054	0
1055	0
1056	0
1057	0
1058	0
1059	0
1060	0
1061	0
1062	0
1063	0
1064	0
1065	0
1066	0
1067	0
1068	0
1069	0
1070	0
1071	0
1072	0
1073	0
1074	0
1075	0
1076	0
1077	0
1078	0
1079	0
1080	0
1081	0
1082	0
1083	0
1084	0
1085	0
1086	0
1087	0
1088	0
1089	0
1090	0
1091	0
1092	0
1093	0
1094	0
1095	0
1096	0
1097	0
1098	0
1099	0
1100	0
1101	0
1102	0
1103	0
1104	0
1105	0
1106	0
1107	0
1108	0
1109	0
1110	0
1111	0
1112	0
1113	0
1114	0
1115	0
1116	0
1117	0
1118	0
1119	0
1120	0
1121	0
1122	0
1123	0
1124	0
1125	0
1126	0
1127	0
1128	0
1129	0
1130	0
1131	0
1132	0
1133	0
1134	0
1135	0
1136	0
1137	0
1138	0
1139	0
1140	0
1141	0
1142	0
1143	0
1144	0
1145	0
1146	0
1147	0
1148	0
1149	0
1150	0
1151	0
1152	0
1153	0
1154	0
1155	0
1156	0
1157	0
1158	0
1159	0
1160	0
1161	0
1162	0
1163	0
1164	0
1165	0
1166	0
1167	0
1168	0
1169	0
1170	0
1171	0
1172	0
1173	0
1174	0
1175	0
1176	0
1177	0
1178	0
1179	0
1180	0
1181	0
1182	0
1183	0
1184	0
1185	0
1186	0
1187	0
1188	0
1189	0
1190	0
1191	0
1192	0
1193	0
1194	0
1195	0
1196	0
1197	0
1198	0
1199	0
1200	0
1201	0
1202	0
1203	0
1204	0
1205	0
1206	0
1207	0
1208	0
1209	0
1210	0
1211	0
1212	0
1213	0
1214	0
1215	0
1216	0
1217	0
1218	0
1219	0
1220	0
1221	0
1222	0
1223	0
1224	0
1225	0
1226	0
1227	0
1228	0
1229	0
1230	0
1231	0
1232	0
1233	0
1234	0
1235	0
1236	0
1237	0
1238	0
1239	0
1240	0
1241	0
1242	0
1243	0
1244	0
1245	0
1246	0
1247	0
1248	0
1249	0
1250	0
1251	0
1252	0
1253	0
1254	0
1255	0
1256	0
1257	0
1258	0
1259	0
1260	0
1261	0
1262	0
1263	0
1264	0
1265	0
1266	0
1267	0
1268	0
1269	0
1270	0
1271	0
1272	0
1273	0
1274	0
1275	0
1276	0
1277	0
1278	0
1279	0
1280	0
1281	0
1282	0
1283	0
1284	0
1285	0
1286	0
1287	0
1288	0
1289	0
1290	0
1291	0
1292	0
1293	0
1294	0
1295	0
1296	0
1297	0
1298	0
1299	0
1300	0
1301	0
1302	0
1303	0
1304	0
1305	0
1306	0
1307	0
1308	0
1309	0
1310	0
1311	0
1312	0
1313	0
1314	0
1315	0
1316	0
1317	0
1318	0
1319	0
1320	0
1321	0
1322	0
1323	0
1324	0
1325	0
1326	0
1327	0
1328	0
1329	0
1330	0
1331	0
1332	0
1333	0
1334	0
1335	0
1336	0
1337	0
1338	0
1339	0
1340	0
1341	0
1342	0
1343	0
1344	0
1345	0
1346	0
1347	0
1348	0
1349	0
1350	0
1351	0
1352	0
1353	0
1354	0
1355	0
1356	0
1357	0
1358	0
1359	0
1360	0
1361	0
1362	0
1363	0
1364	0
1365	0
1366	0
1367	0
1368	0
1369	0
1370	0
1371	0
1372	0
1373	0
1374	0
1375	0
1376	0
1377	0
1378	0
1379	0
1380	0
1381	0
1382	0
1383	0
1384	0
1385	0
1386	0
1387	0
1388	0
1389	0
1390	0
1391	0
1392	0
1393	0
1394	0
1395	0
1396	0
1397	0
1398	0
1399	0
1400	0
1401	0
1402	0
1403	0
1404	0
1405	0
1406	0
1407	0
1408	0
1409	0
1410	0
1411	0
1412	0
1413	0
1414	0
1415	0
1416	0
1417	0
1418	0
1419	0
1420	0
1421	0
1422	0
1423	0
1424	0
1425	0
1426	0
1427	0
1428	0
1429	0
1430	0
1431	0
1432	0
1433	0
1434	0
1435	0
1436	0
1437	0
1438	0
1439	0
1440	0
1441	0
1442	0
1443	0
1444	0
1445	0
1446	0
1447	0
1448	0
1449	0
1450	0
1451	0
1452	0
1453	0
1454	0
1455	0
1456	0
1457	0
1458	0
1459	0
1460	0
1461	0
1462	0
1463	0
1464	0
1465	0
1466	0
1467	0
1468	0
1469	0
1470	0
1471	0
1472	0
1473	0
1474	0
1475	0
1476	0
1477	0
1478	0
1479	0
1480	0
1481	0
1482	0
1483	0
1484	0
1485	0
1486	0
1487	0
1488	0
1489	0
1490	0
1491	0
1492	0
1493	0
1494	0
1495	0
1496	0
1497	0
1498	0
1499	0
1500	0
1501	0
1502	0
1503	0
1504	0
1505	0
1506	0
1507	0
1508	0
1509	0
1510	0
1511	0
1512	0
1513	0
1514	0
1515	0
1516	0
1517	0
1518	0
1519	0
1520	0
1521	0
1522	0
1523	0
1524	0
1525	0
1526	0
1527	0
1528	0
1529	0
1530	0
1531	0
1532	0
1533	0
1534	0
1535	0
1536	0
1537	0
1538	0
1539	0
1540	0
1541	0
1542	0
1543	0
1544	0
1545	0
1546	0
1547	0
1548	0
1549	0
1550	0
1551	0
1552	0
1553	0
1554	0
1555	0
1556	0
1557	0
1558	0
1559	0
1560	0
1561	0
1562	0
1563	0
1564	0
1565	0
1566	0
1567	0
1568	0
1569	0
1570	0
1571	0
1572	0
1573	0
1574	0
1575	0
1576	0
1577	0
1578	0
1579	0
1580	0
1581	0
1582	0
1583	0
1584	0
1585	0
1586	0
1587	0
1588	0
1589	0
1590	0
1591	0
1592	0
1593	0
1594	0
1595	0
1596	0
1597	0
1598	0
1599	0
1600	0
1601	0
1602	0
1603	0
1604	0
1605	0
1606	0
1607	0
1608	0
1609	0
1610	0
1611	0
1612	0
1613	0
1614	0
1615	0
1616	0
1617	0
1618	0
1619	0
1620	0
1621	0
1622	0
1623	0
1624	0
1625	0
1626	0
1627	0
1628	0
1629	0
1630	0
1631	0
1632	0
1633	0
1634	0
1635	0
1636	0
1637	0
1638	0
1639	0
1640	0
1641	0
1642	0
1643	0
1644	0
1645	0
1646	0
1647	0
1648	0
1649	0
1650	0
1651	0
1652	0
1653	0
1654	0
1655	0
1656	0
1657	0
1658	0
1659	0
1660	0
1661	0
1662	0
1663	0
1664	0
1665	0
1666	0
1667	0
1668	0
1669	0
1670	0
1671	0
1672	0
1673	0
1674	0
1675	0
1676	0
1677	0
1678	0
1679	0
1680	0
1681	0
1682	0
1683	0
1684	0
1685	0
1686	0
1687	0
1688	0
1689	0
1690	0
1691	0
1692	0
1693	0
1694	0
1695	0
1696	0
1697	0
1698	0
1699	0
1700	0
1701	0
1702	0
1703	0
1704	0
1705	0
1706	0
1707	0
1708	0
1709	0
1710	0
1711	0
1712	0
1713	0
1714	0
1715	0
1716	0
1717	0
1718	0
1719	0
1720	0
1721	0
1722	0
1723	0
1724	0
1725	0
1726	0
1727	0
1728	0
1729	0
1730	0
1731	0
1732	0
1733	0
1734	0
1735	0
1736	0
1737	0
1738	0
1739	0
1740	0
1741	0
1742	0
1743	0
1744	0
1745	0
1746	0
1747	0
1748	0
1749	0
1750	0
1751	0
1752	0
1753	0
1754	0
1755	0
1756	0
1757	0
1758	0
1759	0
1760	0
1761	0
1762	0
1763	0
1764	0
1765	0
1766	0
1767	0
1768	0
1769	0
1770	0
1771	0
1772	0
1773	0
1774	0
1775	0
1776	0
1777	0
1778	0
1779	0
1780	0
1781	0
1782	0
1783	0
1784	0
1785	0
1786	0
1787	0
1788	0
1789	0
1790	0
1791	0
1792	0
1793	0
1794	0
1795	0
1796	0
1797	0
1798	0
1799	0
1800	0
1801	0
1802	0
1803	0
1804	0
1805	0
1806	0
1807	0
1808	0
1809	0
1810	0
1811	0
1812	0
1813	0
1814	0
1815	0
1816	0
1817	0
1818	0
1819	0
1820	0
1821	0
1822	0
1823	0
1824	0
1825	0
1826	0
1827	0
1828	0
1829	0
1830	0
1831	0
1832	0
1833	0
1834	0
1835	0
1836	0
1837	0
1838	0
1839	0
1840	0
1841	0
1842	0
1843	0
1844	0
1845	0
1846	0
1847	0
1848	0
1849	0
1850	0
1851	0
1852	0
1853	0
1854	0
1855	0
1856	0
1857	0
1858	0
1859	0
1860	0
1861	0
1862	0
1863	0
1864	0
1865	0
1866	0
1867	0
1868	0
1869	0
1870	0
1871	0
1872	0
1873	0
1874	0
1875	0
1876	0
1877	0
1878	0
1879	0
1880	0
1881	0
1882	0
1883	0
1884	0
1885	0
1886	0
1887	0
1888	0
1889	0
1890	0
1891	0
1892	0
1893	0
1894	0
1895	0
1896	0
1897	0
1898	0
1899	0
1900	0
1901	0
1902	0
1903	0
1904	0
1905	0
1906	0
1907	0
1908	0
1909	0
1910	0
1911	0
1912	0
1913	0
1914	0
1915	0
1916	0
1917	0
1918	0
1919	0
1920	0
1921	0
1922	0
1923	0
1924	0
1925	0
1926	0
1927	0
1928	0
1929	0
1930	0
1931	0
1932	0
1933	0
1934	0
1935	0
1936	0
1937	0
1938	0
1939	0
1940	0
1941	0
1942	0
1943	0
1944	0
1945	0
1946	0
1947	0
1948	0
1949	0
1950	0
1951	0
1952	0
1953	0
1954	0
1955	0
1956	0
1957	0
1958	0
1959	0
1960	0
1961	0
1962	0
1963	0
1964	0
1965	0
1966	0
1967	0
1968	0
1969	0
1970	0
1971	0
1972	0
1973	0
1974	0
1975	0
1976	0
1977	0
1978	0
1979	0
1980	0
1981	0
1982	0
1983	0
1984	0
1985	0
1986	0
1987	0
1988	0
1989	0
1990	0
1991	0
1992	0
1993	0
1994	0
1995	0
1996	0
1997	0
1998	0
1999	0
2000	0
2001	0
2002	0
2003	0
2004	0
2005	0
2006	0
2007	0
2008	0
2009	0
2010	0
2011	0
2012	0
2013	0
2014	0
2015	0
2016	0
2017	0
2018	0
2019	0
2020	0
2021	0
2022	0
2023	0
2024	0
2025	0
2026	0
2027	0
2028	0
2029	0
2030	0
2031	0
2032	0
2033	0
2034	0
2035	0
2036	0
2037	0
2038	0
2039	0
2040	0
2041	0
2042	0
2043	0
2044	0
2045	0
2046	0
2047	0
2048	0
2049	0
2050	0
2051	0
2052	0
2053	0
2054	0
2055	0
2056	0
2057	0
2058	0
2059	0
2060	0
2061	0
2062	0
2063	0
2064	0
2065	0
2066	0
2067	0
2068	0
2069	0
2070	0
2071	0
2072	0
2073	0
2074	0
2075	0
2076	0
2077	0
2078	0
2079	0
2080	0
2081	0
2082	0
2083	0
2084	0
2085	0
2086	0
2087	0
2088	0
2089	0
2090	0
2091	0
2092	0
2093	0
2094	0
2095	0
2096	0
2097	0
2098	0
2099	0
2100	0
2101	0
2102	0
2103	0
2104	0
2105	0
2106	0
2107	0
2108	0
2109	0
2110	0
2111	0
2112	0
2113	0
2114	0
2115	0
2116	0
2117	0
2118	0
2119	0
2120	0
2121	0
2122	0
2123	0
2124	0
2125	0
2126	0
2127	0
2128	0
2129	0
2130	0
2131	0
2132	0
2133	0
2134	0
2135	0
2136	0
2137	0
2138	0
2139	0
2140	0
2141	0
2142	0
2143	0
2144	0
2145	0
2146	0
2147	0
2148	0
2149	0
2150	0
2151	0
2152	0
2153	0
2154	0
2155	0
2156	0
2157	0
2158	0
2159	0
2160	0
2161	0
2162	0
2163	0
2164	0
2165	0
2166	0
2167	0
2168	0
2169	0
2170	0
2171	0
2172	0
2173	0
2174	0
2175	0
2176	0
2177	0
2178	0
2179	0
2180	0
2181	0
2182	0
2183	0
2184	0
2185	0
2186	0
2187	0
2188	0
2189	0
2190	0
2191	0
2192	0
2193	0
2194	0
2195	0
2196	0
2197	0
2198	0
2199	0
2200	0
2201	0
2202	0
2203	0
2204	0
2205	0
2206	0
2207	0
2208	0
2209	0
2210	0
2211	0
2212	0
2213	0
2214	0
2215	0
2216	0
2217	0
2218	0
2219	0
2220	0
2221	0
2222	0
2223	0
2224	0
2225	0
2226	0
2227	0
2228	0
2229	0
2230	0
2231	0
2232	0
2233	0
2234	0
2235	0
2236	0
2237	0
2238	0
2239	0
2240	0
2241	0
2242	0
2243	0
2244	0
2245	0
2246	0
2247	0
2248	0
2249	0
2250	0
2251	0
2252	0
2253	0
2254	0
2255	0
2256	0
2257	0
2258	0
2259	0
2260	0
2261	0
2262	0
2263	0
2264	0
2265	0
2266	0
2267	0
2268	0
2269	0
2270	0
2271	0
2272	0
2273	0
2274	0
2275	0
2276	0
2277	0
2278	0
2279	0
2280	0
2281	0
2282	0
2283	0
2284	0
2285	0
2286	0
2287	0
2288	0
2289	0
2290	0
2291	0
2292	0
2293	0
2294	0
2295	0
2296	0
2297	0
2298	0
2299	0
2300	0
2301	0
2302	0
2303	0
2304	0
2305	0
2306	0
2307	0
2308	0
2309	0
2310	0
2311	0
2312	0
2313	0
2314	0
2315	0
2316	0
2317	0
2318	0
2319	0
2320	0
2321	0
2322	0
2323	0
2324	0
2325	0
2326	0
2327	0
2328	0
2329	0
2330	0
2331	0
2332	0
2333	0
2334	0
2335	0
2336	0
2337	0
2338	0
2339	0
2340	0
2341	0
2342	0
2343	0
2344	0
2345	0
2346	0
2347	0
2348	0
2349	0
2350	0
2351	0
2352	0
2353	0
2354	0
2355	0
2356	0
2357	0
2358	0
2359	0
2360	0
2361	0
2362	0
2363	0
2364	0
2365	0
2366	0
2367	0
2368	0
2369	0
2370	0
2371	0
2372	0
2373	0
2374	0
2375	0
2376	0
2377	0
2378	0
2379	0
2380	0
2381	0
2382	0
2383	0
2384	0
2385	0
2386	0
2387	0
2388	0
2389	0
2390	0
2391	0
2392	0
2393	0
2394	0
2395	0
2396	0
2397	0
2398	0
2399	0
2400	0
2401	0
2402	0
2403	0
2404	0
2405	0
2406	0
2407	0
2408	0
2409	0
2410	0
2411	0
2412	0
2413	0
2414	0
2415	0
2416	0
2417	0
2418	0
2419	0
2420	0
2421	0
2422	0
2423	0
2424	0
2425	0
2426	0
2427	0
2428	0
2429	0
2430	0
2431	0
2432	0
2433	0
2434	0
2435	0
2436	0
2437	0
2438	0
2439	0
2440	0
2441	0
2442	0
2443	0
2444	0
2445	0
2446	0
2447	0
2448	0
2449	0
2450	0
2451	0
2452	0
2453	0
2454	0
2455	0
2456	0
2457	0
2458	0
2459	0
2460	0
2461	0
2462	0
2463	0
2464	0
2465	0
2466	0
2467	0
2468	0
2469	0
2470	0
2471	0
2472	0
2473	0
2474	0
2475	0
2476	0
2477	0
2478	0
2479	0
2480	0
2481	0
2482	0
2483	0
2484	0
2485	0
2486	0
2487	0
2488	0
2489	0
2490	0
2491	0
2492	0
2493	0
2494	0
2495	0
2496	0
2497	0
2498	0
2499	0
2500	0
