k	pvalue
0	1
1	1
2	1
3	1
4	1
5	1
6	0.999999
7	0.999997
8	0.999989
9	0.99996
10	0.999874
11	0.999645
12	0.99909
13	0.997866
14	0.99538
15	0.990713
16	0.982563
17	0.969276
18	0.948964
19	0.919756
20	0.88012
21	0.829228
22	0.767247
23	0.695484
24	0.616339
25	0.533041
26	0.44924
27	0.368529
28	0.294006
29	0.227954
30	0.17169
31	0.12558
32	0.0891863
33	0.0614964
34	0.0411699
35	0.0267621
36	0.0168937
37	0.0103575
38	0.0061687
39	0.00356961
40	0.00200737
41	0.00109724
42	0.000583087
43	0.00030131
44	0.000151435
45	7.40391e-05
46	3.52203e-05
47	1.63042e-05
48	7.34603e-06
49	3.22194e-06
50	1.3758e-06
51	5.72037e-07
52	2.31617e-07
53	9.13357e-08
54	3.50811e-08
55	1.3125e-08
56	4.78355e-09
57	1.69841e-09
58	5.87484e-10
59	1.97977e-10
60	6.49991e-11
61	2.07906e-11
62	6.47868e-12
63	1.96676e-12
64	5.81618e-13
65	1.67541e-13
66	4.70073e-14
67	1.28449e-14
68	3.418e-15
69	8.85588e-16
70	2.23384e-16
71	5.48482e-17
72	1.31066e-17
73	3.04756e-18
74	6.89377e-19
75	1.51673e-19
76	3.24487e-20
77	6.74857e-21
78	1.36404e-21
79	2.6786e-22
80	5.10873e-23
81	9.45996e-24
82	1.7001e-24
83	2.96408e-25
84	5.01133e-26
85	8.21226e-27
86	1.30379e-27
87	2.00428e-28
88	2.98178e-29
89	4.29045e-30
90	5.96711e-31
91	8.01616e-32
92	1.03944e-32
93	1.29994e-33
94	1.56672e-34
95	1.81808e-35
96	2.02948e-36
97	2.17705e-37
98	2.24178e-38
99	2.21337e-39
100	2.0927e-40
101	1.89221e-41
102	1.63381e-42
103	1.34501e-43
104	1.05387e-44
105	7.84481e-46
106	5.53634e-47
107	3.69606e-48
108	2.32844e-49
109	1.38046e-50
110	7.67907e-52
111	3.99454e-53
112	1.93583e-54
113	8.70309e-56
114	3.61239e-57
115	1.37669e-58
116	4.78667e-60
117	1.5071e-61
118	4.25912e-63
119	1.06889e-64
120	2.3512e-66
121	4.4587e-68
122	7.1343e-70
123	9.35513e-72
124	9.64007e-74
125	7.30879e-76
126	3.61859e-78
127	8.75926e-81
128	1.27179e-135
129	1.27179e-135
130	1.27179e-135
131	1.27179e-135
132	1.27179e-135
133	1.27179e-135
134	1.27179e-135
135	1.27179e-135
136	1.27179e-135
137	1.27179e-135
138	1.27179e-135
139	1.27179e-135
140	1.27179e-135
141	1.27179e-135
142	1.27179e-135
143	1.27179e-135
144	1.27179e-135
145	1.27179e-135
146	1.27179e-135
147	1.27179e-135
148	1.27179e-135
149	1.27179e-135
150	1.27179e-135
151	1.27179e-135
152	1.27179e-135
153	1.27179e-135
154	1.27179e-135
155	1.27179e-135
156	1.27179e-135
157	1.27179e-135
158	1.27179e-135
159	1.27179e-135
160	1.27179e-135
161	1.27179e-135
162	1.27179e-135
163	1.27179e-135
164	1.27179e-135
165	1.27179e-135
166	1.27179e-135
167	1.27179e-135
168	1.27179e-135
169	1.27179e-135
170	1.27179e-135
171	1.27179e-135
172	1.27179e-135
173	1.27179e-135
174	1.27179e-135
175	1.27179e-135
176	1.27179e-135
177	1.27179e-135
178	1.27179e-135
179	1.27179e-135
180	1.27179e-135
181	1.27179e-135
182	1.27179e-135
183	1.27179e-135
184	1.27179e-135
185	1.27179e-135
186	1.27179e-135
187	1.27179e-135
188	1.27179e-135
189	1.27179e-135
190	1.27179e-135
191	1.27179e-135
192	1.27179e-135
193	1.27179e-135
194	1.27179e-135
195	1.27179e-135
196	1.27179e-135
197	1.27179e-135
198	1.27179e-135
199	1.27179e-135
200	1.27179e-135
201	1.27179e-135
202	1.27179e-135
203	1.27179e-135
204	1.27179e-135
205	1.27179e-135
206	1.27179e-135
207	1.27179e-135
208	1.27179e-135
209	1.27179e-135
210	1.27179e-135
211	1.27179e-135
212	1.27179e-135
213	1.27179e-135
214	1.27179e-135
215	1.27179e-135
216	1.27179e-135
217	1.27179e-135
218	1.27179e-135
219	1.27179e-135
220	1.27179e-135
221	1.27179e-135
222	1.27179e-135
223	1.27179e-135
224	1.27179e-135
225	1.27179e-135
226	1.27179e-135
227	1.27179e-135
228	1.27179e-135
229	1.27179e-135
230	1.27179e-135
231	1.27179e-135
232	1.27179e-135
233	1.27179e-135
234	1.27179e-135
235	1.27179e-135
236	1.27179e-135
237	1.27179e-135
238	1.27179e-135
239	1.27179e-135
240	1.27179e-135
241	1.27179e-135
242	1.27179e-135
243	1.27179e-135
244	1.27179e-135
245	1.27179e-135
246	1.27179e-135
247	1.27179e-135
248	1.27179e-135
249	1.27179e-135
250	1.27179e-135
251	1.27179e-135
252	1.27179e-135
253	1.27179e-135
254	1.27179e-135
255	1.27179e-135
256	1.27179e-135
257	1.27179e-135
258	1.27179e-135
259	1.27179e-135
260	1.27179e-135
261	1.27179e-135
262	1.27179e-135
263	1.27179e-135
264	1.27179e-135
265	1.27179e-135
266	1.27179e-135
267	1.27179e-135
268	1.27179e-135
269	1.27179e-135
270	1.27179e-135
271	1.27179e-135
272	1.27179e-135
273	1.27179e-135
274	1.27179e-135
275	1.27179e-135
276	1.27179e-135
277	1.27179e-135
278	1.27179e-135
279	1.27179e-135
280	1.27179e-135
281	1.27179e-135
282	1.27179e-135
283	1.27179e-135
284	1.27179e-135
285	1.27179e-135
286	1.27179e-135
287	1.27179e-135
288	1.27179e-135
289	1.27179e-135
290	1.27179e-135
291	1.27179e-135
292	1.27179e-135
293	1.27179e-135
294	1.27179e-135
295	1.27179e-135
296	1.27179e-135
297	1.27179e-135
298	1.27179e-135
299	1.27179e-135
300	1.27179e-135
301	1.27179e-135
302	1.27179e-135
303	1.27179e-135
304	1.27179e-135
305	1.27179e-135
306	1.27179e-135
307	1.27179e-135
308	1.27179e-135
309	1.27179e-135
310	1.27179e-135
311	1.27179e-135
312	1.27179e-135
313	1.27179e-135
314	1.27179e-135
315	1.27179e-135
316	1.27179e-135
317	1.27179e-135
318	1.27179e-135
319	1.27179e-135
320	1.27179e-135
321	1.27179e-135
322	1.27179e-135
323	1.27179e-135
324	1.27179e-135
325	1.27179e-135
326	1.27179e-135
327	1.27179e-135
328	1.27179e-135
329	1.27179e-135
330	1.27179e-135
331	1.27179e-135
332	1.27179e-135
333	1.27179e-135
334	1.27179e-135
335	1.27179e-135
336	1.27179e-135
337	1.27179e-135
338	1.27179e-135
339	1.27179e-135
340	1.27179e-135
341	1.27179e-135
342	1.27179e-135
343	1.27179e-135
344	1.27179e-135
345	1.27179e-135
346	1.27179e-135
347	1.27179e-135
348	1.27179e-135
349	1.27179e-135
350	1.27179e-135
351	1.27179e-135
352	1.27179e-135
353	1.27179e-135
354	1.27179e-135
355	1.27179e-135
356	1.27179e-135
357	1.27179e-135
358	1.27179e-135
359	1.27179e-135
360	1.27179e-135
361	1.27179e-135
362	1.27179e-135
363	1.27179e-135
364	1.27179e-135
365	1.27179e-135
366	1.27179e-135
367	1.27179e-135
368	1.27179e-135
369	1.27179e-135
370	1.27179e-135
371	1.27179e-135
372	1.27179e-135
373	1.27179e-135
374	1.27179e-135
375	1.27179e-135
376	1.27179e-135
377	1.27179e-135
378	1.27179e-135
379	1.27179e-135
380	1.27179e-135
381	1.27179e-135
382	1.27179e-135
383	1.27179e-135
384	1.27179e-135
385	1.27179e-135
386	1.27179e-135
387	1.27179e-135
388	1.27179e-135
389	1.27179e-135
390	1.27179e-135
391	1.27179e-135
392	1.27179e-135
393	1.27179e-135
394	1.27179e-135
395	1.27179e-135
396	1.27179e-135
397	1.27179e-135
398	1.27179e-135
399	1.27179e-135
400	1.27179e-135
401	1.27179e-135
402	1.27179e-135
403	1.27179e-135
404	1.27179e-135
405	1.27179e-135
406	1.27179e-135
407	1.27179e-135
408	1.27179e-135
409	1.27179e-135
410	1.27179e-135
411	1.27179e-135
412	1.27179e-135
413	1.27179e-135
414	1.27179e-135
415	1.27179e-135
416	1.27179e-135
417	1.27179e-135
418	1.27179e-135
419	1.27179e-135
420	1.27179e-135
421	1.27179e-135
422	1.27179e-135
423	1.27179e-135
424	1.27179e-135
425	1.27179e-135
426	1.27179e-135
427	1.27179e-135
428	1.27179e-135
429	1.27179e-135
430	1.27179e-135
431	1.27179e-135
432	1.27179e-135
433	1.27179e-135
434	1.27179e-135
435	1.27179e-135
436	1.27179e-135
437	1.27179e-135
438	1.27179e-135
439	1.27179e-135
440	1.27179e-135
441	1.27179e-135
442	1.27179e-135
443	1.27179e-135
444	1.27179e-135
445	1.27179e-135
446	1.27179e-135
447	1.27179e-135
448	1.27179e-135
449	1.27179e-135
450	1.27179e-135
451	1.27179e-135
452	1.27179e-135
453	1.27179e-135
454	1.27179e-135
455	1.27179e-135
456	1.27179e-135
457	1.27179e-135
458	1.27179e-135
459	1.27179e-135
460	1.27179e-135
461	1.27179e-135
462	1.27179e-135
463	1.27179e-135
464	1.27179e-135
465	1.27179e-135
466	1.27179e-135
467	1.27179e-135
468	1.27179e-135
469	1.27179e-135
470	1.27179e-135
471	1.27179e-135
472	1.27179e-135
473	1.27179e-135
474	1.27179e-135
475	1.27179e-135
476	1.27179e-135
477	1.27179e-135
478	1.27179e-135
479	1.27179e-135
480	1.27179e-135
481	1.27179e-135
482	1.27179e-135
483	1.27179e-135
484	1.27179e-135
485	1.27179e-135
486	1.27179e-135
487	1.27179e-135
488	1.27179e-135
489	1.27179e-135
490	1.27179e-135
491	1.27179e-135
492	1.27179e-135
493	1.27179e-135
494	1.27179e-135
495	1.27179e-135
496	1.27179e-135
497	1.27179e-135
498	1.27179e-135
499	1.27179e-135
500	1.27179e-135
