k	pvalue
0	1
1	1
2	1
3	1
4	1
5	1
6	1
7	1
8	1
9	1
10	1
11	1
12	1
13	1
14	1
15	1
16	1
17	1
18	1
19	1
20	1
21	1
22	1
23	1
24	1
25	1
26	1
27	1
28	1
29	1
30	1
31	1
32	1
33	1
34	1
35	1
36	1
37	1
38	1
39	1
40	1
41	1
42	1
43	1
44	1
45	1
46	1
47	1
48	1
49	1
50	1
51	1
52	1
53	1
54	1
55	1
56	1
57	1
58	1
59	1
60	1
61	1
62	1
63	1
64	1
65	1
66	1
67	1
68	1
69	1
70	1
71	1
72	1
73	1
74	1
75	1
76	1
77	1
78	1
79	1
80	1
81	1
82	1
83	1
84	1
85	1
86	1
87	1
88	1
89	1
90	1
91	1
92	1
93	1
94	1
95	1
96	1
97	1
98	1
99	1
100	1
101	1
102	1
103	1
104	1
105	1
106	1
107	1
108	1
109	1
110	1
111	1
112	1
113	1
114	1
115	1
116	1
117	1
118	1
119	1
120	1
121	1
122	1
123	1
124	1
125	1
126	1
127	1
128	1
129	1
130	1
131	1
132	1
133	1
134	1
135	1
136	1
137	1
138	1
139	1
140	1
141	1
142	1
143	1
144	1
145	1
146	1
147	1
148	1
149	1
150	1
151	1
152	1
153	1
154	1
155	1
156	1
157	1
158	1
159	1
160	1
161	1
162	1
163	1
164	1
165	1
166	1
167	1
168	1
169	1
170	1
171	1
172	1
173	1
174	1
175	1
176	1
177	1
178	1
179	1
180	1
181	1
182	1
183	1
184	1
185	1
186	1
187	1
188	1
189	1
190	1
191	1
192	1
193	1
194	1
195	1
196	1
197	1
198	1
199	1
200	1
201	1
202	1
203	1
204	1
205	1
206	1
207	1
208	1
209	1
210	1
211	1
212	1
213	1
214	1
215	1
216	1
217	1
218	1
219	1
220	1
221	1
222	1
223	1
224	1
225	1
226	1
227	1
228	1
229	1
230	1
231	1
232	1
233	1
234	1
235	1
236	1
237	1
238	1
239	1
240	1
241	1
242	1
243	1
244	1
245	1
246	1
247	1
248	1
249	1
250	1
251	1
252	1
253	1
254	1
255	1
256	1
257	1
258	1
259	1
260	1
261	1
262	1
263	1
264	1
265	1
266	1
267	1
268	1
269	1
270	1
271	1
272	1
273	1
274	1
275	1
276	1
277	1
278	1
279	1
280	1
281	1
282	1
283	1
284	1
285	1
286	1
287	1
288	1
289	1
290	1
291	1
292	1
293	1
294	1
295	1
296	1
297	1
298	1
299	1
300	1
301	1
302	1
303	1
304	1
305	1
306	1
307	1
308	1
309	1
310	1
311	1
312	1
313	1
314	1
315	1
316	1
317	1
318	1
319	1
320	1
321	1
322	1
323	1
324	1
325	1
326	1
327	1
328	1
329	1
330	1
331	1
332	1
333	1
334	1
335	1
336	1
337	1
338	1
339	1
340	1
341	1
342	1
343	1
344	1
345	1
346	1
347	1
348	1
349	1
350	1
351	1
352	1
353	1
354	1
355	1
356	1
357	1
358	1
359	1
360	1
361	1
362	1
363	1
364	1
365	1
366	1
367	1
368	1
369	1
370	1
371	1
372	1
373	1
374	1
375	1
376	1
377	1
378	1
379	1
380	1
381	1
382	1
383	1
384	1
385	1
386	1
387	1
388	1
389	1
390	1
391	1
392	1
393	1
394	1
395	1
396	1
397	1
398	1
399	1
400	1
401	1
402	1
403	1
404	1
405	1
406	1
407	1
408	1
409	1
410	1
411	1
412	1
413	1
414	1
415	1
416	1
417	1
418	1
419	1
420	1
421	1
422	1
423	1
424	1
425	1
426	1
427	1
428	1
429	1
430	1
431	1
432	1
433	1
434	1
435	1
436	1
437	1
438	1
439	1
440	1
441	1
442	1
443	1
444	1
445	1
446	1
447	1
448	1
449	1
450	1
451	1
452	1
453	1
454	1
455	1
456	1
457	1
458	1
459	1
460	1
461	1
462	1
463	1
464	1
465	1
466	1
467	1
468	1
469	1
470	1
471	1
472	1
473	1
474	1
475	1
476	1
477	1
478	1
479	1
480	1
481	1
482	1
483	1
484	1
485	1
486	1
487	1
488	1
489	1
490	1
491	1
492	1
493	1
494	1
495	1
496	1
497	1
498	1
499	1
500	1
501	1
502	1
503	1
504	1
505	1
506	1
507	1
508	1
509	1
510	1
511	1
512	1
513	1
514	1
515	1
516	1
517	1
518	1
519	1
520	1
521	1
522	1
523	1
524	1
525	1
526	1
527	1
528	1
529	1
530	1
531	1
532	1
533	1
534	1
535	1
536	1
537	1
538	1
539	1
540	1
541	1
542	1
543	1
544	1
545	1
546	1
547	1
548	1
549	1
550	1
551	1
552	1
553	1
554	1
555	1
556	1
557	1
558	1
559	1
560	1
561	1
562	1
563	1
564	1
565	1
566	1
567	1
568	1
569	1
570	1
571	1
572	1
573	1
574	1
575	1
576	1
577	1
578	1
579	1
580	1
581	1
582	1
583	1
584	1
585	1
586	1
587	1
588	1
589	1
590	1
591	1
592	1
593	1
594	1
595	1
596	1
597	1
598	1
599	1
600	1
601	1
602	1
603	1
604	1
605	1
606	1
607	1
608	1
609	1
610	1
611	1
612	1
613	1
614	1
615	1
616	1
617	1
618	1
619	1
620	1
621	1
622	1
623	1
624	1
625	1
626	1
627	1
628	1
629	1
630	1
631	1
632	1
633	1
634	1
635	1
636	1
637	1
638	1
639	1
640	1
641	1
642	1
643	1
644	1
645	1
646	1
647	1
648	1
649	1
650	1
651	1
652	1
653	1
654	1
655	1
656	1
657	1
658	1
659	1
660	1
661	1
662	1
663	1
664	1
665	1
666	1
667	1
668	1
669	1
670	1
671	1
672	1
673	1
674	1
675	1
676	1
677	1
678	1
679	1
680	1
681	1
682	1
683	1
684	1
685	1
686	1
687	1
688	1
689	1
690	1
691	1
692	1
693	1
694	1
695	1
696	1
697	1
698	1
699	1
700	1
701	1
702	1
703	1
704	1
705	1
706	1
707	1
708	1
709	1
710	1
711	1
712	1
713	1
714	1
715	1
716	1
717	1
718	1
719	1
720	1
721	1
722	1
723	1
724	1
725	1
726	1
727	1
728	1
729	1
730	1
731	1
732	1
733	1
734	1
735	1
736	1
737	1
738	1
739	1
740	1
741	1
742	1
743	1
744	1
745	1
746	1
747	1
748	1
749	1
750	1
751	1
752	1
753	1
754	1
755	1
756	1
757	1
758	1
759	1
760	1
761	1
762	1
763	1
764	1
765	1
766	1
767	1
768	1
769	1
770	1
771	1
772	1
773	1
774	1
775	1
776	1
777	1
778	1
779	1
780	1
781	1
782	1
783	1
784	1
785	1
786	1
787	1
788	1
789	1
790	1
791	1
792	1
793	1
794	1
795	1
796	1
797	1
798	1
799	1
800	1
801	1
802	1
803	1
804	1
805	1
806	1
807	1
808	1
809	1
810	1
811	1
812	1
813	1
814	1
815	1
816	1
817	1
818	1
819	1
820	1
821	1
822	1
823	1
824	1
825	1
826	1
827	1
828	1
829	1
830	1
831	1
832	1
833	1
834	1
835	1
836	1
837	1
838	1
839	1
840	1
841	1
842	1
843	1
844	1
845	1
846	1
847	1
848	1
849	1
850	1
851	1
852	1
853	1
854	1
855	1
856	1
857	1
858	1
859	1
860	1
861	1
862	1
863	1
864	1
865	1
866	1
867	1
868	1
869	1
870	1
871	1
872	1
873	1
874	1
875	1
876	1
877	1
878	1
879	1
880	1
881	1
882	1
883	1
884	1
885	1
886	1
887	1
888	1
889	1
890	1
891	1
892	1
893	1
894	1
895	1
896	1
897	1
898	1
899	1
900	1
901	1
902	1
903	1
904	1
905	1
906	1
907	1
908	1
909	1
910	1
911	1
912	1
913	1
914	1
915	1
916	1
917	1
918	1
919	1
920	1
921	1
922	1
923	1
924	1
925	1
926	1
927	1
928	1
929	1
930	1
931	1
932	1
933	1
934	1
935	1
936	1
937	1
938	1
939	1
940	1
941	1
942	1
943	1
944	1
945	1
946	1
947	1
948	1
949	1
950	1
951	1
952	1
953	1
954	1
955	1
956	1
957	1
958	1
959	1
960	1
961	1
962	1
963	1
964	1
965	1
966	1
967	1
968	1
969	1
970	1
971	1
972	1
973	1
974	1
975	1
976	1
977	1
978	1
979	1
980	1
981	1
982	1
983	1
984	1
985	1
986	1
987	1
988	1
989	1
990	1
991	1
992	1
993	1
994	1
995	1
996	1
997	1
998	1
999	1
1000	1
1001	1
1002	1
1003	1
1004	1
1005	1
1006	1
1007	1
1008	1
1009	1
1010	1
1011	1
1012	1
1013	1
1014	1
1015	1
1016	1
1017	1
1018	1
1019	1
1020	1
1021	1
1022	1
1023	1
1024	1
1025	1
1026	1
1027	1
1028	1
1029	1
1030	1
1031	1
1032	1
1033	1
1034	1
1035	1
1036	1
1037	1
1038	1
1039	1
1040	1
1041	1
1042	1
1043	1
1044	1
1045	1
1046	1
1047	1
1048	1
1049	1
1050	1
1051	1
1052	1
1053	1
1054	1
1055	1
1056	1
1057	1
1058	1
1059	1
1060	1
1061	1
1062	1
1063	1
1064	1
1065	1
1066	1
1067	1
1068	1
1069	1
1070	1
1071	1
1072	1
1073	1
1074	1
1075	1
1076	1
1077	1
1078	1
1079	1
1080	1
1081	1
1082	1
1083	1
1084	1
1085	1
1086	1
1087	1
1088	1
1089	1
1090	1
1091	1
1092	1
1093	1
1094	1
1095	1
1096	1
1097	1
1098	1
1099	1
1100	1
1101	1
1102	1
1103	1
1104	1
1105	1
1106	1
1107	1
1108	1
1109	1
1110	1
1111	1
1112	1
1113	1
1114	1
1115	1
1116	1
1117	1
1118	1
1119	1
1120	1
1121	1
1122	1
1123	1
1124	1
1125	1
1126	1
1127	1
1128	1
1129	1
1130	1
1131	1
1132	1
1133	1
1134	1
1135	0.999999
1136	0.999999
1137	0.999999
1138	0.999999
1139	0.999999
1140	0.999999
1141	0.999998
1142	0.999998
1143	0.999997
1144	0.999997
1145	0.999996
1146	0.999995
1147	0.999994
1148	0.999993
1149	0.999991
1150	0.999989
1151	0.999987
1152	0.999984
1153	0.999981
1154	0.999977
1155	0.999973
1156	0.999967
1157	0.999961
1158	0.999953
1159	0.999944
1160	0.999934
1161	0.999922
1162	0.999907
1163	0.99989
1164	0.99987
1165	0.999847
1166	0.99982
1167	0.999789
1168	0.999752
1169	0.99971
1170	0.999661
1171	0.999605
1172	0.99954
1173	0.999466
1174	0.99938
1175	0.999282
1176	0.999169
1177	0.999041
1178	0.998895
1179	0.998728
1180	0.998539
1181	0.998324
1182	0.998082
1183	0.997807
1184	0.997498
1185	0.99715
1186	0.996759
1187	0.99632
1188	0.995828
1189	0.995279
1190	0.994667
1191	0.993984
1192	0.993226
1193	0.992384
1194	0.991452
1195	0.990421
1196	0.989284
1197	0.98803
1198	0.986652
1199	0.985138
1200	0.98348
1201	0.981666
1202	0.979685
1203	0.977526
1204	0.975177
1205	0.972625
1206	0.969859
1207	0.966865
1208	0.963631
1209	0.960143
1210	0.956388
1211	0.952353
1212	0.948026
1213	0.943392
1214	0.938439
1215	0.933154
1216	0.927526
1217	0.921542
1218	0.915191
1219	0.908463
1220	0.901348
1221	0.893838
1222	0.885923
1223	0.877597
1224	0.868855
1225	0.859692
1226	0.850104
1227	0.84009
1228	0.829648
1229	0.818781
1230	0.80749
1231	0.795781
1232	0.783658
1233	0.77113
1234	0.758206
1235	0.744897
1236	0.731215
1237	0.717175
1238	0.702793
1239	0.688086
1240	0.673075
1241	0.657779
1242	0.642221
1243	0.626423
1244	0.610412
1245	0.594211
1246	0.577849
1247	0.561352
1248	0.544749
1249	0.528068
1250	0.511339
1251	0.494591
1252	0.477853
1253	0.461155
1254	0.444525
1255	0.427994
1256	0.411589
1257	0.395338
1258	0.379268
1259	0.363404
1260	0.347772
1261	0.332396
1262	0.317296
1263	0.302496
1264	0.288014
1265	0.273868
1266	0.260075
1267	0.24665
1268	0.233605
1269	0.220953
1270	0.208702
1271	0.196862
1272	0.185438
1273	0.174436
1274	0.163857
1275	0.153704
1276	0.143977
1277	0.134674
1278	0.125793
1279	0.117328
1280	0.109275
1281	0.101628
1282	0.0943775
1283	0.0875162
1284	0.0810343
1285	0.0749216
1286	0.0691671
1287	0.0637594
1288	0.0586866
1289	0.0539361
1290	0.0494954
1291	0.0453516
1292	0.0414915
1293	0.037902
1294	0.0345701
1295	0.0314827
1296	0.0286268
1297	0.0259898
1298	0.0235591
1299	0.0213225
1300	0.0192682
1301	0.0173846
1302	0.0156605
1303	0.0140852
1304	0.0126485
1305	0.0113403
1306	0.0101513
1307	0.00907259
1308	0.00809558
1309	0.00721227
1310	0.00641506
1311	0.00569684
1312	0.0050509
1313	0.00447101
1314	0.00395131
1315	0.00348639
1316	0.00307119
1317	0.00270106
1318	0.00237167
1319	0.00207907
1320	0.0018196
1321	0.00158991
1322	0.00138694
1323	0.00120791
1324	0.00105026
1325	0.000911683
1326	0.000790091
1327	0.000683587
1328	0.000590465
1329	0.000509186
1330	0.000438369
1331	0.000376775
1332	0.000323299
1333	0.000276952
1334	0.000236854
1335	0.000202225
1336	0.00017237
1337	0.000146678
1338	0.000124607
1339	0.000105679
1340	8.94768e-05
1341	7.56314e-05
1342	6.38209e-05
1343	5.37643e-05
1344	4.52161e-05
1345	3.79629e-05
1346	3.18194e-05
1347	2.66251e-05
1348	2.22411e-05
1349	1.85475e-05
1350	1.54411e-05
1351	1.28332e-05
1352	1.06476e-05
1353	8.81926e-06
1354	7.29243e-06
1355	6.01968e-06
1356	4.96059e-06
1357	4.08086e-06
1358	3.35141e-06
1359	2.74765e-06
1360	2.24881e-06
1361	1.83738e-06
1362	1.49865e-06
1363	1.22027e-06
1364	9.91897e-07
1365	8.04878e-07
1366	6.51998e-07
1367	5.27247e-07
1368	4.25631e-07
1369	3.43007e-07
1370	2.75946e-07
1371	2.21612e-07
1372	1.77669e-07
1373	1.42193e-07
1374	1.13603e-07
1375	9.0605e-08
1376	7.21372e-08
1377	5.73339e-08
1378	4.54893e-08
1379	3.6029e-08
1380	2.84864e-08
1381	2.24837e-08
1382	1.77149e-08
1383	1.39333e-08
1384	1.09398e-08
1385	8.5744e-09
1386	6.70872e-09
1387	5.23981e-09
1388	4.08536e-09
1389	3.17968e-09
1390	2.47044e-09
1391	1.91603e-09
1392	1.48343e-09
1393	1.14649e-09
1394	8.84515e-10
1395	6.81203e-10
1396	5.23699e-10
1397	4.01902e-10
1398	3.07888e-10
1399	2.35449e-10
1400	1.79735e-10
1401	1.36962e-10
1402	1.04184e-10
1403	7.91094e-11
1404	5.99634e-11
1405	4.53704e-11
1406	3.4268e-11
1407	2.58363e-11
1408	1.94447e-11
1409	1.46082e-11
1410	1.09552e-11
1411	8.20102e-12
1412	6.1283e-12
1413	4.57127e-12
1414	3.40374e-12
1415	2.52988e-12
1416	1.877e-12
1417	1.39012e-12
1418	1.02769e-12
1419	7.58384e-13
1420	5.58647e-13
1421	4.10776e-13
1422	3.01503e-13
1423	2.209e-13
1424	1.61554e-13
1425	1.17939e-13
1426	8.59432e-14
1427	6.25147e-14
1428	4.53907e-14
1429	3.28978e-14
1430	2.38002e-14
1431	1.71873e-14
1432	1.23893e-14
1433	8.91449e-15
1434	6.40263e-15
1435	4.59019e-15
1436	3.28483e-15
1437	2.34641e-15
1438	1.67303e-15
1439	1.19073e-15
1440	8.45918e-16
1441	5.99861e-16
1442	4.24599e-16
1443	2.99994e-16
1444	2.11568e-16
1445	1.48934e-16
1446	1.0465e-16
1447	7.33984e-17
1448	5.13851e-17
1449	3.59078e-17
1450	2.50462e-17
1451	1.74379e-17
1452	1.21184e-17
1453	8.40613e-18
1454	5.82029e-18
1455	4.02245e-18
1456	2.77481e-18
1457	1.91061e-18
1458	1.31312e-18
1459	9.00809e-19
1460	6.16814e-19
1461	4.2157e-19
1462	2.87592e-19
1463	1.95829e-19
1464	1.33096e-19
1465	9.02915e-20
1466	6.11388e-20
1467	4.13214e-20
1468	2.78755e-20
1469	1.87697e-20
1470	1.26147e-20
1471	8.46222e-21
1472	5.666e-21
1473	3.78663e-21
1474	2.52588e-21
1475	1.68173e-21
1476	1.11759e-21
1477	7.41289e-22
1478	4.90766e-22
1479	3.24296e-22
1480	2.13889e-22
1481	1.40803e-22
1482	9.25157e-23
1483	6.06729e-23
1484	3.97145e-23
1485	2.59466e-23
1486	1.69194e-23
1487	1.10119e-23
1488	7.15344e-24
1489	4.63808e-24
1490	3.00146e-24
1491	1.93864e-24
1492	1.24978e-24
1493	8.04149e-25
1494	5.16426e-25
1495	3.31015e-25
1496	2.11764e-25
1497	1.35215e-25
1498	8.61706e-26
1499	5.48098e-26
1500	3.47953e-26
1501	2.20468e-26
1502	1.39422e-26
1503	8.79991e-27
1504	5.5435e-27
1505	3.48537e-27
1506	2.18712e-27
1507	1.36978e-27
1508	8.56225e-28
1509	5.34169e-28
1510	3.32602e-28
1511	2.06692e-28
1512	1.28196e-28
1513	7.93559e-29
1514	4.90268e-29
1515	3.023e-29
1516	1.86033e-29
1517	1.14259e-29
1518	7.00391e-30
1519	4.28485e-30
1520	2.61623e-30
1521	1.59426e-30
1522	9.69589e-31
1523	5.88516e-31
1524	3.56509e-31
1525	2.15537e-31
1526	1.30051e-31
1527	7.83152e-32
1528	4.70668e-32
1529	2.82306e-32
1530	1.6899e-32
1531	1.00957e-32
1532	6.01933e-33
1533	3.58171e-33
1534	2.12699e-33
1535	1.26058e-33
1536	7.45602e-34
1537	4.4012e-34
1538	2.59277e-34
1539	1.52434e-34
1540	8.94392e-35
1541	5.23718e-35
1542	3.06049e-35
1543	1.78487e-35
1544	1.03883e-35
1545	6.03398e-36
1546	3.49769e-36
1547	2.02339e-36
1548	1.16813e-36
1549	6.73013e-37
1550	3.86963e-37
1551	2.22039e-37
1552	1.27146e-37
1553	7.26588e-38
1554	4.14367e-38
1555	2.35826e-38
1556	1.33939e-38
1557	7.59153e-39
1558	4.29396e-39
1559	2.42378e-39
1560	1.36531e-39
1561	7.67494e-40
1562	4.30546e-40
1563	2.41026e-40
1564	1.34651e-40
1565	7.50678e-41
1566	4.17633e-41
1567	2.31863e-41
1568	1.28459e-41
1569	7.10217e-42
1570	3.91842e-42
1571	2.15735e-42
1572	1.18528e-42
1573	6.4985e-43
1574	3.55543e-43
1575	1.94114e-43
1576	1.05757e-43
1577	5.74967e-44
1578	3.11933e-44
1579	1.68873e-44
1580	9.12308e-45
1581	4.91815e-45
1582	2.64569e-45
1583	1.42022e-45
1584	7.60756e-46
1585	4.0664e-46
1586	2.16894e-46
1587	1.1544e-46
1588	6.13109e-47
1589	3.24928e-47
1590	1.71832e-47
1591	9.06752e-48
1592	4.7746e-48
1593	2.50871e-48
1594	1.3153e-48
1595	6.88117e-49
1596	3.59219e-49
1597	1.87117e-49
1598	9.72583e-50
1599	5.04423e-50
1600	2.61046e-50
1601	1.34801e-50
1602	6.94578e-51
1603	3.57107e-51
1604	1.832e-51
1605	9.37777e-52
1606	4.78983e-52
1607	2.4411e-52
1608	1.24135e-52
1609	6.29859e-53
1610	3.18885e-53
1611	1.61088e-53
1612	8.11951e-54
1613	4.0835e-54
1614	2.04913e-54
1615	1.02598e-54
1616	5.12558e-55
1617	2.55491e-55
1618	1.27068e-55
1619	6.30556e-56
1620	3.12203e-56
1621	1.54232e-56
1622	7.60212e-57
1623	3.73866e-57
1624	1.83449e-57
1625	8.9812e-58
1626	4.38702e-58
1627	2.13805e-58
1628	1.03964e-58
1629	5.04377e-59
1630	2.44141e-59
1631	1.17905e-59
1632	5.6811e-60
1633	2.7311e-60
1634	1.30992e-60
1635	6.26838e-61
1636	2.99272e-61
1637	1.42553e-61
1638	6.77457e-62
1639	3.21205e-62
1640	1.51942e-62
1641	7.17076e-63
1642	3.37631e-63
1643	1.58602e-63
1644	7.43295e-64
1645	3.47536e-64
1646	1.62114e-64
1647	7.54439e-65
1648	3.50273e-65
1649	1.62244e-65
1650	7.49732e-66
1651	3.45635e-66
1652	1.58966e-66
1653	7.2939e-67
1654	3.33876e-67
1655	1.52468e-67
1656	6.94604e-68
1657	3.15689e-68
1658	1.43134e-68
1659	6.47424e-69
1660	2.92141e-69
1661	1.31508e-69
1662	5.90562e-70
1663	2.64565e-70
1664	1.18236e-70
1665	5.27128e-71
1666	2.34439e-71
1667	1.04013e-71
1668	4.60351e-72
1669	2.03251e-72
1670	8.95186e-73
1671	3.93308e-73
1672	1.7238e-73
1673	7.53658e-74
1674	3.28695e-74
1675	1.43002e-74
1676	6.20607e-75
1677	2.68669e-75
1678	1.16022e-75
1679	4.99789e-76
1680	2.14759e-76
1681	9.20517e-77
1682	3.93575e-77
1683	1.67856e-77
1684	7.14096e-78
1685	3.03029e-78
1686	1.28268e-78
1687	5.41575e-79
1688	2.28087e-79
1689	9.58167e-80
1690	4.01495e-80
1691	1.67809e-80
1692	6.9959e-81
1693	2.90913e-81
1694	1.20662e-81
1695	4.99192e-82
1696	2.05991e-82
1697	8.47832e-83
1698	3.48059e-83
1699	1.42519e-83
1700	5.82061e-84
1701	2.37103e-84
1702	9.63335e-85
1703	3.90378e-85
1704	1.57783e-85
1705	6.36061e-86
1706	2.5574e-86
1707	1.02555e-86
1708	4.10178e-87
1709	1.63622e-87
1710	6.50975e-88
1711	2.58306e-88
1712	1.02224e-88
1713	4.03474e-89
1714	1.58826e-89
1715	6.2354e-90
1716	2.44144e-90
1717	9.53369e-91
1718	3.71286e-91
1719	1.44207e-91
1720	5.58585e-92
1721	2.15783e-92
1722	8.31318e-93
1723	3.19401e-93
1724	1.22383e-93
1725	4.6765e-94
1726	1.7821e-94
1727	6.77252e-95
1728	2.5667e-95
1729	9.70069e-96
1730	3.65621e-96
1731	1.37422e-96
1732	5.15084e-97
1733	1.92527e-97
1734	7.17619e-98
1735	2.66737e-98
1736	9.88682e-99
1737	3.65435e-99
1738	1.34692e-99
1739	4.95052e-100
1740	1.81439e-100
1741	6.63102e-101
1742	2.41656e-101
1743	8.78167e-102
1744	3.18213e-102
1745	1.14979e-102
1746	4.14258e-103
1747	1.48825e-103
1748	5.33127e-104
1749	1.90428e-104
1750	6.78226e-105
1751	2.40856e-105
1752	8.52859e-106
1753	3.01113e-106
1754	1.06002e-106
1755	3.7207e-107
1756	1.30215e-107
1757	4.54377e-108
1758	1.58085e-108
1759	5.48376e-109
1760	1.89661e-109
1761	6.54014e-110
1762	2.24854e-110
1763	7.70751e-111
1764	2.63407e-111
1765	8.975e-112
1766	3.04884e-112
1767	1.03257e-112
1768	3.48653e-113
1769	1.17367e-113
1770	3.93894e-114
1771	1.31791e-114
1772	4.39605e-115
1773	1.46187e-115
1774	4.84636e-116
1775	1.60172e-116
1776	5.2773e-117
1777	1.73337e-117
1778	5.67572e-118
1779	1.85266e-118
1780	6.02857e-119
1781	1.95556e-119
1782	6.32357e-120
1783	2.03838e-120
1784	6.54993e-121
1785	2.09803e-121
1786	6.69894e-122
1787	2.13215e-122
1788	6.76458e-123
1789	2.13931e-123
1790	6.74388e-124
1791	2.11908e-124
1792	6.63714e-125
1793	2.07209e-125
1794	6.44799e-126
1795	1.99998e-126
1796	6.18311e-127
1797	1.90531e-127
1798	5.85189e-128
1799	1.79141e-128
1800	5.46588e-129
1801	1.6622e-129
1802	5.03807e-130
1803	1.52194e-130
1804	4.58222e-131
1805	1.37499e-131
1806	4.11207e-132
1807	1.22562e-132
1808	3.64068e-133
1809	1.07779e-133
1810	3.17986e-134
1811	9.34973e-135
1812	2.73969e-135
1813	8.00042e-136
1814	2.32824e-136
1815	6.75212e-137
1816	1.9514e-137
1817	5.6201e-138
1818	1.61297e-138
1819	4.61304e-139
1820	1.31469e-139
1821	3.73364e-140
1822	1.05659e-140
1823	2.97948e-141
1824	8.37203e-142
1825	2.34408e-142
1826	6.53975e-143
1827	1.81799e-143
1828	5.03566e-144
1829	1.3898e-144
1830	3.82188e-145
1831	1.04718e-145
1832	2.85879e-146
1833	7.77595e-147
1834	2.10732e-147
1835	5.68993e-148
1836	1.53066e-148
1837	4.10243e-149
1838	1.09544e-149
1839	2.91415e-150
1840	7.72344e-151
1841	2.03928e-151
1842	5.36421e-152
1843	1.4057e-152
1844	3.66968e-153
1845	9.54358e-154
1846	2.47249e-154
1847	6.38103e-155
1848	1.6405e-155
1849	4.2013e-156
1850	1.07179e-156
1851	2.72361e-157
1852	6.89422e-158
1853	1.7383e-158
1854	4.36573e-159
1855	1.09214e-159
1856	2.7213e-160
1857	6.75386e-161
1858	1.66953e-161
1859	4.11055e-162
1860	1.008e-162
1861	2.46191e-163
1862	5.98862e-164
1863	1.45083e-164
1864	3.50056e-165
1865	8.41167e-166
1866	2.013e-166
1867	4.79751e-167
1868	1.13865e-167
1869	2.69131e-168
1870	6.3347e-169
1871	1.48481e-169
1872	3.46573e-170
1873	8.05539e-171
1874	1.86441e-171
1875	4.29686e-172
1876	9.86073e-173
1877	2.25324e-173
1878	5.12674e-174
1879	1.16145e-174
1880	2.61987e-175
1881	5.88398e-176
1882	1.31573e-176
1883	2.92926e-177
1884	6.49292e-178
1885	1.43286e-178
1886	3.14804e-179
1887	6.88562e-180
1888	1.49936e-180
1889	3.25025e-181
1890	7.01409e-182
1891	1.50682e-182
1892	3.22238e-183
1893	6.85978e-184
1894	1.45363e-184
1895	3.0662e-185
1896	6.43783e-186
1897	1.34544e-186
1898	2.79875e-187
1899	5.79473e-188
1900	1.19416e-188
1901	2.44929e-189
1902	4.9999e-190
1903	1.01582e-190
1904	2.05396e-191
1905	4.13319e-192
1906	8.27723e-193
1907	1.64961e-193
1908	3.27163e-194
1909	6.45694e-195
1910	1.26811e-195
1911	2.47827e-196
1912	4.81935e-197
1913	9.32545e-198
1914	1.79548e-198
1915	3.43964e-199
1916	6.55627e-200
1917	1.24337e-200
1918	2.34604e-201
1919	4.40405e-202
1920	8.22506e-203
1921	1.52822e-203
1922	2.82476e-204
1923	5.19419e-205
1924	9.5013e-206
1925	1.72888e-206
1926	3.12936e-207
1927	5.63432e-208
1928	1.00905e-208
1929	1.79746e-209
1930	3.1847e-210
1931	5.61214e-211
1932	9.83626e-212
1933	1.71459e-212
1934	2.9724e-213
1935	5.1246e-214
1936	8.78632e-215
1937	1.49808e-215
1938	2.54e-216
1939	4.28243e-217
1940	7.17945e-218
1941	1.19681e-218
1942	1.98372e-219
1943	3.26922e-220
1944	5.35676e-221
1945	8.72655e-222
1946	1.41336e-222
1947	2.27572e-223
1948	3.64273e-224
1949	5.79651e-225
1950	9.16898e-226
1951	1.44171e-226
1952	2.25333e-227
1953	3.50063e-228
1954	5.4054e-229
1955	8.29578e-230
1956	1.26537e-230
1957	1.91822e-231
1958	2.88988e-232
1959	4.32665e-233
1960	6.43719e-234
1961	9.517e-235
1962	1.39813e-235
1963	2.04091e-236
1964	2.96013e-237
1965	4.26576e-238
1966	6.10749e-239
1967	8.6875e-240
1968	1.22765e-240
1969	1.72341e-241
1970	2.40336e-242
1971	3.32927e-243
1972	4.58101e-244
1973	6.26093e-245
1974	8.49896e-246
1975	1.14584e-246
1976	1.53425e-247
1977	2.04015e-248
1978	2.69406e-249
1979	3.53274e-250
1980	4.6e-251
1981	5.9474e-252
1982	7.63484e-253
1983	9.73101e-254
1984	1.23135e-254
1985	1.54687e-255
1986	1.92908e-256
1987	2.38811e-257
1988	2.93458e-258
1989	3.57935e-259
1990	4.33319e-260
1991	5.2064e-261
1992	6.20829e-262
1993	7.34665e-263
1994	8.62717e-264
1995	1.00528e-264
1996	1.16232e-265
1997	1.33339e-266
1998	1.51762e-267
1999	1.71363e-268
2000	1.91955e-269
2001	2.13298e-270
2002	2.35101e-271
2003	2.57026e-272
2004	2.78696e-273
2005	2.99705e-274
2006	3.19623e-275
2007	3.38019e-276
2008	3.54466e-277
2009	3.68566e-278
2010	3.79957e-279
2011	3.88336e-280
2012	3.93467e-281
2013	3.95191e-282
2014	3.9344e-283
2015	3.88234e-284
2016	3.79685e-285
2017	3.67995e-286
2018	3.53441e-287
2019	3.36373e-288
2020	3.17193e-289
2021	2.96343e-290
2022	2.74285e-291
2023	2.51488e-292
2024	2.28406e-293
2025	2.05467e-294
2026	1.83056e-295
2027	1.61512e-296
2028	1.41114e-297
2029	1.22081e-298
2030	1.04568e-299
2031	8.86731e-301
2032	7.44372e-302
2033	6.18526e-303
2034	5.08697e-304
2035	4.14054e-305
2036	3.33513e-306
2037	2.65821e-307
2038	2.09626e-308
2039	1.63548e-309
2040	1.26226e-310
2041	9.6363e-312
2042	7.27601e-313
2043	5.43318e-314
2044	4.0119e-315
2045	2.92912e-316
2046	2.11433e-317
2047	1.50873e-318
2048	1.06417e-319
2049	7.42087e-321
2050	5.08888e-322
2051	3.45846e-323
2052	0
2053	0
2054	0
2055	0
2056	0
2057	0
2058	0
2059	0
2060	0
2061	0
2062	0
2063	0
2064	0
2065	0
2066	0
2067	0
2068	0
2069	0
2070	0
2071	0
2072	0
2073	0
2074	0
2075	0
2076	0
2077	0
2078	0
2079	0
2080	0
2081	0
2082	0
2083	0
2084	0
2085	0
2086	0
2087	0
2088	0
2089	0
2090	0
2091	0
2092	0
2093	0
2094	0
2095	0
2096	0
2097	0
2098	0
2099	0
2100	0
2101	0
2102	0
2103	0
2104	0
2105	0
2106	0
2107	0
2108	0
2109	0
2110	0
2111	0
2112	0
2113	0
2114	0
2115	0
2116	0
2117	0
2118	0
2119	0
2120	0
2121	0
2122	0
2123	0
2124	0
2125	0
2126	0
2127	0
2128	0
2129	0
2130	0
2131	0
2132	0
2133	0
2134	0
2135	0
2136	0
2137	0
2138	0
2139	0
2140	0
2141	0
2142	0
2143	0
2144	0
2145	0
2146	0
2147	0
2148	0
2149	0
2150	0
2151	0
2152	0
2153	0
2154	0
2155	0
2156	0
2157	0
2158	0
2159	0
2160	0
2161	0
2162	0
2163	0
2164	0
2165	0
2166	0
2167	0
2168	0
2169	0
2170	0
2171	0
2172	0
2173	0
2174	0
2175	0
2176	0
2177	0
2178	0
2179	0
2180	0
2181	0
2182	0
2183	0
2184	0
2185	0
2186	0
2187	0
2188	0
2189	0
2190	0
2191	0
2192	0
2193	0
2194	0
2195	0
2196	0
2197	0
2198	0
2199	0
2200	0
2201	0
2202	0
2203	0
2204	0
2205	0
2206	0
2207	0
2208	0
2209	0
2210	0
2211	0
2212	0
2213	0
2214	0
2215	0
2216	0
2217	0
2218	0
2219	0
2220	0
2221	0
2222	0
2223	0
2224	0
2225	0
2226	0
2227	0
2228	0
2229	0
2230	0
2231	0
2232	0
2233	0
2234	0
2235	0
2236	0
2237	0
2238	0
2239	0
2240	0
2241	0
2242	0
2243	0
2244	0
2245	0
2246	0
2247	0
2248	0
2249	0
2250	0
2251	0
2252	0
2253	0
2254	0
2255	0
2256	0
2257	0
2258	0
2259	0
2260	0
2261	0
2262	0
2263	0
2264	0
2265	0
2266	0
2267	0
2268	0
2269	0
2270	0
2271	0
2272	0
2273	0
2274	0
2275	0
2276	0
2277	0
2278	0
2279	0
2280	0
2281	0
2282	0
2283	0
2284	0
2285	0
2286	0
2287	0
2288	0
2289	0
2290	0
2291	0
2292	0
2293	0
2294	0
2295	0
2296	0
2297	0
2298	0
2299	0
2300	0
2301	0
2302	0
2303	0
2304	0
2305	0
2306	0
2307	0
2308	0
2309	0
2310	0
2311	0
2312	0
2313	0
2314	0
2315	0
2316	0
2317	0
2318	0
2319	0
2320	0
2321	0
2322	0
2323	0
2324	0
2325	0
2326	0
2327	0
2328	0
2329	0
2330	0
2331	0
2332	0
2333	0
2334	0
2335	0
2336	0
2337	0
2338	0
2339	0
2340	0
2341	0
2342	0
2343	0
2344	0
2345	0
2346	0
2347	0
2348	0
2349	0
2350	0
2351	0
2352	0
2353	0
2354	0
2355	0
2356	0
2357	0
2358	0
2359	0
2360	0
2361	0
2362	0
2363	0
2364	0
2365	0
2366	0
2367	0
2368	0
2369	0
2370	0
2371	0
2372	0
2373	0
2374	0
2375	0
2376	0
2377	0
2378	0
2379	0
2380	0
2381	0
2382	0
2383	0
2384	0
2385	0
2386	0
2387	0
2388	0
2389	0
2390	0
2391	0
2392	0
2393	0
2394	0
2395	0
2396	0
2397	0
2398	0
2399	0
2400	0
2401	0
2402	0
2403	0
2404	0
2405	0
2406	0
2407	0
2408	0
2409	0
2410	0
2411	0
2412	0
2413	0
2414	0
2415	0
2416	0
2417	0
2418	0
2419	0
2420	0
2421	0
2422	0
2423	0
2424	0
2425	0
2426	0
2427	0
2428	0
2429	0
2430	0
2431	0
2432	0
2433	0
2434	0
2435	0
2436	0
2437	0
2438	0
2439	0
2440	0
2441	0
2442	0
2443	0
2444	0
2445	0
2446	0
2447	0
2448	0
2449	0
2450	0
2451	0
2452	0
2453	0
2454	0
2455	0
2456	0
2457	0
2458	0
2459	0
2460	0
2461	0
2462	0
2463	0
2464	0
2465	0
2466	0
2467	0
2468	0
2469	0
2470	0
2471	0
2472	0
2473	0
2474	0
2475	0
2476	0
2477	0
2478	0
2479	0
2480	0
2481	0
2482	0
2483	0
2484	0
2485	0
2486	0
2487	0
2488	0
2489	0
2490	0
2491	0
2492	0
2493	0
2494	0
2495	0
2496	0
2497	0
2498	0
2499	0
2500	0
