k	pvalue
0	1
1	1
2	1
3	1
4	1
5	1
6	1
7	1
8	1
9	1
10	1
11	1
12	1
13	1
14	1
15	1
16	1
17	1
18	1
19	1
20	1
21	1
22	1
23	1
24	1
25	1
26	1
27	1
28	1
29	1
30	1
31	1
32	1
33	1
34	1
35	1
36	1
37	1
38	1
39	1
40	1
41	1
42	1
43	1
44	1
45	1
46	1
47	1
48	1
49	1
50	1
51	1
52	1
53	1
54	1
55	1
56	1
57	1
58	1
59	1
60	1
61	1
62	1
63	1
64	1
65	1
66	1
67	1
68	1
69	1
70	1
71	1
72	1
73	1
74	1
75	1
76	1
77	1
78	1
79	1
80	1
81	1
82	1
83	1
84	1
85	1
86	1
87	1
88	1
89	1
90	1
91	1
92	1
93	1
94	1
95	1
96	1
97	1
98	1
99	1
100	1
101	1
102	1
103	1
104	1
105	1
106	1
107	1
108	1
109	1
110	1
111	1
112	1
113	1
114	1
115	1
116	1
117	1
118	1
119	1
120	1
121	1
122	1
123	1
124	1
125	1
126	1
127	1
128	1
129	1
130	1
131	1
132	1
133	1
134	1
135	1
136	1
137	1
138	1
139	1
140	1
141	1
142	1
143	1
144	1
145	1
146	1
147	1
148	1
149	1
150	1
151	1
152	1
153	1
154	1
155	1
156	1
157	1
158	1
159	1
160	1
161	1
162	1
163	1
164	1
165	1
166	1
167	1
168	1
169	1
170	1
171	1
172	1
173	1
174	1
175	1
176	1
177	1
178	1
179	1
180	1
181	1
182	1
183	1
184	1
185	1
186	1
187	1
188	1
189	1
190	1
191	1
192	1
193	1
194	1
195	1
196	1
197	1
198	1
199	1
200	1
201	1
202	1
203	1
204	1
205	1
206	1
207	1
208	1
209	1
210	1
211	1
212	1
213	1
214	1
215	1
216	1
217	1
218	1
219	1
220	1
221	1
222	1
223	1
224	1
225	1
226	1
227	1
228	1
229	1
230	1
231	1
232	1
233	1
234	1
235	1
236	1
237	1
238	1
239	1
240	1
241	1
242	1
243	1
244	1
245	1
246	1
247	1
248	1
249	1
250	1
251	1
252	1
253	1
254	1
255	1
256	1
257	1
258	1
259	1
260	1
261	1
262	1
263	1
264	1
265	1
266	1
267	1
268	1
269	1
270	1
271	1
272	1
273	1
274	1
275	1
276	1
277	1
278	1
279	1
280	1
281	1
282	1
283	1
284	1
285	1
286	1
287	1
288	1
289	1
290	1
291	1
292	1
293	1
294	1
295	1
296	1
297	1
298	1
299	1
300	1
301	1
302	1
303	1
304	1
305	1
306	1
307	1
308	1
309	1
310	1
311	1
312	1
313	1
314	1
315	1
316	1
317	1
318	1
319	1
320	1
321	1
322	1
323	1
324	1
325	1
326	1
327	1
328	1
329	1
330	1
331	1
332	1
333	1
334	1
335	1
336	1
337	1
338	1
339	1
340	1
341	1
342	1
343	1
344	1
345	1
346	1
347	1
348	1
349	1
350	1
351	1
352	1
353	1
354	1
355	1
356	1
357	1
358	1
359	1
360	1
361	1
362	1
363	1
364	1
365	1
366	1
367	1
368	1
369	1
370	1
371	1
372	1
373	1
374	1
375	1
376	1
377	1
378	1
379	1
380	1
381	1
382	1
383	1
384	1
385	1
386	1
387	1
388	1
389	1
390	1
391	1
392	1
393	1
394	1
395	1
396	1
397	1
398	1
399	1
400	1
401	1
402	1
403	1
404	1
405	1
406	1
407	1
408	1
409	1
410	1
411	1
412	1
413	1
414	1
415	1
416	1
417	1
418	1
419	1
420	1
421	1
422	1
423	1
424	1
425	1
426	1
427	1
428	1
429	1
430	1
431	1
432	1
433	1
434	1
435	1
436	1
437	1
438	1
439	1
440	1
441	1
442	1
443	1
444	1
445	1
446	1
447	1
448	1
449	1
450	1
451	1
452	1
453	1
454	1
455	1
456	1
457	1
458	1
459	1
460	1
461	1
462	1
463	1
464	1
465	1
466	1
467	1
468	1
469	1
470	1
471	1
472	1
473	1
474	1
475	1
476	1
477	1
478	1
479	1
480	1
481	1
482	1
483	1
484	1
485	1
486	1
487	1
488	1
489	1
490	1
491	1
492	1
493	1
494	1
495	1
496	1
497	1
498	1
499	1
500	1
501	1
502	1
503	1
504	1
505	1
506	1
507	1
508	1
509	1
510	1
511	1
512	1
513	1
514	1
515	1
516	1
517	1
518	1
519	1
520	1
521	1
522	1
523	1
524	1
525	1
526	1
527	1
528	1
529	1
530	1
531	1
532	1
533	1
534	1
535	1
536	1
537	1
538	1
539	1
540	1
541	1
542	1
543	1
544	1
545	1
546	1
547	1
548	1
549	1
550	1
551	1
552	1
553	1
554	1
555	1
556	1
557	1
558	1
559	1
560	1
561	1
562	1
563	1
564	1
565	1
566	1
567	1
568	1
569	1
570	1
571	1
572	1
573	1
574	1
575	1
576	1
577	1
578	1
579	1
580	1
581	1
582	1
583	1
584	1
585	1
586	1
587	1
588	1
589	1
590	1
591	1
592	1
593	1
594	1
595	1
596	1
597	1
598	1
599	1
600	1
601	1
602	1
603	1
604	1
605	1
606	1
607	1
608	1
609	1
610	1
611	1
612	1
613	1
614	1
615	1
616	1
617	1
618	1
619	1
620	1
621	1
622	1
623	1
624	1
625	1
626	1
627	1
628	1
629	1
630	1
631	1
632	1
633	1
634	1
635	1
636	1
637	1
638	1
639	1
640	1
641	1
642	1
643	1
644	1
645	1
646	1
647	1
648	1
649	1
650	1
651	1
652	1
653	1
654	1
655	1
656	1
657	1
658	1
659	1
660	1
661	1
662	1
663	1
664	1
665	1
666	1
667	1
668	1
669	1
670	1
671	1
672	1
673	1
674	1
675	1
676	1
677	1
678	1
679	1
680	1
681	1
682	1
683	1
684	1
685	1
686	1
687	1
688	1
689	1
690	1
691	1
692	1
693	1
694	1
695	1
696	1
697	1
698	1
699	1
700	1
701	1
702	1
703	1
704	1
705	1
706	1
707	1
708	1
709	1
710	1
711	1
712	1
713	1
714	1
715	1
716	1
717	1
718	1
719	1
720	1
721	1
722	1
723	1
724	1
725	1
726	1
727	1
728	1
729	1
730	1
731	1
732	1
733	1
734	1
735	1
736	1
737	1
738	1
739	1
740	1
741	1
742	1
743	1
744	1
745	1
746	1
747	1
748	1
749	1
750	1
751	1
752	1
753	1
754	1
755	1
756	1
757	1
758	1
759	1
760	1
761	1
762	1
763	1
764	1
765	1
766	1
767	1
768	1
769	1
770	1
771	1
772	1
773	1
774	1
775	1
776	1
777	1
778	1
779	1
780	1
781	1
782	1
783	1
784	1
785	1
786	1
787	1
788	1
789	1
790	1
791	1
792	1
793	1
794	1
795	1
796	1
797	1
798	1
799	1
800	1
801	1
802	1
803	1
804	1
805	1
806	1
807	1
808	1
809	1
810	1
811	1
812	1
813	1
814	1
815	1
816	1
817	1
818	1
819	1
820	1
821	1
822	1
823	1
824	1
825	1
826	1
827	1
828	1
829	1
830	1
831	1
832	1
833	1
834	1
835	1
836	1
837	1
838	1
839	1
840	1
841	1
842	1
843	1
844	1
845	1
846	1
847	1
848	1
849	1
850	1
851	1
852	1
853	1
854	1
855	1
856	1
857	1
858	1
859	1
860	1
861	1
862	1
863	1
864	1
865	1
866	1
867	1
868	1
869	1
870	1
871	1
872	1
873	1
874	1
875	1
876	1
877	1
878	1
879	1
880	1
881	1
882	1
883	1
884	1
885	1
886	1
887	1
888	1
889	1
890	1
891	1
892	1
893	1
894	1
895	1
896	1
897	1
898	1
899	1
900	1
901	1
902	0.999999
903	0.999999
904	0.999999
905	0.999999
906	0.999998
907	0.999998
908	0.999998
909	0.999997
910	0.999996
911	0.999995
912	0.999994
913	0.999993
914	0.999991
915	0.999989
916	0.999986
917	0.999983
918	0.999979
919	0.999974
920	0.999968
921	0.999961
922	0.999953
923	0.999943
924	0.999931
925	0.999917
926	0.999899
927	0.999879
928	0.999855
929	0.999826
930	0.999792
931	0.999753
932	0.999706
933	0.999651
934	0.999587
935	0.999512
936	0.999424
937	0.999322
938	0.999205
939	0.999068
940	0.998911
941	0.99873
942	0.998522
943	0.998283
944	0.99801
945	0.997698
946	0.997343
947	0.99694
948	0.996482
949	0.995965
950	0.995381
951	0.994723
952	0.993983
953	0.993154
954	0.992226
955	0.99119
956	0.990036
957	0.988753
958	0.987329
959	0.985753
960	0.984012
961	0.982094
962	0.979983
963	0.977667
964	0.975131
965	0.972359
966	0.969336
967	0.966046
968	0.962473
969	0.958602
970	0.954415
971	0.949898
972	0.945033
973	0.939805
974	0.934199
975	0.928199
976	0.921792
977	0.914965
978	0.907703
979	0.899997
980	0.891835
981	0.883208
982	0.874109
983	0.864532
984	0.854472
985	0.843925
986	0.832893
987	0.821374
988	0.809373
989	0.796896
990	0.783948
991	0.77054
992	0.756684
993	0.742393
994	0.727684
995	0.712575
996	0.697087
997	0.681241
998	0.665063
999	0.648578
1000	0.631814
1001	0.614801
1002	0.59757
1003	0.580153
1004	0.562582
1005	0.544893
1006	0.527119
1007	0.509296
1008	0.49146
1009	0.473645
1010	0.455887
1011	0.438222
1012	0.420683
1013	0.403305
1014	0.386119
1015	0.369158
1016	0.352451
1017	0.336028
1018	0.319915
1019	0.304138
1020	0.28872
1021	0.273683
1022	0.259047
1023	0.244828
1024	0.231043
1025	0.217703
1026	0.204822
1027	0.192406
1028	0.180463
1029	0.168998
1030	0.158012
1031	0.147508
1032	0.137482
1033	0.127933
1034	0.118856
1035	0.110244
1036	0.102089
1037	0.0943826
1038	0.0871144
1039	0.0802728
1040	0.0738455
1041	0.0678192
1042	0.0621801
1043	0.0569137
1044	0.052005
1045	0.0474388
1046	0.0431995
1047	0.0392715
1048	0.0356391
1049	0.0322867
1050	0.0291987
1051	0.0263601
1052	0.0237557
1053	0.0213709
1054	0.0191917
1055	0.0172041
1056	0.015395
1057	0.0137515
1058	0.0122615
1059	0.0109133
1060	0.00969585
1061	0.00859863
1062	0.00761175
1063	0.00672587
1064	0.00593224
1065	0.00522268
1066	0.00458954
1067	0.00402573
1068	0.00352465
1069	0.00308022
1070	0.00268682
1071	0.0023393
1072	0.00203291
1073	0.00176334
1074	0.00152664
1075	0.00131921
1076	0.00113781
1077	0.000979493
1078	0.000841597
1079	0.000721734
1080	0.000617757
1081	0.000527743
1082	0.000449977
1083	0.000382929
1084	0.00032524
1085	0.000275705
1086	0.000233259
1087	0.000196961
1088	0.000165986
1089	0.000139608
1090	0.000117189
1091	9.81764e-05
1092	8.20851e-05
1093	6.84945e-05
1094	5.70401e-05
1095	4.74061e-05
1096	3.93202e-05
1097	3.25478e-05
1098	2.68874e-05
1099	2.21664e-05
1100	1.82372e-05
1101	1.49739e-05
1102	1.22694e-05
1103	1.00327e-05
1104	8.18692e-06
1105	6.66691e-06
1106	5.41786e-06
1107	4.39367e-06
1108	3.55567e-06
1109	2.87148e-06
1110	2.31408e-06
1111	1.86095e-06
1112	1.49339e-06
1113	1.19589e-06
1114	9.55619e-07
1115	7.61992e-07
1116	6.06296e-07
1117	4.81377e-07
1118	3.81372e-07
1119	3.01489e-07
1120	2.37821e-07
1121	1.87189e-07
1122	1.47015e-07
1123	1.15209e-07
1124	9.00857e-08
1125	7.02851e-08
1126	5.47149e-08
1127	4.24991e-08
1128	3.29368e-08
1129	2.54687e-08
1130	1.96496e-08
1131	1.51257e-08
1132	1.16169e-08
1133	8.90177e-09
1134	6.80558e-09
1135	5.19105e-09
1136	3.95041e-09
1137	2.99932e-09
1138	2.27191e-09
1139	1.71689e-09
1140	1.29442e-09
1141	9.73607e-10
1142	7.30573e-10
1143	5.46903e-10
1144	4.08431e-10
1145	3.04289e-10
1146	2.26155e-10
1147	1.67678e-10
1148	1.24019e-10
1149	9.15042e-11
1150	6.73484e-11
1151	4.94474e-11
1152	3.62146e-11
1153	2.64571e-11
1154	1.92804e-11
1155	1.40152e-11
1156	1.01622e-11
1157	7.34974e-12
1158	5.30213e-12
1159	3.81519e-12
1160	2.73819e-12
1161	1.96015e-12
1162	1.39953e-12
1163	9.96653e-13
1164	7.07886e-13
1165	5.0146e-13
1166	3.54288e-13
1167	2.49642e-13
1168	1.75434e-13
1169	1.22953e-13
1170	8.59378e-14
1171	5.99028e-14
1172	4.16408e-14
1173	2.88665e-14
1174	1.99556e-14
1175	1.3757e-14
1176	9.4573e-15
1177	6.48313e-15
1178	4.4317e-15
1179	3.02076e-15
1180	2.05313e-15
1181	1.39143e-15
1182	9.4026e-16
1183	6.33525e-16
1184	4.25601e-16
1185	2.85074e-16
1186	1.90379e-16
1187	1.2676e-16
1188	8.41459e-17
1189	5.56888e-17
1190	3.67432e-17
1191	2.41686e-17
1192	1.58483e-17
1193	1.03601e-17
1194	6.75123e-18
1195	4.38563e-18
1196	2.83989e-18
1197	1.83308e-18
1198	1.17941e-18
1199	7.56379e-19
1200	4.83499e-19
1201	3.08053e-19
1202	1.95621e-19
1203	1.23811e-19
1204	7.80983e-20
1205	4.90971e-20
1206	3.07603e-20
1207	1.92058e-20
1208	1.19501e-20
1209	7.40967e-21
1210	4.57825e-21
1211	2.8188e-21
1212	1.72933e-21
1213	1.05714e-21
1214	6.43892e-22
1215	3.90758e-22
1216	2.36267e-22
1217	1.42327e-22
1218	8.54177e-23
1219	5.10705e-23
1220	3.04187e-23
1221	1.80487e-23
1222	1.06677e-23
1223	6.28062e-24
1224	3.68321e-24
1225	2.15143e-24
1226	1.25167e-24
1227	7.25268e-25
1228	4.18542e-25
1229	2.40544e-25
1230	1.37673e-25
1231	7.84672e-26
1232	4.45341e-26
1233	2.51679e-26
1234	1.41623e-26
1235	7.93474e-27
1236	4.42619e-27
1237	2.45813e-27
1238	1.35907e-27
1239	7.48028e-28
1240	4.09842e-28
1241	2.23521e-28
1242	1.21339e-28
1243	6.55613e-29
1244	3.52562e-29
1245	1.88688e-29
1246	1.00497e-29
1247	5.32646e-30
1248	2.80918e-30
1249	1.47419e-30
1250	7.6973e-31
1251	3.99861e-31
1252	2.06653e-31
1253	1.06246e-31
1254	5.43375e-32
1255	2.76422e-32
1256	1.39865e-32
1257	7.03853e-33
1258	3.52261e-33
1259	1.75319e-33
1260	8.67657e-34
1261	4.26966e-34
1262	2.08899e-34
1263	1.01613e-34
1264	4.91357e-35
1265	2.36186e-35
1266	1.12846e-35
1267	5.35877e-36
1268	2.52904e-36
1269	1.18611e-36
1270	5.52762e-37
1271	2.55955e-37
1272	1.17751e-37
1273	5.38151e-38
1274	2.44314e-38
1275	1.10168e-38
1276	4.93395e-39
1277	2.19442e-39
1278	9.69161e-40
1279	4.24991e-40
1280	1.85025e-40
1281	7.99661e-41
1282	3.43055e-41
1283	1.46069e-41
1284	6.17227e-42
1285	2.58809e-42
1286	1.07674e-42
1287	4.44422e-43
1288	1.81962e-43
1289	7.38956e-44
1290	2.97616e-44
1291	1.18862e-44
1292	4.70675e-45
1293	1.84773e-45
1294	7.19018e-46
1295	2.7731e-46
1296	1.05988e-46
1297	4.01379e-47
1298	1.5059e-47
1299	5.59652e-48
1300	2.05995e-48
1301	7.50833e-49
1302	2.70964e-49
1303	9.68038e-50
1304	3.42305e-50
1305	1.19784e-50
1306	4.14744e-51
1307	1.42061e-51
1308	4.81286e-52
1309	1.61245e-52
1310	5.34123e-53
1311	1.74897e-53
1312	5.66003e-54
1313	1.80994e-54
1314	5.71771e-55
1315	1.78402e-55
1316	5.49664e-56
1317	1.67192e-56
1318	5.01935e-57
1319	1.48693e-57
1320	4.3454e-58
1321	1.25243e-58
1322	3.55917e-59
1323	9.96989e-60
1324	2.75204e-60
1325	7.48368e-61
1326	2.00419e-61
1327	5.28432e-62
1328	1.37128e-62
1329	3.50107e-63
1330	8.79158e-64
1331	2.17054e-64
1332	5.26672e-65
1333	1.25551e-65
1334	2.93923e-66
1335	6.75466e-67
1336	1.52315e-67
1337	3.3687e-68
1338	7.304e-69
1339	1.55179e-69
1340	3.22896e-70
1341	6.57702e-71
1342	1.31069e-71
1343	2.55408e-72
1344	4.86387e-73
1345	9.04651e-74
1346	1.64233e-74
1347	2.90829e-75
1348	5.02013e-76
1349	8.44083e-77
1350	1.38142e-77
1351	2.19887e-78
1352	3.40136e-79
1353	5.10878e-80
1354	7.44402e-81
1355	1.05127e-81
1356	1.43753e-82
1357	1.90137e-83
1358	2.4299e-84
1359	2.99705e-85
1360	3.56334e-86
1361	4.07877e-87
1362	4.4888e-88
1363	4.7429e-89
1364	4.80421e-90
1365	4.65773e-91
1366	4.31487e-92
1367	3.81262e-93
1368	3.2071e-94
1369	2.563e-95
1370	1.94171e-96
1371	1.39123e-97
1372	9.40376e-99
1373	5.98011e-100
1374	3.56733e-101
1375	1.98982e-102
1376	1.03419e-103
1377	4.98929e-105
1378	2.22478e-106
1379	9.12637e-108
1380	3.42596e-109
1381	1.1699e-110
1382	3.60948e-112
1383	9.98274e-114
1384	2.45221e-115
1385	5.29165e-117
1386	9.89751e-119
1387	1.57791e-120
1388	2.09821e-122
1389	2.26004e-124
1390	1.89086e-126
1391	1.1506e-128
1392	4.52072e-131
1393	8.58953e-134
1394	7.71544e-182
1395	7.71544e-182
1396	7.71544e-182
1397	7.71544e-182
1398	7.71544e-182
1399	7.71544e-182
1400	7.71544e-182
1401	7.71544e-182
1402	7.71544e-182
1403	7.71544e-182
1404	7.71544e-182
1405	7.71544e-182
1406	7.71544e-182
1407	7.71544e-182
1408	7.71544e-182
1409	7.71544e-182
1410	7.71544e-182
1411	7.71544e-182
1412	7.71544e-182
1413	7.71544e-182
1414	7.71544e-182
1415	7.71544e-182
1416	7.71544e-182
1417	7.71544e-182
1418	7.71544e-182
1419	7.71544e-182
1420	7.71544e-182
1421	7.71544e-182
1422	7.71544e-182
1423	7.71544e-182
1424	7.71544e-182
1425	7.71544e-182
1426	7.71544e-182
1427	7.71544e-182
1428	7.71544e-182
1429	7.71544e-182
1430	7.71544e-182
1431	7.71544e-182
1432	7.71544e-182
1433	7.71544e-182
1434	7.71544e-182
1435	7.71544e-182
1436	7.71544e-182
1437	7.71544e-182
1438	7.71544e-182
1439	7.71544e-182
1440	7.71544e-182
1441	7.71544e-182
1442	7.71544e-182
1443	7.71544e-182
1444	7.71544e-182
1445	7.71544e-182
1446	7.71544e-182
1447	7.71544e-182
1448	7.71544e-182
1449	7.71544e-182
1450	7.71544e-182
1451	7.71544e-182
1452	7.71544e-182
1453	7.71544e-182
1454	7.71544e-182
1455	7.71544e-182
1456	7.71544e-182
1457	7.71544e-182
1458	7.71544e-182
1459	7.71544e-182
1460	7.71544e-182
1461	7.71544e-182
1462	7.71544e-182
1463	7.71544e-182
1464	7.71544e-182
1465	7.71544e-182
1466	7.71544e-182
1467	7.71544e-182
1468	7.71544e-182
1469	7.71544e-182
1470	7.71544e-182
1471	7.71544e-182
1472	7.71544e-182
1473	7.71544e-182
1474	7.71544e-182
1475	7.71544e-182
1476	7.71544e-182
1477	7.71544e-182
1478	7.71544e-182
1479	7.71544e-182
1480	7.71544e-182
1481	7.71544e-182
1482	7.71544e-182
1483	7.71544e-182
1484	7.71544e-182
1485	7.71544e-182
1486	7.71544e-182
1487	7.71544e-182
1488	7.71544e-182
1489	7.71544e-182
1490	7.71544e-182
1491	7.71544e-182
1492	7.71544e-182
1493	7.71544e-182
1494	7.71544e-182
1495	7.71544e-182
1496	7.71544e-182
1497	7.71544e-182
1498	7.71544e-182
1499	7.71544e-182
1500	7.71544e-182
1501	7.71544e-182
1502	7.71544e-182
1503	7.71544e-182
1504	7.71544e-182
1505	7.71544e-182
1506	7.71544e-182
1507	7.71544e-182
1508	7.71544e-182
1509	7.71544e-182
1510	7.71544e-182
1511	7.71544e-182
1512	7.71544e-182
1513	7.71544e-182
1514	7.71544e-182
1515	7.71544e-182
1516	7.71544e-182
1517	7.71544e-182
1518	7.71544e-182
1519	7.71544e-182
1520	7.71544e-182
1521	7.71544e-182
1522	7.71544e-182
1523	7.71544e-182
1524	7.71544e-182
1525	7.71544e-182
1526	7.71544e-182
1527	7.71544e-182
1528	7.71544e-182
1529	7.71544e-182
1530	7.71544e-182
1531	7.71544e-182
1532	7.71544e-182
1533	7.71544e-182
1534	7.71544e-182
1535	7.71544e-182
1536	7.71544e-182
1537	7.71544e-182
1538	7.71544e-182
1539	7.71544e-182
1540	7.71544e-182
1541	7.71544e-182
1542	7.71544e-182
1543	7.71544e-182
1544	7.71544e-182
1545	7.71544e-182
1546	7.71544e-182
1547	7.71544e-182
1548	7.71544e-182
1549	7.71544e-182
1550	7.71544e-182
1551	7.71544e-182
1552	7.71544e-182
1553	7.71544e-182
1554	7.71544e-182
1555	7.71544e-182
1556	7.71544e-182
1557	7.71544e-182
1558	7.71544e-182
1559	7.71544e-182
1560	7.71544e-182
1561	7.71544e-182
1562	7.71544e-182
1563	7.71544e-182
1564	7.71544e-182
1565	7.71544e-182
1566	7.71544e-182
1567	7.71544e-182
1568	7.71544e-182
1569	7.71544e-182
1570	7.71544e-182
1571	7.71544e-182
1572	7.71544e-182
1573	7.71544e-182
1574	7.71544e-182
1575	7.71544e-182
1576	7.71544e-182
1577	7.71544e-182
1578	7.71544e-182
1579	7.71544e-182
1580	7.71544e-182
1581	7.71544e-182
1582	7.71544e-182
1583	7.71544e-182
1584	7.71544e-182
1585	7.71544e-182
1586	7.71544e-182
1587	7.71544e-182
1588	7.71544e-182
1589	7.71544e-182
1590	7.71544e-182
1591	7.71544e-182
1592	7.71544e-182
1593	7.71544e-182
1594	7.71544e-182
1595	7.71544e-182
1596	7.71544e-182
1597	7.71544e-182
1598	7.71544e-182
1599	7.71544e-182
1600	7.71544e-182
1601	7.71544e-182
1602	7.71544e-182
1603	7.71544e-182
1604	7.71544e-182
1605	7.71544e-182
1606	7.71544e-182
1607	7.71544e-182
1608	7.71544e-182
1609	7.71544e-182
1610	7.71544e-182
1611	7.71544e-182
1612	7.71544e-182
1613	7.71544e-182
1614	7.71544e-182
1615	7.71544e-182
1616	7.71544e-182
1617	7.71544e-182
1618	7.71544e-182
1619	7.71544e-182
1620	7.71544e-182
1621	7.71544e-182
1622	7.71544e-182
1623	7.71544e-182
1624	7.71544e-182
1625	7.71544e-182
1626	7.71544e-182
1627	7.71544e-182
1628	7.71544e-182
1629	7.71544e-182
1630	7.71544e-182
1631	7.71544e-182
1632	7.71544e-182
1633	7.71544e-182
1634	7.71544e-182
1635	7.71544e-182
1636	7.71544e-182
1637	7.71544e-182
1638	7.71544e-182
1639	7.71544e-182
1640	7.71544e-182
1641	7.71544e-182
1642	7.71544e-182
1643	7.71544e-182
1644	7.71544e-182
1645	7.71544e-182
1646	7.71544e-182
1647	7.71544e-182
1648	7.71544e-182
1649	7.71544e-182
1650	7.71544e-182
1651	7.71544e-182
1652	7.71544e-182
1653	7.71544e-182
1654	7.71544e-182
1655	7.71544e-182
1656	7.71544e-182
1657	7.71544e-182
1658	7.71544e-182
1659	7.71544e-182
1660	7.71544e-182
1661	7.71544e-182
1662	7.71544e-182
1663	7.71544e-182
1664	7.71544e-182
1665	7.71544e-182
1666	7.71544e-182
1667	7.71544e-182
1668	7.71544e-182
1669	7.71544e-182
1670	7.71544e-182
1671	7.71544e-182
1672	7.71544e-182
1673	7.71544e-182
1674	7.71544e-182
1675	7.71544e-182
1676	7.71544e-182
1677	7.71544e-182
1678	7.71544e-182
1679	7.71544e-182
1680	7.71544e-182
1681	7.71544e-182
1682	7.71544e-182
1683	7.71544e-182
1684	7.71544e-182
1685	7.71544e-182
1686	7.71544e-182
1687	7.71544e-182
1688	7.71544e-182
1689	7.71544e-182
1690	7.71544e-182
1691	7.71544e-182
1692	7.71544e-182
1693	7.71544e-182
1694	7.71544e-182
1695	7.71544e-182
1696	7.71544e-182
1697	7.71544e-182
1698	7.71544e-182
1699	7.71544e-182
1700	7.71544e-182
1701	7.71544e-182
1702	7.71544e-182
1703	7.71544e-182
1704	7.71544e-182
1705	7.71544e-182
1706	7.71544e-182
1707	7.71544e-182
1708	7.71544e-182
1709	7.71544e-182
1710	7.71544e-182
1711	7.71544e-182
1712	7.71544e-182
1713	7.71544e-182
1714	7.71544e-182
1715	7.71544e-182
1716	7.71544e-182
1717	7.71544e-182
1718	7.71544e-182
1719	7.71544e-182
1720	7.71544e-182
1721	7.71544e-182
1722	7.71544e-182
1723	7.71544e-182
1724	7.71544e-182
1725	7.71544e-182
1726	7.71544e-182
1727	7.71544e-182
1728	7.71544e-182
1729	7.71544e-182
1730	7.71544e-182
1731	7.71544e-182
1732	7.71544e-182
1733	7.71544e-182
1734	7.71544e-182
1735	7.71544e-182
1736	7.71544e-182
1737	7.71544e-182
1738	7.71544e-182
1739	7.71544e-182
1740	7.71544e-182
1741	7.71544e-182
1742	7.71544e-182
1743	7.71544e-182
1744	7.71544e-182
1745	7.71544e-182
1746	7.71544e-182
1747	7.71544e-182
1748	7.71544e-182
1749	7.71544e-182
1750	7.71544e-182
1751	7.71544e-182
1752	7.71544e-182
1753	7.71544e-182
1754	7.71544e-182
1755	7.71544e-182
1756	7.71544e-182
1757	7.71544e-182
1758	7.71544e-182
1759	7.71544e-182
1760	7.71544e-182
1761	7.71544e-182
1762	7.71544e-182
1763	7.71544e-182
1764	7.71544e-182
1765	7.71544e-182
1766	7.71544e-182
1767	7.71544e-182
1768	7.71544e-182
1769	7.71544e-182
1770	7.71544e-182
1771	7.71544e-182
1772	7.71544e-182
1773	7.71544e-182
1774	7.71544e-182
1775	7.71544e-182
1776	7.71544e-182
1777	7.71544e-182
1778	7.71544e-182
1779	7.71544e-182
1780	7.71544e-182
1781	7.71544e-182
1782	7.71544e-182
1783	7.71544e-182
1784	7.71544e-182
1785	7.71544e-182
1786	7.71544e-182
1787	7.71544e-182
1788	7.71544e-182
1789	7.71544e-182
1790	7.71544e-182
1791	7.71544e-182
1792	7.71544e-182
1793	7.71544e-182
1794	7.71544e-182
1795	7.71544e-182
1796	7.71544e-182
1797	7.71544e-182
1798	7.71544e-182
1799	7.71544e-182
1800	7.71544e-182
1801	7.71544e-182
1802	7.71544e-182
1803	7.71544e-182
1804	7.71544e-182
1805	7.71544e-182
1806	7.71544e-182
1807	7.71544e-182
1808	7.71544e-182
1809	7.71544e-182
1810	7.71544e-182
1811	7.71544e-182
1812	7.71544e-182
1813	7.71544e-182
1814	7.71544e-182
1815	7.71544e-182
1816	7.71544e-182
1817	7.71544e-182
1818	7.71544e-182
1819	7.71544e-182
1820	7.71544e-182
1821	7.71544e-182
1822	7.71544e-182
1823	7.71544e-182
1824	7.71544e-182
1825	7.71544e-182
1826	7.71544e-182
1827	7.71544e-182
1828	7.71544e-182
1829	7.71544e-182
1830	7.71544e-182
1831	7.71544e-182
1832	7.71544e-182
1833	7.71544e-182
1834	7.71544e-182
1835	7.71544e-182
1836	7.71544e-182
1837	7.71544e-182
1838	7.71544e-182
1839	7.71544e-182
1840	7.71544e-182
1841	7.71544e-182
1842	7.71544e-182
1843	7.71544e-182
1844	7.71544e-182
1845	7.71544e-182
1846	7.71544e-182
1847	7.71544e-182
1848	7.71544e-182
1849	7.71544e-182
1850	7.71544e-182
1851	7.71544e-182
1852	7.71544e-182
1853	7.71544e-182
1854	7.71544e-182
1855	7.71544e-182
1856	7.71544e-182
1857	7.71544e-182
1858	7.71544e-182
1859	7.71544e-182
1860	7.71544e-182
1861	7.71544e-182
1862	7.71544e-182
1863	7.71544e-182
1864	7.71544e-182
1865	7.71544e-182
1866	7.71544e-182
1867	7.71544e-182
1868	7.71544e-182
1869	7.71544e-182
1870	7.71544e-182
1871	7.71544e-182
1872	7.71544e-182
1873	7.71544e-182
1874	7.71544e-182
1875	7.71544e-182
1876	7.71544e-182
1877	7.71544e-182
1878	7.71544e-182
1879	7.71544e-182
1880	7.71544e-182
1881	7.71544e-182
1882	7.71544e-182
1883	7.71544e-182
1884	7.71544e-182
1885	7.71544e-182
1886	7.71544e-182
1887	7.71544e-182
1888	7.71544e-182
1889	7.71544e-182
1890	7.71544e-182
1891	7.71544e-182
1892	7.71544e-182
1893	7.71544e-182
1894	7.71544e-182
1895	7.71544e-182
1896	7.71544e-182
1897	7.71544e-182
1898	7.71544e-182
1899	7.71544e-182
1900	7.71544e-182
1901	7.71544e-182
1902	7.71544e-182
1903	7.71544e-182
1904	7.71544e-182
1905	7.71544e-182
1906	7.71544e-182
1907	7.71544e-182
1908	7.71544e-182
1909	7.71544e-182
1910	7.71544e-182
1911	7.71544e-182
1912	7.71544e-182
1913	7.71544e-182
1914	7.71544e-182
1915	7.71544e-182
1916	7.71544e-182
1917	7.71544e-182
1918	7.71544e-182
1919	7.71544e-182
1920	7.71544e-182
1921	7.71544e-182
1922	7.71544e-182
1923	7.71544e-182
1924	7.71544e-182
1925	7.71544e-182
1926	7.71544e-182
1927	7.71544e-182
1928	7.71544e-182
1929	7.71544e-182
1930	7.71544e-182
1931	7.71544e-182
1932	7.71544e-182
1933	7.71544e-182
1934	7.71544e-182
1935	7.71544e-182
1936	7.71544e-182
1937	7.71544e-182
1938	7.71544e-182
1939	7.71544e-182
1940	7.71544e-182
1941	7.71544e-182
1942	7.71544e-182
1943	7.71544e-182
1944	7.71544e-182
1945	7.71544e-182
1946	7.71544e-182
1947	7.71544e-182
1948	7.71544e-182
1949	7.71544e-182
1950	7.71544e-182
1951	7.71544e-182
1952	7.71544e-182
1953	7.71544e-182
1954	7.71544e-182
1955	7.71544e-182
1956	7.71544e-182
1957	7.71544e-182
1958	7.71544e-182
1959	7.71544e-182
1960	7.71544e-182
1961	7.71544e-182
1962	7.71544e-182
1963	7.71544e-182
1964	7.71544e-182
1965	7.71544e-182
1966	7.71544e-182
1967	7.71544e-182
1968	7.71544e-182
1969	7.71544e-182
1970	7.71544e-182
1971	7.71544e-182
1972	7.71544e-182
1973	7.71544e-182
1974	7.71544e-182
1975	7.71544e-182
1976	7.71544e-182
1977	7.71544e-182
1978	7.71544e-182
1979	7.71544e-182
1980	7.71544e-182
1981	7.71544e-182
1982	7.71544e-182
1983	7.71544e-182
1984	7.71544e-182
1985	7.71544e-182
1986	7.71544e-182
1987	7.71544e-182
1988	7.71544e-182
1989	7.71544e-182
1990	7.71544e-182
1991	7.71544e-182
1992	7.71544e-182
1993	7.71544e-182
1994	7.71544e-182
1995	7.71544e-182
1996	7.71544e-182
1997	7.71544e-182
1998	7.71544e-182
1999	7.71544e-182
2000	7.71544e-182
2001	7.71544e-182
2002	7.71544e-182
2003	7.71544e-182
2004	7.71544e-182
2005	7.71544e-182
2006	7.71544e-182
2007	7.71544e-182
2008	7.71544e-182
2009	7.71544e-182
2010	7.71544e-182
2011	7.71544e-182
2012	7.71544e-182
2013	7.71544e-182
2014	7.71544e-182
2015	7.71544e-182
2016	7.71544e-182
2017	7.71544e-182
2018	7.71544e-182
2019	7.71544e-182
2020	7.71544e-182
2021	7.71544e-182
2022	7.71544e-182
2023	7.71544e-182
2024	7.71544e-182
2025	7.71544e-182
2026	7.71544e-182
2027	7.71544e-182
2028	7.71544e-182
2029	7.71544e-182
2030	7.71544e-182
2031	7.71544e-182
2032	7.71544e-182
2033	7.71544e-182
2034	7.71544e-182
2035	7.71544e-182
2036	7.71544e-182
2037	7.71544e-182
2038	7.71544e-182
2039	7.71544e-182
2040	7.71544e-182
2041	7.71544e-182
2042	7.71544e-182
2043	7.71544e-182
2044	7.71544e-182
2045	7.71544e-182
2046	7.71544e-182
2047	7.71544e-182
2048	7.71544e-182
2049	7.71544e-182
2050	7.71544e-182
2051	7.71544e-182
2052	7.71544e-182
2053	7.71544e-182
2054	7.71544e-182
2055	7.71544e-182
2056	7.71544e-182
2057	7.71544e-182
2058	7.71544e-182
2059	7.71544e-182
2060	7.71544e-182
2061	7.71544e-182
2062	7.71544e-182
2063	7.71544e-182
2064	7.71544e-182
2065	7.71544e-182
2066	7.71544e-182
2067	7.71544e-182
2068	7.71544e-182
2069	7.71544e-182
2070	7.71544e-182
2071	7.71544e-182
2072	7.71544e-182
2073	7.71544e-182
2074	7.71544e-182
2075	7.71544e-182
2076	7.71544e-182
2077	7.71544e-182
2078	7.71544e-182
2079	7.71544e-182
2080	7.71544e-182
2081	7.71544e-182
2082	7.71544e-182
2083	7.71544e-182
2084	7.71544e-182
2085	7.71544e-182
2086	7.71544e-182
2087	7.71544e-182
2088	7.71544e-182
2089	7.71544e-182
2090	7.71544e-182
2091	7.71544e-182
2092	7.71544e-182
2093	7.71544e-182
2094	7.71544e-182
2095	7.71544e-182
2096	7.71544e-182
2097	7.71544e-182
2098	7.71544e-182
2099	7.71544e-182
2100	7.71544e-182
2101	7.71544e-182
2102	7.71544e-182
2103	7.71544e-182
2104	7.71544e-182
2105	7.71544e-182
2106	7.71544e-182
2107	7.71544e-182
2108	7.71544e-182
2109	7.71544e-182
2110	7.71544e-182
2111	7.71544e-182
2112	7.71544e-182
2113	7.71544e-182
2114	7.71544e-182
2115	7.71544e-182
2116	7.71544e-182
2117	7.71544e-182
2118	7.71544e-182
2119	7.71544e-182
2120	7.71544e-182
2121	7.71544e-182
2122	7.71544e-182
2123	7.71544e-182
2124	7.71544e-182
2125	7.71544e-182
2126	7.71544e-182
2127	7.71544e-182
2128	7.71544e-182
2129	7.71544e-182
2130	7.71544e-182
2131	7.71544e-182
2132	7.71544e-182
2133	7.71544e-182
2134	7.71544e-182
2135	7.71544e-182
2136	7.71544e-182
2137	7.71544e-182
2138	7.71544e-182
2139	7.71544e-182
2140	7.71544e-182
2141	7.71544e-182
2142	7.71544e-182
2143	7.71544e-182
2144	7.71544e-182
2145	7.71544e-182
2146	7.71544e-182
2147	7.71544e-182
2148	7.71544e-182
2149	7.71544e-182
2150	7.71544e-182
2151	7.71544e-182
2152	7.71544e-182
2153	7.71544e-182
2154	7.71544e-182
2155	7.71544e-182
2156	7.71544e-182
2157	7.71544e-182
2158	7.71544e-182
2159	7.71544e-182
2160	7.71544e-182
2161	7.71544e-182
2162	7.71544e-182
2163	7.71544e-182
2164	7.71544e-182
2165	7.71544e-182
2166	7.71544e-182
2167	7.71544e-182
2168	7.71544e-182
2169	7.71544e-182
2170	7.71544e-182
2171	7.71544e-182
2172	7.71544e-182
2173	7.71544e-182
2174	7.71544e-182
2175	7.71544e-182
2176	7.71544e-182
2177	7.71544e-182
2178	7.71544e-182
2179	7.71544e-182
2180	7.71544e-182
2181	7.71544e-182
2182	7.71544e-182
2183	7.71544e-182
2184	7.71544e-182
2185	7.71544e-182
2186	7.71544e-182
2187	7.71544e-182
2188	7.71544e-182
2189	7.71544e-182
2190	7.71544e-182
2191	7.71544e-182
2192	7.71544e-182
2193	7.71544e-182
2194	7.71544e-182
2195	7.71544e-182
2196	7.71544e-182
2197	7.71544e-182
2198	7.71544e-182
2199	7.71544e-182
2200	7.71544e-182
2201	7.71544e-182
2202	7.71544e-182
2203	7.71544e-182
2204	7.71544e-182
2205	7.71544e-182
2206	7.71544e-182
2207	7.71544e-182
2208	7.71544e-182
2209	7.71544e-182
2210	7.71544e-182
2211	7.71544e-182
2212	7.71544e-182
2213	7.71544e-182
2214	7.71544e-182
2215	7.71544e-182
2216	7.71544e-182
2217	7.71544e-182
2218	7.71544e-182
2219	7.71544e-182
2220	7.71544e-182
2221	7.71544e-182
2222	7.71544e-182
2223	7.71544e-182
2224	7.71544e-182
2225	7.71544e-182
2226	7.71544e-182
2227	7.71544e-182
2228	7.71544e-182
2229	7.71544e-182
2230	7.71544e-182
2231	7.71544e-182
2232	7.71544e-182
2233	7.71544e-182
2234	7.71544e-182
2235	7.71544e-182
2236	7.71544e-182
2237	7.71544e-182
2238	7.71544e-182
2239	7.71544e-182
2240	7.71544e-182
2241	7.71544e-182
2242	7.71544e-182
2243	7.71544e-182
2244	7.71544e-182
2245	7.71544e-182
2246	7.71544e-182
2247	7.71544e-182
2248	7.71544e-182
2249	7.71544e-182
2250	7.71544e-182
2251	7.71544e-182
2252	7.71544e-182
2253	7.71544e-182
2254	7.71544e-182
2255	7.71544e-182
2256	7.71544e-182
2257	7.71544e-182
2258	7.71544e-182
2259	7.71544e-182
2260	7.71544e-182
2261	7.71544e-182
2262	7.71544e-182
2263	7.71544e-182
2264	7.71544e-182
2265	7.71544e-182
2266	7.71544e-182
2267	7.71544e-182
2268	7.71544e-182
2269	7.71544e-182
2270	7.71544e-182
2271	7.71544e-182
2272	7.71544e-182
2273	7.71544e-182
2274	7.71544e-182
2275	7.71544e-182
2276	7.71544e-182
2277	7.71544e-182
2278	7.71544e-182
2279	7.71544e-182
2280	7.71544e-182
2281	7.71544e-182
2282	7.71544e-182
2283	7.71544e-182
2284	7.71544e-182
2285	7.71544e-182
2286	7.71544e-182
2287	7.71544e-182
2288	7.71544e-182
2289	7.71544e-182
2290	7.71544e-182
2291	7.71544e-182
2292	7.71544e-182
2293	7.71544e-182
2294	7.71544e-182
2295	7.71544e-182
2296	7.71544e-182
2297	7.71544e-182
2298	7.71544e-182
2299	7.71544e-182
2300	7.71544e-182
2301	7.71544e-182
2302	7.71544e-182
2303	7.71544e-182
2304	7.71544e-182
2305	7.71544e-182
2306	7.71544e-182
2307	7.71544e-182
2308	7.71544e-182
2309	7.71544e-182
2310	7.71544e-182
2311	7.71544e-182
2312	7.71544e-182
2313	7.71544e-182
2314	7.71544e-182
2315	7.71544e-182
2316	7.71544e-182
2317	7.71544e-182
2318	7.71544e-182
2319	7.71544e-182
2320	7.71544e-182
2321	7.71544e-182
2322	7.71544e-182
2323	7.71544e-182
2324	7.71544e-182
2325	7.71544e-182
2326	7.71544e-182
2327	7.71544e-182
2328	7.71544e-182
2329	7.71544e-182
2330	7.71544e-182
2331	7.71544e-182
2332	7.71544e-182
2333	7.71544e-182
2334	7.71544e-182
2335	7.71544e-182
2336	7.71544e-182
2337	7.71544e-182
2338	7.71544e-182
2339	7.71544e-182
2340	7.71544e-182
2341	7.71544e-182
2342	7.71544e-182
2343	7.71544e-182
2344	7.71544e-182
2345	7.71544e-182
2346	7.71544e-182
2347	7.71544e-182
2348	7.71544e-182
2349	7.71544e-182
2350	7.71544e-182
2351	7.71544e-182
2352	7.71544e-182
2353	7.71544e-182
2354	7.71544e-182
2355	7.71544e-182
2356	7.71544e-182
2357	7.71544e-182
2358	7.71544e-182
2359	7.71544e-182
2360	7.71544e-182
2361	7.71544e-182
2362	7.71544e-182
2363	7.71544e-182
2364	7.71544e-182
2365	7.71544e-182
2366	7.71544e-182
2367	7.71544e-182
2368	7.71544e-182
2369	7.71544e-182
2370	7.71544e-182
2371	7.71544e-182
2372	7.71544e-182
2373	7.71544e-182
2374	7.71544e-182
2375	7.71544e-182
2376	7.71544e-182
2377	7.71544e-182
2378	7.71544e-182
2379	7.71544e-182
2380	7.71544e-182
2381	7.71544e-182
2382	7.71544e-182
2383	7.71544e-182
2384	7.71544e-182
2385	7.71544e-182
2386	7.71544e-182
2387	7.71544e-182
2388	7.71544e-182
2389	7.71544e-182
2390	7.71544e-182
2391	7.71544e-182
2392	7.71544e-182
2393	7.71544e-182
2394	7.71544e-182
2395	7.71544e-182
2396	7.71544e-182
2397	7.71544e-182
2398	7.71544e-182
2399	7.71544e-182
2400	7.71544e-182
2401	7.71544e-182
2402	7.71544e-182
2403	7.71544e-182
2404	7.71544e-182
2405	7.71544e-182
2406	7.71544e-182
2407	7.71544e-182
2408	7.71544e-182
2409	7.71544e-182
2410	7.71544e-182
2411	7.71544e-182
2412	7.71544e-182
2413	7.71544e-182
2414	7.71544e-182
2415	7.71544e-182
2416	7.71544e-182
2417	7.71544e-182
2418	7.71544e-182
2419	7.71544e-182
2420	7.71544e-182
2421	7.71544e-182
2422	7.71544e-182
2423	7.71544e-182
2424	7.71544e-182
2425	7.71544e-182
2426	7.71544e-182
2427	7.71544e-182
2428	7.71544e-182
2429	7.71544e-182
2430	7.71544e-182
2431	7.71544e-182
2432	7.71544e-182
2433	7.71544e-182
2434	7.71544e-182
2435	7.71544e-182
2436	7.71544e-182
2437	7.71544e-182
2438	7.71544e-182
2439	7.71544e-182
2440	7.71544e-182
2441	7.71544e-182
2442	7.71544e-182
2443	7.71544e-182
2444	7.71544e-182
2445	7.71544e-182
2446	7.71544e-182
2447	7.71544e-182
2448	7.71544e-182
2449	7.71544e-182
2450	7.71544e-182
2451	7.71544e-182
2452	7.71544e-182
2453	7.71544e-182
2454	7.71544e-182
2455	7.71544e-182
2456	7.71544e-182
2457	7.71544e-182
2458	7.71544e-182
2459	7.71544e-182
2460	7.71544e-182
2461	7.71544e-182
2462	7.71544e-182
2463	7.71544e-182
2464	7.71544e-182
2465	7.71544e-182
2466	7.71544e-182
2467	7.71544e-182
2468	7.71544e-182
2469	7.71544e-182
2470	7.71544e-182
2471	7.71544e-182
2472	7.71544e-182
2473	7.71544e-182
2474	7.71544e-182
2475	7.71544e-182
2476	7.71544e-182
2477	7.71544e-182
2478	7.71544e-182
2479	7.71544e-182
2480	7.71544e-182
2481	7.71544e-182
2482	7.71544e-182
2483	7.71544e-182
2484	7.71544e-182
2485	7.71544e-182
2486	7.71544e-182
2487	7.71544e-182
2488	7.71544e-182
2489	7.71544e-182
2490	7.71544e-182
2491	7.71544e-182
2492	7.71544e-182
2493	7.71544e-182
2494	7.71544e-182
2495	7.71544e-182
2496	7.71544e-182
2497	7.71544e-182
2498	7.71544e-182
2499	7.71544e-182
2500	7.71544e-182
2501	7.71544e-182
2502	7.71544e-182
2503	7.71544e-182
2504	7.71544e-182
2505	7.71544e-182
2506	7.71544e-182
2507	7.71544e-182
2508	7.71544e-182
2509	7.71544e-182
2510	7.71544e-182
2511	7.71544e-182
2512	7.71544e-182
2513	7.71544e-182
2514	7.71544e-182
2515	7.71544e-182
2516	7.71544e-182
2517	7.71544e-182
2518	7.71544e-182
2519	7.71544e-182
2520	7.71544e-182
2521	7.71544e-182
2522	7.71544e-182
2523	7.71544e-182
2524	7.71544e-182
2525	7.71544e-182
2526	7.71544e-182
2527	7.71544e-182
2528	7.71544e-182
2529	7.71544e-182
2530	7.71544e-182
2531	7.71544e-182
2532	7.71544e-182
2533	7.71544e-182
2534	7.71544e-182
2535	7.71544e-182
2536	7.71544e-182
2537	7.71544e-182
2538	7.71544e-182
2539	7.71544e-182
2540	7.71544e-182
2541	7.71544e-182
2542	7.71544e-182
2543	7.71544e-182
2544	7.71544e-182
2545	7.71544e-182
2546	7.71544e-182
2547	7.71544e-182
2548	7.71544e-182
2549	7.71544e-182
2550	7.71544e-182
2551	7.71544e-182
2552	7.71544e-182
2553	7.71544e-182
2554	7.71544e-182
2555	7.71544e-182
2556	7.71544e-182
2557	7.71544e-182
2558	7.71544e-182
2559	7.71544e-182
2560	7.71544e-182
2561	7.71544e-182
2562	7.71544e-182
2563	7.71544e-182
2564	7.71544e-182
2565	7.71544e-182
2566	7.71544e-182
2567	7.71544e-182
2568	7.71544e-182
2569	7.71544e-182
2570	7.71544e-182
2571	7.71544e-182
2572	7.71544e-182
2573	7.71544e-182
2574	7.71544e-182
2575	7.71544e-182
2576	7.71544e-182
2577	7.71544e-182
2578	7.71544e-182
2579	7.71544e-182
2580	7.71544e-182
2581	7.71544e-182
2582	7.71544e-182
2583	7.71544e-182
2584	7.71544e-182
2585	7.71544e-182
2586	7.71544e-182
2587	7.71544e-182
2588	7.71544e-182
2589	7.71544e-182
2590	7.71544e-182
2591	7.71544e-182
2592	7.71544e-182
2593	7.71544e-182
2594	7.71544e-182
2595	7.71544e-182
2596	7.71544e-182
2597	7.71544e-182
2598	7.71544e-182
2599	7.71544e-182
2600	7.71544e-182
2601	7.71544e-182
2602	7.71544e-182
2603	7.71544e-182
2604	7.71544e-182
2605	7.71544e-182
2606	7.71544e-182
2607	7.71544e-182
2608	7.71544e-182
2609	7.71544e-182
2610	7.71544e-182
2611	7.71544e-182
2612	7.71544e-182
2613	7.71544e-182
2614	7.71544e-182
2615	7.71544e-182
2616	7.71544e-182
2617	7.71544e-182
2618	7.71544e-182
2619	7.71544e-182
2620	7.71544e-182
2621	7.71544e-182
2622	7.71544e-182
2623	7.71544e-182
2624	7.71544e-182
2625	7.71544e-182
2626	7.71544e-182
2627	7.71544e-182
2628	7.71544e-182
2629	7.71544e-182
2630	7.71544e-182
2631	7.71544e-182
2632	7.71544e-182
2633	7.71544e-182
2634	7.71544e-182
2635	7.71544e-182
2636	7.71544e-182
2637	7.71544e-182
2638	7.71544e-182
2639	7.71544e-182
2640	7.71544e-182
2641	7.71544e-182
2642	7.71544e-182
2643	7.71544e-182
2644	7.71544e-182
2645	7.71544e-182
2646	7.71544e-182
2647	7.71544e-182
2648	7.71544e-182
2649	7.71544e-182
2650	7.71544e-182
2651	7.71544e-182
2652	7.71544e-182
2653	7.71544e-182
2654	7.71544e-182
2655	7.71544e-182
2656	7.71544e-182
2657	7.71544e-182
2658	7.71544e-182
2659	7.71544e-182
2660	7.71544e-182
2661	7.71544e-182
2662	7.71544e-182
2663	7.71544e-182
2664	7.71544e-182
2665	7.71544e-182
2666	7.71544e-182
2667	7.71544e-182
2668	7.71544e-182
2669	7.71544e-182
2670	7.71544e-182
2671	7.71544e-182
2672	7.71544e-182
2673	7.71544e-182
2674	7.71544e-182
2675	7.71544e-182
2676	7.71544e-182
2677	7.71544e-182
2678	7.71544e-182
2679	7.71544e-182
2680	7.71544e-182
2681	7.71544e-182
2682	7.71544e-182
2683	7.71544e-182
2684	7.71544e-182
2685	7.71544e-182
2686	7.71544e-182
2687	7.71544e-182
2688	7.71544e-182
2689	7.71544e-182
2690	7.71544e-182
2691	7.71544e-182
2692	7.71544e-182
2693	7.71544e-182
2694	7.71544e-182
2695	7.71544e-182
2696	7.71544e-182
2697	7.71544e-182
2698	7.71544e-182
2699	7.71544e-182
2700	7.71544e-182
2701	7.71544e-182
2702	7.71544e-182
2703	7.71544e-182
2704	7.71544e-182
2705	7.71544e-182
2706	7.71544e-182
2707	7.71544e-182
2708	7.71544e-182
2709	7.71544e-182
2710	7.71544e-182
2711	7.71544e-182
2712	7.71544e-182
2713	7.71544e-182
2714	7.71544e-182
2715	7.71544e-182
2716	7.71544e-182
2717	7.71544e-182
2718	7.71544e-182
2719	7.71544e-182
2720	7.71544e-182
2721	7.71544e-182
2722	7.71544e-182
2723	7.71544e-182
2724	7.71544e-182
2725	7.71544e-182
2726	7.71544e-182
2727	7.71544e-182
2728	7.71544e-182
2729	7.71544e-182
2730	7.71544e-182
2731	7.71544e-182
2732	7.71544e-182
2733	7.71544e-182
2734	7.71544e-182
2735	7.71544e-182
2736	7.71544e-182
2737	7.71544e-182
2738	7.71544e-182
2739	7.71544e-182
2740	7.71544e-182
2741	7.71544e-182
2742	7.71544e-182
2743	7.71544e-182
2744	7.71544e-182
2745	7.71544e-182
2746	7.71544e-182
2747	7.71544e-182
2748	7.71544e-182
2749	7.71544e-182
2750	7.71544e-182
2751	7.71544e-182
2752	7.71544e-182
2753	7.71544e-182
2754	7.71544e-182
2755	7.71544e-182
2756	7.71544e-182
2757	7.71544e-182
2758	7.71544e-182
2759	7.71544e-182
2760	7.71544e-182
2761	7.71544e-182
2762	7.71544e-182
2763	7.71544e-182
2764	7.71544e-182
2765	7.71544e-182
2766	7.71544e-182
2767	7.71544e-182
2768	7.71544e-182
2769	7.71544e-182
2770	7.71544e-182
2771	7.71544e-182
2772	7.71544e-182
2773	7.71544e-182
2774	7.71544e-182
2775	7.71544e-182
2776	7.71544e-182
2777	7.71544e-182
2778	7.71544e-182
2779	7.71544e-182
2780	7.71544e-182
2781	7.71544e-182
2782	7.71544e-182
2783	7.71544e-182
2784	7.71544e-182
2785	7.71544e-182
2786	7.71544e-182
2787	7.71544e-182
2788	7.71544e-182
2789	7.71544e-182
2790	7.71544e-182
2791	7.71544e-182
2792	7.71544e-182
2793	7.71544e-182
2794	7.71544e-182
2795	7.71544e-182
2796	7.71544e-182
2797	7.71544e-182
2798	7.71544e-182
2799	7.71544e-182
2800	7.71544e-182
2801	7.71544e-182
2802	7.71544e-182
2803	7.71544e-182
2804	7.71544e-182
2805	7.71544e-182
2806	7.71544e-182
2807	7.71544e-182
2808	7.71544e-182
2809	7.71544e-182
2810	7.71544e-182
2811	7.71544e-182
2812	7.71544e-182
2813	7.71544e-182
2814	7.71544e-182
2815	7.71544e-182
2816	7.71544e-182
2817	7.71544e-182
2818	7.71544e-182
2819	7.71544e-182
2820	7.71544e-182
2821	7.71544e-182
2822	7.71544e-182
2823	7.71544e-182
2824	7.71544e-182
2825	7.71544e-182
2826	7.71544e-182
2827	7.71544e-182
2828	7.71544e-182
2829	7.71544e-182
2830	7.71544e-182
2831	7.71544e-182
2832	7.71544e-182
2833	7.71544e-182
2834	7.71544e-182
2835	7.71544e-182
2836	7.71544e-182
2837	7.71544e-182
2838	7.71544e-182
2839	7.71544e-182
2840	7.71544e-182
2841	7.71544e-182
2842	7.71544e-182
2843	7.71544e-182
2844	7.71544e-182
2845	7.71544e-182
2846	7.71544e-182
2847	7.71544e-182
2848	7.71544e-182
2849	7.71544e-182
2850	7.71544e-182
2851	7.71544e-182
2852	7.71544e-182
2853	7.71544e-182
2854	7.71544e-182
2855	7.71544e-182
2856	7.71544e-182
2857	7.71544e-182
2858	7.71544e-182
2859	7.71544e-182
2860	7.71544e-182
2861	7.71544e-182
2862	7.71544e-182
2863	7.71544e-182
2864	7.71544e-182
2865	7.71544e-182
2866	7.71544e-182
2867	7.71544e-182
2868	7.71544e-182
2869	7.71544e-182
2870	7.71544e-182
2871	7.71544e-182
2872	7.71544e-182
2873	7.71544e-182
2874	7.71544e-182
2875	7.71544e-182
2876	7.71544e-182
2877	7.71544e-182
2878	7.71544e-182
2879	7.71544e-182
2880	7.71544e-182
2881	7.71544e-182
2882	7.71544e-182
2883	7.71544e-182
2884	7.71544e-182
2885	7.71544e-182
2886	7.71544e-182
2887	7.71544e-182
2888	7.71544e-182
2889	7.71544e-182
2890	7.71544e-182
2891	7.71544e-182
2892	7.71544e-182
2893	7.71544e-182
2894	7.71544e-182
2895	7.71544e-182
2896	7.71544e-182
2897	7.71544e-182
2898	7.71544e-182
2899	7.71544e-182
2900	7.71544e-182
2901	7.71544e-182
2902	7.71544e-182
2903	7.71544e-182
2904	7.71544e-182
2905	7.71544e-182
2906	7.71544e-182
2907	7.71544e-182
2908	7.71544e-182
2909	7.71544e-182
2910	7.71544e-182
2911	7.71544e-182
2912	7.71544e-182
2913	7.71544e-182
2914	7.71544e-182
2915	7.71544e-182
2916	7.71544e-182
2917	7.71544e-182
2918	7.71544e-182
2919	7.71544e-182
2920	7.71544e-182
2921	7.71544e-182
2922	7.71544e-182
2923	7.71544e-182
2924	7.71544e-182
2925	7.71544e-182
2926	7.71544e-182
2927	7.71544e-182
2928	7.71544e-182
2929	7.71544e-182
2930	7.71544e-182
2931	7.71544e-182
2932	7.71544e-182
2933	7.71544e-182
2934	7.71544e-182
2935	7.71544e-182
2936	7.71544e-182
2937	7.71544e-182
2938	7.71544e-182
2939	7.71544e-182
2940	7.71544e-182
2941	7.71544e-182
2942	7.71544e-182
2943	7.71544e-182
2944	7.71544e-182
2945	7.71544e-182
2946	7.71544e-182
2947	7.71544e-182
2948	7.71544e-182
2949	7.71544e-182
2950	7.71544e-182
2951	7.71544e-182
2952	7.71544e-182
2953	7.71544e-182
2954	7.71544e-182
2955	7.71544e-182
2956	7.71544e-182
2957	7.71544e-182
2958	7.71544e-182
2959	7.71544e-182
2960	7.71544e-182
2961	7.71544e-182
2962	7.71544e-182
2963	7.71544e-182
2964	7.71544e-182
2965	7.71544e-182
2966	7.71544e-182
2967	7.71544e-182
2968	7.71544e-182
2969	7.71544e-182
2970	7.71544e-182
2971	7.71544e-182
2972	7.71544e-182
2973	7.71544e-182
2974	7.71544e-182
2975	7.71544e-182
2976	7.71544e-182
2977	7.71544e-182
2978	7.71544e-182
2979	7.71544e-182
2980	7.71544e-182
2981	7.71544e-182
2982	7.71544e-182
2983	7.71544e-182
2984	7.71544e-182
2985	7.71544e-182
2986	7.71544e-182
2987	7.71544e-182
2988	7.71544e-182
2989	7.71544e-182
2990	7.71544e-182
2991	7.71544e-182
2992	7.71544e-182
2993	7.71544e-182
2994	7.71544e-182
2995	7.71544e-182
2996	7.71544e-182
2997	7.71544e-182
2998	7.71544e-182
2999	7.71544e-182
3000	7.71544e-182
3001	7.71544e-182
3002	7.71544e-182
3003	7.71544e-182
3004	7.71544e-182
3005	7.71544e-182
3006	7.71544e-182
3007	7.71544e-182
3008	7.71544e-182
3009	7.71544e-182
3010	7.71544e-182
3011	7.71544e-182
3012	7.71544e-182
3013	7.71544e-182
3014	7.71544e-182
3015	7.71544e-182
3016	7.71544e-182
3017	7.71544e-182
3018	7.71544e-182
3019	7.71544e-182
3020	7.71544e-182
3021	7.71544e-182
3022	7.71544e-182
3023	7.71544e-182
3024	7.71544e-182
3025	7.71544e-182
3026	7.71544e-182
3027	7.71544e-182
3028	7.71544e-182
3029	7.71544e-182
3030	7.71544e-182
3031	7.71544e-182
3032	7.71544e-182
3033	7.71544e-182
3034	7.71544e-182
3035	7.71544e-182
3036	7.71544e-182
3037	7.71544e-182
3038	7.71544e-182
3039	7.71544e-182
3040	7.71544e-182
3041	7.71544e-182
3042	7.71544e-182
3043	7.71544e-182
3044	7.71544e-182
3045	7.71544e-182
3046	7.71544e-182
3047	7.71544e-182
3048	7.71544e-182
3049	7.71544e-182
3050	7.71544e-182
3051	7.71544e-182
3052	7.71544e-182
3053	7.71544e-182
3054	7.71544e-182
3055	7.71544e-182
3056	7.71544e-182
3057	7.71544e-182
3058	7.71544e-182
3059	7.71544e-182
3060	7.71544e-182
3061	7.71544e-182
3062	7.71544e-182
3063	7.71544e-182
3064	7.71544e-182
3065	7.71544e-182
3066	7.71544e-182
3067	7.71544e-182
3068	7.71544e-182
3069	7.71544e-182
3070	7.71544e-182
3071	7.71544e-182
3072	7.71544e-182
3073	7.71544e-182
3074	7.71544e-182
3075	7.71544e-182
3076	7.71544e-182
3077	7.71544e-182
3078	7.71544e-182
3079	7.71544e-182
3080	7.71544e-182
3081	7.71544e-182
3082	7.71544e-182
3083	7.71544e-182
3084	7.71544e-182
3085	7.71544e-182
3086	7.71544e-182
3087	7.71544e-182
3088	7.71544e-182
3089	7.71544e-182
3090	7.71544e-182
3091	7.71544e-182
3092	7.71544e-182
3093	7.71544e-182
3094	7.71544e-182
3095	7.71544e-182
3096	7.71544e-182
3097	7.71544e-182
3098	7.71544e-182
3099	7.71544e-182
3100	7.71544e-182
3101	7.71544e-182
3102	7.71544e-182
3103	7.71544e-182
3104	7.71544e-182
3105	7.71544e-182
3106	7.71544e-182
3107	7.71544e-182
3108	7.71544e-182
3109	7.71544e-182
3110	7.71544e-182
3111	7.71544e-182
3112	7.71544e-182
3113	7.71544e-182
3114	7.71544e-182
3115	7.71544e-182
3116	7.71544e-182
3117	7.71544e-182
3118	7.71544e-182
3119	7.71544e-182
3120	7.71544e-182
3121	7.71544e-182
3122	7.71544e-182
3123	7.71544e-182
3124	7.71544e-182
3125	7.71544e-182
3126	7.71544e-182
3127	7.71544e-182
3128	7.71544e-182
3129	7.71544e-182
3130	7.71544e-182
3131	7.71544e-182
3132	7.71544e-182
3133	7.71544e-182
3134	7.71544e-182
3135	7.71544e-182
3136	7.71544e-182
3137	7.71544e-182
3138	7.71544e-182
3139	7.71544e-182
3140	7.71544e-182
3141	7.71544e-182
3142	7.71544e-182
3143	7.71544e-182
3144	7.71544e-182
3145	7.71544e-182
3146	7.71544e-182
3147	7.71544e-182
3148	7.71544e-182
3149	7.71544e-182
3150	7.71544e-182
3151	7.71544e-182
3152	7.71544e-182
3153	7.71544e-182
3154	7.71544e-182
3155	7.71544e-182
3156	7.71544e-182
3157	7.71544e-182
3158	7.71544e-182
3159	7.71544e-182
3160	7.71544e-182
3161	7.71544e-182
3162	7.71544e-182
3163	7.71544e-182
3164	7.71544e-182
3165	7.71544e-182
3166	7.71544e-182
3167	7.71544e-182
3168	7.71544e-182
3169	7.71544e-182
3170	7.71544e-182
3171	7.71544e-182
3172	7.71544e-182
3173	7.71544e-182
3174	7.71544e-182
3175	7.71544e-182
3176	7.71544e-182
3177	7.71544e-182
3178	7.71544e-182
3179	7.71544e-182
3180	7.71544e-182
3181	7.71544e-182
3182	7.71544e-182
3183	7.71544e-182
3184	7.71544e-182
3185	7.71544e-182
3186	7.71544e-182
3187	7.71544e-182
3188	7.71544e-182
3189	7.71544e-182
3190	7.71544e-182
3191	7.71544e-182
3192	7.71544e-182
3193	7.71544e-182
3194	7.71544e-182
3195	7.71544e-182
3196	7.71544e-182
3197	7.71544e-182
3198	7.71544e-182
3199	7.71544e-182
3200	7.71544e-182
3201	7.71544e-182
3202	7.71544e-182
3203	7.71544e-182
3204	7.71544e-182
3205	7.71544e-182
3206	7.71544e-182
3207	7.71544e-182
3208	7.71544e-182
3209	7.71544e-182
3210	7.71544e-182
3211	7.71544e-182
3212	7.71544e-182
3213	7.71544e-182
3214	7.71544e-182
3215	7.71544e-182
3216	7.71544e-182
3217	7.71544e-182
3218	7.71544e-182
3219	7.71544e-182
3220	7.71544e-182
3221	7.71544e-182
3222	7.71544e-182
3223	7.71544e-182
3224	7.71544e-182
3225	7.71544e-182
3226	7.71544e-182
3227	7.71544e-182
3228	7.71544e-182
3229	7.71544e-182
3230	7.71544e-182
3231	7.71544e-182
3232	7.71544e-182
3233	7.71544e-182
3234	7.71544e-182
3235	7.71544e-182
3236	7.71544e-182
3237	7.71544e-182
3238	7.71544e-182
3239	7.71544e-182
3240	7.71544e-182
3241	7.71544e-182
3242	7.71544e-182
3243	7.71544e-182
3244	7.71544e-182
3245	7.71544e-182
3246	7.71544e-182
3247	7.71544e-182
3248	7.71544e-182
3249	7.71544e-182
3250	7.71544e-182
3251	7.71544e-182
3252	7.71544e-182
3253	7.71544e-182
3254	7.71544e-182
3255	7.71544e-182
3256	7.71544e-182
3257	7.71544e-182
3258	7.71544e-182
3259	7.71544e-182
3260	7.71544e-182
3261	7.71544e-182
3262	7.71544e-182
3263	7.71544e-182
3264	7.71544e-182
3265	7.71544e-182
3266	7.71544e-182
3267	7.71544e-182
3268	7.71544e-182
3269	7.71544e-182
3270	7.71544e-182
3271	7.71544e-182
3272	7.71544e-182
3273	7.71544e-182
3274	7.71544e-182
3275	7.71544e-182
3276	7.71544e-182
3277	7.71544e-182
3278	7.71544e-182
3279	7.71544e-182
3280	7.71544e-182
3281	7.71544e-182
3282	7.71544e-182
3283	7.71544e-182
3284	7.71544e-182
3285	7.71544e-182
3286	7.71544e-182
3287	7.71544e-182
3288	7.71544e-182
3289	7.71544e-182
3290	7.71544e-182
3291	7.71544e-182
3292	7.71544e-182
3293	7.71544e-182
3294	7.71544e-182
3295	7.71544e-182
3296	7.71544e-182
3297	7.71544e-182
3298	7.71544e-182
3299	7.71544e-182
3300	7.71544e-182
3301	7.71544e-182
3302	7.71544e-182
3303	7.71544e-182
3304	7.71544e-182
3305	7.71544e-182
3306	7.71544e-182
3307	7.71544e-182
3308	7.71544e-182
3309	7.71544e-182
3310	7.71544e-182
3311	7.71544e-182
3312	7.71544e-182
3313	7.71544e-182
3314	7.71544e-182
3315	7.71544e-182
3316	7.71544e-182
3317	7.71544e-182
3318	7.71544e-182
3319	7.71544e-182
3320	7.71544e-182
3321	7.71544e-182
3322	7.71544e-182
3323	7.71544e-182
3324	7.71544e-182
3325	7.71544e-182
3326	7.71544e-182
3327	7.71544e-182
3328	7.71544e-182
3329	7.71544e-182
3330	7.71544e-182
3331	7.71544e-182
3332	7.71544e-182
3333	7.71544e-182
3334	7.71544e-182
3335	7.71544e-182
3336	7.71544e-182
3337	7.71544e-182
3338	7.71544e-182
3339	7.71544e-182
3340	7.71544e-182
3341	7.71544e-182
3342	7.71544e-182
3343	7.71544e-182
3344	7.71544e-182
3345	7.71544e-182
3346	7.71544e-182
3347	7.71544e-182
3348	7.71544e-182
3349	7.71544e-182
3350	7.71544e-182
3351	7.71544e-182
3352	7.71544e-182
3353	7.71544e-182
3354	7.71544e-182
3355	7.71544e-182
3356	7.71544e-182
3357	7.71544e-182
3358	7.71544e-182
3359	7.71544e-182
3360	7.71544e-182
3361	7.71544e-182
3362	7.71544e-182
3363	7.71544e-182
3364	7.71544e-182
3365	7.71544e-182
3366	7.71544e-182
3367	7.71544e-182
3368	7.71544e-182
3369	7.71544e-182
3370	7.71544e-182
3371	7.71544e-182
3372	7.71544e-182
3373	7.71544e-182
3374	7.71544e-182
3375	7.71544e-182
3376	7.71544e-182
3377	7.71544e-182
3378	7.71544e-182
3379	7.71544e-182
3380	7.71544e-182
3381	7.71544e-182
3382	7.71544e-182
3383	7.71544e-182
3384	7.71544e-182
3385	7.71544e-182
3386	7.71544e-182
3387	7.71544e-182
3388	7.71544e-182
3389	7.71544e-182
3390	7.71544e-182
3391	7.71544e-182
3392	7.71544e-182
3393	7.71544e-182
3394	7.71544e-182
3395	7.71544e-182
3396	7.71544e-182
3397	7.71544e-182
3398	7.71544e-182
3399	7.71544e-182
3400	7.71544e-182
3401	7.71544e-182
3402	7.71544e-182
3403	7.71544e-182
3404	7.71544e-182
3405	7.71544e-182
3406	7.71544e-182
3407	7.71544e-182
3408	7.71544e-182
3409	7.71544e-182
3410	7.71544e-182
3411	7.71544e-182
3412	7.71544e-182
3413	7.71544e-182
3414	7.71544e-182
3415	7.71544e-182
3416	7.71544e-182
3417	7.71544e-182
3418	7.71544e-182
3419	7.71544e-182
3420	7.71544e-182
3421	7.71544e-182
3422	7.71544e-182
3423	7.71544e-182
3424	7.71544e-182
3425	7.71544e-182
3426	7.71544e-182
3427	7.71544e-182
3428	7.71544e-182
3429	7.71544e-182
3430	7.71544e-182
3431	7.71544e-182
3432	7.71544e-182
3433	7.71544e-182
3434	7.71544e-182
3435	7.71544e-182
3436	7.71544e-182
3437	7.71544e-182
3438	7.71544e-182
3439	7.71544e-182
3440	7.71544e-182
3441	7.71544e-182
3442	7.71544e-182
3443	7.71544e-182
3444	7.71544e-182
3445	7.71544e-182
3446	7.71544e-182
3447	7.71544e-182
3448	7.71544e-182
3449	7.71544e-182
3450	7.71544e-182
3451	7.71544e-182
3452	7.71544e-182
3453	7.71544e-182
3454	7.71544e-182
3455	7.71544e-182
3456	7.71544e-182
3457	7.71544e-182
3458	7.71544e-182
3459	7.71544e-182
3460	7.71544e-182
3461	7.71544e-182
3462	7.71544e-182
3463	7.71544e-182
3464	7.71544e-182
3465	7.71544e-182
3466	7.71544e-182
3467	7.71544e-182
3468	7.71544e-182
3469	7.71544e-182
3470	7.71544e-182
3471	7.71544e-182
3472	7.71544e-182
3473	7.71544e-182
3474	7.71544e-182
3475	7.71544e-182
3476	7.71544e-182
3477	7.71544e-182
3478	7.71544e-182
3479	7.71544e-182
3480	7.71544e-182
3481	7.71544e-182
3482	7.71544e-182
3483	7.71544e-182
3484	7.71544e-182
3485	7.71544e-182
3486	7.71544e-182
3487	7.71544e-182
3488	7.71544e-182
3489	7.71544e-182
3490	7.71544e-182
3491	7.71544e-182
3492	7.71544e-182
3493	7.71544e-182
3494	7.71544e-182
3495	7.71544e-182
3496	7.71544e-182
3497	7.71544e-182
3498	7.71544e-182
3499	7.71544e-182
3500	7.71544e-182
3501	7.71544e-182
3502	7.71544e-182
3503	7.71544e-182
3504	7.71544e-182
3505	7.71544e-182
3506	7.71544e-182
3507	7.71544e-182
3508	7.71544e-182
3509	7.71544e-182
3510	7.71544e-182
3511	7.71544e-182
3512	7.71544e-182
3513	7.71544e-182
3514	7.71544e-182
3515	7.71544e-182
3516	7.71544e-182
3517	7.71544e-182
3518	7.71544e-182
3519	7.71544e-182
3520	7.71544e-182
3521	7.71544e-182
3522	7.71544e-182
3523	7.71544e-182
3524	7.71544e-182
3525	7.71544e-182
3526	7.71544e-182
3527	7.71544e-182
3528	7.71544e-182
3529	7.71544e-182
3530	7.71544e-182
3531	7.71544e-182
3532	7.71544e-182
3533	7.71544e-182
3534	7.71544e-182
3535	7.71544e-182
3536	7.71544e-182
3537	7.71544e-182
3538	7.71544e-182
3539	7.71544e-182
3540	7.71544e-182
3541	7.71544e-182
3542	7.71544e-182
3543	7.71544e-182
3544	7.71544e-182
3545	7.71544e-182
3546	7.71544e-182
3547	7.71544e-182
3548	7.71544e-182
3549	7.71544e-182
3550	7.71544e-182
3551	7.71544e-182
3552	7.71544e-182
3553	7.71544e-182
3554	7.71544e-182
3555	7.71544e-182
3556	7.71544e-182
3557	7.71544e-182
3558	7.71544e-182
3559	7.71544e-182
3560	7.71544e-182
3561	7.71544e-182
3562	7.71544e-182
3563	7.71544e-182
3564	7.71544e-182
3565	7.71544e-182
3566	7.71544e-182
3567	7.71544e-182
3568	7.71544e-182
3569	7.71544e-182
3570	7.71544e-182
3571	7.71544e-182
3572	7.71544e-182
3573	7.71544e-182
3574	7.71544e-182
3575	7.71544e-182
3576	7.71544e-182
3577	7.71544e-182
3578	7.71544e-182
3579	7.71544e-182
3580	7.71544e-182
3581	7.71544e-182
3582	7.71544e-182
3583	7.71544e-182
3584	7.71544e-182
3585	7.71544e-182
3586	7.71544e-182
3587	7.71544e-182
3588	7.71544e-182
3589	7.71544e-182
3590	7.71544e-182
3591	7.71544e-182
3592	7.71544e-182
3593	7.71544e-182
3594	7.71544e-182
3595	7.71544e-182
3596	7.71544e-182
3597	7.71544e-182
3598	7.71544e-182
3599	7.71544e-182
3600	7.71544e-182
3601	7.71544e-182
3602	7.71544e-182
3603	7.71544e-182
3604	7.71544e-182
3605	7.71544e-182
3606	7.71544e-182
3607	7.71544e-182
3608	7.71544e-182
3609	7.71544e-182
3610	7.71544e-182
3611	7.71544e-182
3612	7.71544e-182
3613	7.71544e-182
3614	7.71544e-182
3615	7.71544e-182
3616	7.71544e-182
3617	7.71544e-182
3618	7.71544e-182
3619	7.71544e-182
3620	7.71544e-182
3621	7.71544e-182
3622	7.71544e-182
3623	7.71544e-182
3624	7.71544e-182
3625	7.71544e-182
3626	7.71544e-182
3627	7.71544e-182
3628	7.71544e-182
3629	7.71544e-182
3630	7.71544e-182
3631	7.71544e-182
3632	7.71544e-182
3633	7.71544e-182
3634	7.71544e-182
3635	7.71544e-182
3636	7.71544e-182
3637	7.71544e-182
3638	7.71544e-182
3639	7.71544e-182
3640	7.71544e-182
3641	7.71544e-182
3642	7.71544e-182
3643	7.71544e-182
3644	7.71544e-182
3645	7.71544e-182
3646	7.71544e-182
3647	7.71544e-182
3648	7.71544e-182
3649	7.71544e-182
3650	7.71544e-182
3651	7.71544e-182
3652	7.71544e-182
3653	7.71544e-182
3654	7.71544e-182
3655	7.71544e-182
3656	7.71544e-182
3657	7.71544e-182
3658	7.71544e-182
3659	7.71544e-182
3660	7.71544e-182
3661	7.71544e-182
3662	7.71544e-182
3663	7.71544e-182
3664	7.71544e-182
3665	7.71544e-182
3666	7.71544e-182
3667	7.71544e-182
3668	7.71544e-182
3669	7.71544e-182
3670	7.71544e-182
3671	7.71544e-182
3672	7.71544e-182
3673	7.71544e-182
3674	7.71544e-182
3675	7.71544e-182
3676	7.71544e-182
3677	7.71544e-182
3678	7.71544e-182
3679	7.71544e-182
3680	7.71544e-182
3681	7.71544e-182
3682	7.71544e-182
3683	7.71544e-182
3684	7.71544e-182
3685	7.71544e-182
3686	7.71544e-182
3687	7.71544e-182
3688	7.71544e-182
3689	7.71544e-182
3690	7.71544e-182
3691	7.71544e-182
3692	7.71544e-182
3693	7.71544e-182
3694	7.71544e-182
3695	7.71544e-182
3696	7.71544e-182
3697	7.71544e-182
3698	7.71544e-182
3699	7.71544e-182
3700	7.71544e-182
3701	7.71544e-182
3702	7.71544e-182
3703	7.71544e-182
3704	7.71544e-182
3705	7.71544e-182
3706	7.71544e-182
3707	7.71544e-182
3708	7.71544e-182
3709	7.71544e-182
3710	7.71544e-182
3711	7.71544e-182
3712	7.71544e-182
3713	7.71544e-182
3714	7.71544e-182
3715	7.71544e-182
3716	7.71544e-182
3717	7.71544e-182
3718	7.71544e-182
3719	7.71544e-182
3720	7.71544e-182
3721	7.71544e-182
3722	7.71544e-182
3723	7.71544e-182
3724	7.71544e-182
3725	7.71544e-182
3726	7.71544e-182
3727	7.71544e-182
3728	7.71544e-182
3729	7.71544e-182
3730	7.71544e-182
3731	7.71544e-182
3732	7.71544e-182
3733	7.71544e-182
3734	7.71544e-182
3735	7.71544e-182
3736	7.71544e-182
3737	7.71544e-182
3738	7.71544e-182
3739	7.71544e-182
3740	7.71544e-182
3741	7.71544e-182
3742	7.71544e-182
3743	7.71544e-182
3744	7.71544e-182
3745	7.71544e-182
3746	7.71544e-182
3747	7.71544e-182
3748	7.71544e-182
3749	7.71544e-182
3750	7.71544e-182
3751	7.71544e-182
3752	7.71544e-182
3753	7.71544e-182
3754	7.71544e-182
3755	7.71544e-182
3756	7.71544e-182
3757	7.71544e-182
3758	7.71544e-182
3759	7.71544e-182
3760	7.71544e-182
3761	7.71544e-182
3762	7.71544e-182
3763	7.71544e-182
3764	7.71544e-182
3765	7.71544e-182
3766	7.71544e-182
3767	7.71544e-182
3768	7.71544e-182
3769	7.71544e-182
3770	7.71544e-182
3771	7.71544e-182
3772	7.71544e-182
3773	7.71544e-182
3774	7.71544e-182
3775	7.71544e-182
3776	7.71544e-182
3777	7.71544e-182
3778	7.71544e-182
3779	7.71544e-182
3780	7.71544e-182
3781	7.71544e-182
3782	7.71544e-182
3783	7.71544e-182
3784	7.71544e-182
3785	7.71544e-182
3786	7.71544e-182
3787	7.71544e-182
3788	7.71544e-182
3789	7.71544e-182
3790	7.71544e-182
3791	7.71544e-182
3792	7.71544e-182
3793	7.71544e-182
3794	7.71544e-182
3795	7.71544e-182
3796	7.71544e-182
3797	7.71544e-182
3798	7.71544e-182
3799	7.71544e-182
3800	7.71544e-182
3801	7.71544e-182
3802	7.71544e-182
3803	7.71544e-182
3804	7.71544e-182
3805	7.71544e-182
3806	7.71544e-182
3807	7.71544e-182
3808	7.71544e-182
3809	7.71544e-182
3810	7.71544e-182
3811	7.71544e-182
3812	7.71544e-182
3813	7.71544e-182
3814	7.71544e-182
3815	7.71544e-182
3816	7.71544e-182
3817	7.71544e-182
3818	7.71544e-182
3819	7.71544e-182
3820	7.71544e-182
3821	7.71544e-182
3822	7.71544e-182
3823	7.71544e-182
3824	7.71544e-182
3825	7.71544e-182
3826	7.71544e-182
3827	7.71544e-182
3828	7.71544e-182
3829	7.71544e-182
3830	7.71544e-182
3831	7.71544e-182
3832	7.71544e-182
3833	7.71544e-182
3834	7.71544e-182
3835	7.71544e-182
3836	7.71544e-182
3837	7.71544e-182
3838	7.71544e-182
3839	7.71544e-182
3840	7.71544e-182
3841	7.71544e-182
3842	7.71544e-182
3843	7.71544e-182
3844	7.71544e-182
3845	7.71544e-182
3846	7.71544e-182
3847	7.71544e-182
3848	7.71544e-182
3849	7.71544e-182
3850	7.71544e-182
3851	7.71544e-182
3852	7.71544e-182
3853	7.71544e-182
3854	7.71544e-182
3855	7.71544e-182
3856	7.71544e-182
3857	7.71544e-182
3858	7.71544e-182
3859	7.71544e-182
3860	7.71544e-182
3861	7.71544e-182
3862	7.71544e-182
3863	7.71544e-182
3864	7.71544e-182
3865	7.71544e-182
3866	7.71544e-182
3867	7.71544e-182
3868	7.71544e-182
3869	7.71544e-182
3870	7.71544e-182
3871	7.71544e-182
3872	7.71544e-182
3873	7.71544e-182
3874	7.71544e-182
3875	7.71544e-182
3876	7.71544e-182
3877	7.71544e-182
3878	7.71544e-182
3879	7.71544e-182
3880	7.71544e-182
3881	7.71544e-182
3882	7.71544e-182
3883	7.71544e-182
3884	7.71544e-182
3885	7.71544e-182
3886	7.71544e-182
3887	7.71544e-182
3888	7.71544e-182
3889	7.71544e-182
3890	7.71544e-182
3891	7.71544e-182
3892	7.71544e-182
3893	7.71544e-182
3894	7.71544e-182
3895	7.71544e-182
3896	7.71544e-182
3897	7.71544e-182
3898	7.71544e-182
3899	7.71544e-182
3900	7.71544e-182
3901	7.71544e-182
3902	7.71544e-182
3903	7.71544e-182
3904	7.71544e-182
3905	7.71544e-182
3906	7.71544e-182
3907	7.71544e-182
3908	7.71544e-182
3909	7.71544e-182
3910	7.71544e-182
3911	7.71544e-182
3912	7.71544e-182
3913	7.71544e-182
3914	7.71544e-182
3915	7.71544e-182
3916	7.71544e-182
3917	7.71544e-182
3918	7.71544e-182
3919	7.71544e-182
3920	7.71544e-182
3921	7.71544e-182
3922	7.71544e-182
3923	7.71544e-182
3924	7.71544e-182
3925	7.71544e-182
3926	7.71544e-182
3927	7.71544e-182
3928	7.71544e-182
3929	7.71544e-182
3930	7.71544e-182
3931	7.71544e-182
3932	7.71544e-182
3933	7.71544e-182
3934	7.71544e-182
3935	7.71544e-182
3936	7.71544e-182
3937	7.71544e-182
3938	7.71544e-182
3939	7.71544e-182
3940	7.71544e-182
3941	7.71544e-182
3942	7.71544e-182
3943	7.71544e-182
3944	7.71544e-182
3945	7.71544e-182
3946	7.71544e-182
3947	7.71544e-182
3948	7.71544e-182
3949	7.71544e-182
3950	7.71544e-182
3951	7.71544e-182
3952	7.71544e-182
3953	7.71544e-182
3954	7.71544e-182
3955	7.71544e-182
3956	7.71544e-182
3957	7.71544e-182
3958	7.71544e-182
3959	7.71544e-182
3960	7.71544e-182
3961	7.71544e-182
3962	7.71544e-182
3963	7.71544e-182
3964	7.71544e-182
3965	7.71544e-182
3966	7.71544e-182
3967	7.71544e-182
3968	7.71544e-182
3969	7.71544e-182
3970	7.71544e-182
3971	7.71544e-182
3972	7.71544e-182
3973	7.71544e-182
3974	7.71544e-182
3975	7.71544e-182
3976	7.71544e-182
3977	7.71544e-182
3978	7.71544e-182
3979	7.71544e-182
3980	7.71544e-182
3981	7.71544e-182
3982	7.71544e-182
3983	7.71544e-182
3984	7.71544e-182
3985	7.71544e-182
3986	7.71544e-182
3987	7.71544e-182
3988	7.71544e-182
3989	7.71544e-182
3990	7.71544e-182
3991	7.71544e-182
3992	7.71544e-182
3993	7.71544e-182
3994	7.71544e-182
3995	7.71544e-182
3996	7.71544e-182
3997	7.71544e-182
3998	7.71544e-182
3999	7.71544e-182
4000	7.71544e-182
4001	7.71544e-182
4002	7.71544e-182
4003	7.71544e-182
4004	7.71544e-182
4005	7.71544e-182
4006	7.71544e-182
4007	7.71544e-182
4008	7.71544e-182
4009	7.71544e-182
4010	7.71544e-182
4011	7.71544e-182
4012	7.71544e-182
4013	7.71544e-182
4014	7.71544e-182
4015	7.71544e-182
4016	7.71544e-182
4017	7.71544e-182
4018	7.71544e-182
4019	7.71544e-182
4020	7.71544e-182
4021	7.71544e-182
4022	7.71544e-182
4023	7.71544e-182
4024	7.71544e-182
4025	7.71544e-182
4026	7.71544e-182
4027	7.71544e-182
4028	7.71544e-182
4029	7.71544e-182
4030	7.71544e-182
4031	7.71544e-182
4032	7.71544e-182
4033	7.71544e-182
4034	7.71544e-182
4035	7.71544e-182
4036	7.71544e-182
4037	7.71544e-182
4038	7.71544e-182
4039	7.71544e-182
4040	7.71544e-182
4041	7.71544e-182
4042	7.71544e-182
4043	7.71544e-182
4044	7.71544e-182
4045	7.71544e-182
4046	7.71544e-182
4047	7.71544e-182
4048	7.71544e-182
4049	7.71544e-182
4050	7.71544e-182
4051	7.71544e-182
4052	7.71544e-182
4053	7.71544e-182
4054	7.71544e-182
4055	7.71544e-182
4056	7.71544e-182
4057	7.71544e-182
4058	7.71544e-182
4059	7.71544e-182
4060	7.71544e-182
4061	7.71544e-182
4062	7.71544e-182
4063	7.71544e-182
4064	7.71544e-182
4065	7.71544e-182
4066	7.71544e-182
4067	7.71544e-182
4068	7.71544e-182
4069	7.71544e-182
4070	7.71544e-182
4071	7.71544e-182
4072	7.71544e-182
4073	7.71544e-182
4074	7.71544e-182
4075	7.71544e-182
4076	7.71544e-182
4077	7.71544e-182
4078	7.71544e-182
4079	7.71544e-182
4080	7.71544e-182
4081	7.71544e-182
4082	7.71544e-182
4083	7.71544e-182
4084	7.71544e-182
4085	7.71544e-182
4086	7.71544e-182
4087	7.71544e-182
4088	7.71544e-182
4089	7.71544e-182
4090	7.71544e-182
4091	7.71544e-182
4092	7.71544e-182
4093	7.71544e-182
4094	7.71544e-182
4095	7.71544e-182
4096	7.71544e-182
4097	7.71544e-182
4098	7.71544e-182
4099	7.71544e-182
4100	7.71544e-182
4101	7.71544e-182
4102	7.71544e-182
4103	7.71544e-182
4104	7.71544e-182
4105	7.71544e-182
4106	7.71544e-182
4107	7.71544e-182
4108	7.71544e-182
4109	7.71544e-182
4110	7.71544e-182
4111	7.71544e-182
4112	7.71544e-182
4113	7.71544e-182
4114	7.71544e-182
4115	7.71544e-182
4116	7.71544e-182
4117	7.71544e-182
4118	7.71544e-182
4119	7.71544e-182
4120	7.71544e-182
4121	7.71544e-182
4122	7.71544e-182
4123	7.71544e-182
4124	7.71544e-182
4125	7.71544e-182
4126	7.71544e-182
4127	7.71544e-182
4128	7.71544e-182
4129	7.71544e-182
4130	7.71544e-182
4131	7.71544e-182
4132	7.71544e-182
4133	7.71544e-182
4134	7.71544e-182
4135	7.71544e-182
4136	7.71544e-182
4137	7.71544e-182
4138	7.71544e-182
4139	7.71544e-182
4140	7.71544e-182
4141	7.71544e-182
4142	7.71544e-182
4143	7.71544e-182
4144	7.71544e-182
4145	7.71544e-182
4146	7.71544e-182
4147	7.71544e-182
4148	7.71544e-182
4149	7.71544e-182
4150	7.71544e-182
4151	7.71544e-182
4152	7.71544e-182
4153	7.71544e-182
4154	7.71544e-182
4155	7.71544e-182
4156	7.71544e-182
4157	7.71544e-182
4158	7.71544e-182
4159	7.71544e-182
4160	7.71544e-182
4161	7.71544e-182
4162	7.71544e-182
4163	7.71544e-182
4164	7.71544e-182
4165	7.71544e-182
4166	7.71544e-182
4167	7.71544e-182
4168	7.71544e-182
4169	7.71544e-182
4170	7.71544e-182
4171	7.71544e-182
4172	7.71544e-182
4173	7.71544e-182
4174	7.71544e-182
4175	7.71544e-182
4176	7.71544e-182
4177	7.71544e-182
4178	7.71544e-182
4179	7.71544e-182
4180	7.71544e-182
4181	7.71544e-182
4182	7.71544e-182
4183	7.71544e-182
4184	7.71544e-182
4185	7.71544e-182
4186	7.71544e-182
4187	7.71544e-182
4188	7.71544e-182
4189	7.71544e-182
4190	7.71544e-182
4191	7.71544e-182
4192	7.71544e-182
4193	7.71544e-182
4194	7.71544e-182
4195	7.71544e-182
4196	7.71544e-182
4197	7.71544e-182
4198	7.71544e-182
4199	7.71544e-182
4200	7.71544e-182
4201	7.71544e-182
4202	7.71544e-182
4203	7.71544e-182
4204	7.71544e-182
4205	7.71544e-182
4206	7.71544e-182
4207	7.71544e-182
4208	7.71544e-182
4209	7.71544e-182
4210	7.71544e-182
4211	7.71544e-182
4212	7.71544e-182
4213	7.71544e-182
4214	7.71544e-182
4215	7.71544e-182
4216	7.71544e-182
4217	7.71544e-182
4218	7.71544e-182
4219	7.71544e-182
4220	7.71544e-182
4221	7.71544e-182
4222	7.71544e-182
4223	7.71544e-182
4224	7.71544e-182
4225	7.71544e-182
4226	7.71544e-182
4227	7.71544e-182
4228	7.71544e-182
4229	7.71544e-182
4230	7.71544e-182
4231	7.71544e-182
4232	7.71544e-182
4233	7.71544e-182
4234	7.71544e-182
4235	7.71544e-182
4236	7.71544e-182
4237	7.71544e-182
4238	7.71544e-182
4239	7.71544e-182
4240	7.71544e-182
4241	7.71544e-182
4242	7.71544e-182
4243	7.71544e-182
4244	7.71544e-182
4245	7.71544e-182
4246	7.71544e-182
4247	7.71544e-182
4248	7.71544e-182
4249	7.71544e-182
4250	7.71544e-182
4251	7.71544e-182
4252	7.71544e-182
4253	7.71544e-182
4254	7.71544e-182
4255	7.71544e-182
4256	7.71544e-182
4257	7.71544e-182
4258	7.71544e-182
4259	7.71544e-182
4260	7.71544e-182
4261	7.71544e-182
4262	7.71544e-182
4263	7.71544e-182
4264	7.71544e-182
4265	7.71544e-182
4266	7.71544e-182
4267	7.71544e-182
4268	7.71544e-182
4269	7.71544e-182
4270	7.71544e-182
4271	7.71544e-182
4272	7.71544e-182
4273	7.71544e-182
4274	7.71544e-182
4275	7.71544e-182
4276	7.71544e-182
4277	7.71544e-182
4278	7.71544e-182
4279	7.71544e-182
4280	7.71544e-182
4281	7.71544e-182
4282	7.71544e-182
4283	7.71544e-182
4284	7.71544e-182
4285	7.71544e-182
4286	7.71544e-182
4287	7.71544e-182
4288	7.71544e-182
4289	7.71544e-182
4290	7.71544e-182
4291	7.71544e-182
4292	7.71544e-182
4293	7.71544e-182
4294	7.71544e-182
4295	7.71544e-182
4296	7.71544e-182
4297	7.71544e-182
4298	7.71544e-182
4299	7.71544e-182
4300	7.71544e-182
4301	7.71544e-182
4302	7.71544e-182
4303	7.71544e-182
4304	7.71544e-182
4305	7.71544e-182
4306	7.71544e-182
4307	7.71544e-182
4308	7.71544e-182
4309	7.71544e-182
4310	7.71544e-182
4311	7.71544e-182
4312	7.71544e-182
4313	7.71544e-182
4314	7.71544e-182
4315	7.71544e-182
4316	7.71544e-182
4317	7.71544e-182
4318	7.71544e-182
4319	7.71544e-182
4320	7.71544e-182
4321	7.71544e-182
4322	7.71544e-182
4323	7.71544e-182
4324	7.71544e-182
4325	7.71544e-182
4326	7.71544e-182
4327	7.71544e-182
4328	7.71544e-182
4329	7.71544e-182
4330	7.71544e-182
4331	7.71544e-182
4332	7.71544e-182
4333	7.71544e-182
4334	7.71544e-182
4335	7.71544e-182
4336	7.71544e-182
4337	7.71544e-182
4338	7.71544e-182
4339	7.71544e-182
4340	7.71544e-182
4341	7.71544e-182
4342	7.71544e-182
4343	7.71544e-182
4344	7.71544e-182
4345	7.71544e-182
4346	7.71544e-182
4347	7.71544e-182
4348	7.71544e-182
4349	7.71544e-182
4350	7.71544e-182
4351	7.71544e-182
4352	7.71544e-182
4353	7.71544e-182
4354	7.71544e-182
4355	7.71544e-182
4356	7.71544e-182
4357	7.71544e-182
4358	7.71544e-182
4359	7.71544e-182
4360	7.71544e-182
4361	7.71544e-182
4362	7.71544e-182
4363	7.71544e-182
4364	7.71544e-182
4365	7.71544e-182
4366	7.71544e-182
4367	7.71544e-182
4368	7.71544e-182
4369	7.71544e-182
4370	7.71544e-182
4371	7.71544e-182
4372	7.71544e-182
4373	7.71544e-182
4374	7.71544e-182
4375	7.71544e-182
4376	7.71544e-182
4377	7.71544e-182
4378	7.71544e-182
4379	7.71544e-182
4380	7.71544e-182
4381	7.71544e-182
4382	7.71544e-182
4383	7.71544e-182
4384	7.71544e-182
4385	7.71544e-182
4386	7.71544e-182
4387	7.71544e-182
4388	7.71544e-182
4389	7.71544e-182
4390	7.71544e-182
4391	7.71544e-182
4392	7.71544e-182
4393	7.71544e-182
4394	7.71544e-182
4395	7.71544e-182
4396	7.71544e-182
4397	7.71544e-182
4398	7.71544e-182
4399	7.71544e-182
4400	7.71544e-182
4401	7.71544e-182
4402	7.71544e-182
4403	7.71544e-182
4404	7.71544e-182
4405	7.71544e-182
4406	7.71544e-182
4407	7.71544e-182
4408	7.71544e-182
4409	7.71544e-182
4410	7.71544e-182
4411	7.71544e-182
4412	7.71544e-182
4413	7.71544e-182
4414	7.71544e-182
4415	7.71544e-182
4416	7.71544e-182
4417	7.71544e-182
4418	7.71544e-182
4419	7.71544e-182
4420	7.71544e-182
4421	7.71544e-182
4422	7.71544e-182
4423	7.71544e-182
4424	7.71544e-182
4425	7.71544e-182
4426	7.71544e-182
4427	7.71544e-182
4428	7.71544e-182
4429	7.71544e-182
4430	7.71544e-182
4431	7.71544e-182
4432	7.71544e-182
4433	7.71544e-182
4434	7.71544e-182
4435	7.71544e-182
4436	7.71544e-182
4437	7.71544e-182
4438	7.71544e-182
4439	7.71544e-182
4440	7.71544e-182
4441	7.71544e-182
4442	7.71544e-182
4443	7.71544e-182
4444	7.71544e-182
4445	7.71544e-182
4446	7.71544e-182
4447	7.71544e-182
4448	7.71544e-182
4449	7.71544e-182
4450	7.71544e-182
4451	7.71544e-182
4452	7.71544e-182
4453	7.71544e-182
4454	7.71544e-182
4455	7.71544e-182
4456	7.71544e-182
4457	7.71544e-182
4458	7.71544e-182
4459	7.71544e-182
4460	7.71544e-182
4461	7.71544e-182
4462	7.71544e-182
4463	7.71544e-182
4464	7.71544e-182
4465	7.71544e-182
4466	7.71544e-182
4467	7.71544e-182
4468	7.71544e-182
4469	7.71544e-182
4470	7.71544e-182
4471	7.71544e-182
4472	7.71544e-182
4473	7.71544e-182
4474	7.71544e-182
4475	7.71544e-182
4476	7.71544e-182
4477	7.71544e-182
4478	7.71544e-182
4479	7.71544e-182
4480	7.71544e-182
4481	7.71544e-182
4482	7.71544e-182
4483	7.71544e-182
4484	7.71544e-182
4485	7.71544e-182
4486	7.71544e-182
4487	7.71544e-182
4488	7.71544e-182
4489	7.71544e-182
4490	7.71544e-182
4491	7.71544e-182
4492	7.71544e-182
4493	7.71544e-182
4494	7.71544e-182
4495	7.71544e-182
4496	7.71544e-182
4497	7.71544e-182
4498	7.71544e-182
4499	7.71544e-182
4500	7.71544e-182
4501	7.71544e-182
4502	7.71544e-182
4503	7.71544e-182
4504	7.71544e-182
4505	7.71544e-182
4506	7.71544e-182
4507	7.71544e-182
4508	7.71544e-182
4509	7.71544e-182
4510	7.71544e-182
4511	7.71544e-182
4512	7.71544e-182
4513	7.71544e-182
4514	7.71544e-182
4515	7.71544e-182
4516	7.71544e-182
4517	7.71544e-182
4518	7.71544e-182
4519	7.71544e-182
4520	7.71544e-182
4521	7.71544e-182
4522	7.71544e-182
4523	7.71544e-182
4524	7.71544e-182
4525	7.71544e-182
4526	7.71544e-182
4527	7.71544e-182
4528	7.71544e-182
4529	7.71544e-182
4530	7.71544e-182
4531	7.71544e-182
4532	7.71544e-182
4533	7.71544e-182
4534	7.71544e-182
4535	7.71544e-182
4536	7.71544e-182
4537	7.71544e-182
4538	7.71544e-182
4539	7.71544e-182
4540	7.71544e-182
4541	7.71544e-182
4542	7.71544e-182
4543	7.71544e-182
4544	7.71544e-182
4545	7.71544e-182
4546	7.71544e-182
4547	7.71544e-182
4548	7.71544e-182
4549	7.71544e-182
4550	7.71544e-182
4551	7.71544e-182
4552	7.71544e-182
4553	7.71544e-182
4554	7.71544e-182
4555	7.71544e-182
4556	7.71544e-182
4557	7.71544e-182
4558	7.71544e-182
4559	7.71544e-182
4560	7.71544e-182
4561	7.71544e-182
4562	7.71544e-182
4563	7.71544e-182
4564	7.71544e-182
4565	7.71544e-182
4566	7.71544e-182
4567	7.71544e-182
4568	7.71544e-182
4569	7.71544e-182
4570	7.71544e-182
4571	7.71544e-182
4572	7.71544e-182
4573	7.71544e-182
4574	7.71544e-182
4575	7.71544e-182
4576	7.71544e-182
4577	7.71544e-182
4578	7.71544e-182
4579	7.71544e-182
4580	7.71544e-182
4581	7.71544e-182
4582	7.71544e-182
4583	7.71544e-182
4584	7.71544e-182
4585	7.71544e-182
4586	7.71544e-182
4587	7.71544e-182
4588	7.71544e-182
4589	7.71544e-182
4590	7.71544e-182
4591	7.71544e-182
4592	7.71544e-182
4593	7.71544e-182
4594	7.71544e-182
4595	7.71544e-182
4596	7.71544e-182
4597	7.71544e-182
4598	7.71544e-182
4599	7.71544e-182
4600	7.71544e-182
4601	7.71544e-182
4602	7.71544e-182
4603	7.71544e-182
4604	7.71544e-182
4605	7.71544e-182
4606	7.71544e-182
4607	7.71544e-182
4608	7.71544e-182
4609	7.71544e-182
4610	7.71544e-182
4611	7.71544e-182
4612	7.71544e-182
4613	7.71544e-182
4614	7.71544e-182
4615	7.71544e-182
4616	7.71544e-182
4617	7.71544e-182
4618	7.71544e-182
4619	7.71544e-182
4620	7.71544e-182
4621	7.71544e-182
4622	7.71544e-182
4623	7.71544e-182
4624	7.71544e-182
4625	7.71544e-182
4626	7.71544e-182
4627	7.71544e-182
4628	7.71544e-182
4629	7.71544e-182
4630	7.71544e-182
4631	7.71544e-182
4632	7.71544e-182
4633	7.71544e-182
4634	7.71544e-182
4635	7.71544e-182
4636	7.71544e-182
4637	7.71544e-182
4638	7.71544e-182
4639	7.71544e-182
4640	7.71544e-182
4641	7.71544e-182
4642	7.71544e-182
4643	7.71544e-182
4644	7.71544e-182
4645	7.71544e-182
4646	7.71544e-182
4647	7.71544e-182
4648	7.71544e-182
4649	7.71544e-182
4650	7.71544e-182
4651	7.71544e-182
4652	7.71544e-182
4653	7.71544e-182
4654	7.71544e-182
4655	7.71544e-182
4656	7.71544e-182
4657	7.71544e-182
4658	7.71544e-182
4659	7.71544e-182
4660	7.71544e-182
4661	7.71544e-182
4662	7.71544e-182
4663	7.71544e-182
4664	7.71544e-182
4665	7.71544e-182
4666	7.71544e-182
4667	7.71544e-182
4668	7.71544e-182
4669	7.71544e-182
4670	7.71544e-182
4671	7.71544e-182
4672	7.71544e-182
4673	7.71544e-182
4674	7.71544e-182
4675	7.71544e-182
4676	7.71544e-182
4677	7.71544e-182
4678	7.71544e-182
4679	7.71544e-182
4680	7.71544e-182
4681	7.71544e-182
4682	7.71544e-182
4683	7.71544e-182
4684	7.71544e-182
4685	7.71544e-182
4686	7.71544e-182
4687	7.71544e-182
4688	7.71544e-182
4689	7.71544e-182
4690	7.71544e-182
4691	7.71544e-182
4692	7.71544e-182
4693	7.71544e-182
4694	7.71544e-182
4695	7.71544e-182
4696	7.71544e-182
4697	7.71544e-182
4698	7.71544e-182
4699	7.71544e-182
4700	7.71544e-182
4701	7.71544e-182
4702	7.71544e-182
4703	7.71544e-182
4704	7.71544e-182
4705	7.71544e-182
4706	7.71544e-182
4707	7.71544e-182
4708	7.71544e-182
4709	7.71544e-182
4710	7.71544e-182
4711	7.71544e-182
4712	7.71544e-182
4713	7.71544e-182
4714	7.71544e-182
4715	7.71544e-182
4716	7.71544e-182
4717	7.71544e-182
4718	7.71544e-182
4719	7.71544e-182
4720	7.71544e-182
4721	7.71544e-182
4722	7.71544e-182
4723	7.71544e-182
4724	7.71544e-182
4725	7.71544e-182
4726	7.71544e-182
4727	7.71544e-182
4728	7.71544e-182
4729	7.71544e-182
4730	7.71544e-182
4731	7.71544e-182
4732	7.71544e-182
4733	7.71544e-182
4734	7.71544e-182
4735	7.71544e-182
4736	7.71544e-182
4737	7.71544e-182
4738	7.71544e-182
4739	7.71544e-182
4740	7.71544e-182
4741	7.71544e-182
4742	7.71544e-182
4743	7.71544e-182
4744	7.71544e-182
4745	7.71544e-182
4746	7.71544e-182
4747	7.71544e-182
4748	7.71544e-182
4749	7.71544e-182
4750	7.71544e-182
4751	7.71544e-182
4752	7.71544e-182
4753	7.71544e-182
4754	7.71544e-182
4755	7.71544e-182
4756	7.71544e-182
4757	7.71544e-182
4758	7.71544e-182
4759	7.71544e-182
4760	7.71544e-182
4761	7.71544e-182
4762	7.71544e-182
4763	7.71544e-182
4764	7.71544e-182
4765	7.71544e-182
4766	7.71544e-182
4767	7.71544e-182
4768	7.71544e-182
4769	7.71544e-182
4770	7.71544e-182
4771	7.71544e-182
4772	7.71544e-182
4773	7.71544e-182
4774	7.71544e-182
4775	7.71544e-182
4776	7.71544e-182
4777	7.71544e-182
4778	7.71544e-182
4779	7.71544e-182
4780	7.71544e-182
4781	7.71544e-182
4782	7.71544e-182
4783	7.71544e-182
4784	7.71544e-182
4785	7.71544e-182
4786	7.71544e-182
4787	7.71544e-182
4788	7.71544e-182
4789	7.71544e-182
4790	7.71544e-182
4791	7.71544e-182
4792	7.71544e-182
4793	7.71544e-182
4794	7.71544e-182
4795	7.71544e-182
4796	7.71544e-182
4797	7.71544e-182
4798	7.71544e-182
4799	7.71544e-182
4800	7.71544e-182
4801	7.71544e-182
4802	7.71544e-182
4803	7.71544e-182
4804	7.71544e-182
4805	7.71544e-182
4806	7.71544e-182
4807	7.71544e-182
4808	7.71544e-182
4809	7.71544e-182
4810	7.71544e-182
4811	7.71544e-182
4812	7.71544e-182
4813	7.71544e-182
4814	7.71544e-182
4815	7.71544e-182
4816	7.71544e-182
4817	7.71544e-182
4818	7.71544e-182
4819	7.71544e-182
4820	7.71544e-182
4821	7.71544e-182
4822	7.71544e-182
4823	7.71544e-182
4824	7.71544e-182
4825	7.71544e-182
4826	7.71544e-182
4827	7.71544e-182
4828	7.71544e-182
4829	7.71544e-182
4830	7.71544e-182
4831	7.71544e-182
4832	7.71544e-182
4833	7.71544e-182
4834	7.71544e-182
4835	7.71544e-182
4836	7.71544e-182
4837	7.71544e-182
4838	7.71544e-182
4839	7.71544e-182
4840	7.71544e-182
4841	7.71544e-182
4842	7.71544e-182
4843	7.71544e-182
4844	7.71544e-182
4845	7.71544e-182
4846	7.71544e-182
4847	7.71544e-182
4848	7.71544e-182
4849	7.71544e-182
4850	7.71544e-182
4851	7.71544e-182
4852	7.71544e-182
4853	7.71544e-182
4854	7.71544e-182
4855	7.71544e-182
4856	7.71544e-182
4857	7.71544e-182
4858	7.71544e-182
4859	7.71544e-182
4860	7.71544e-182
4861	7.71544e-182
4862	7.71544e-182
4863	7.71544e-182
4864	7.71544e-182
4865	7.71544e-182
4866	7.71544e-182
4867	7.71544e-182
4868	7.71544e-182
4869	7.71544e-182
4870	7.71544e-182
4871	7.71544e-182
4872	7.71544e-182
4873	7.71544e-182
4874	7.71544e-182
4875	7.71544e-182
4876	7.71544e-182
4877	7.71544e-182
4878	7.71544e-182
4879	7.71544e-182
4880	7.71544e-182
4881	7.71544e-182
4882	7.71544e-182
4883	7.71544e-182
4884	7.71544e-182
4885	7.71544e-182
4886	7.71544e-182
4887	7.71544e-182
4888	7.71544e-182
4889	7.71544e-182
4890	7.71544e-182
4891	7.71544e-182
4892	7.71544e-182
4893	7.71544e-182
4894	7.71544e-182
4895	7.71544e-182
4896	7.71544e-182
4897	7.71544e-182
4898	7.71544e-182
4899	7.71544e-182
4900	7.71544e-182
4901	7.71544e-182
4902	7.71544e-182
4903	7.71544e-182
4904	7.71544e-182
4905	7.71544e-182
4906	7.71544e-182
4907	7.71544e-182
4908	7.71544e-182
4909	7.71544e-182
4910	7.71544e-182
4911	7.71544e-182
4912	7.71544e-182
4913	7.71544e-182
4914	7.71544e-182
4915	7.71544e-182
4916	7.71544e-182
4917	7.71544e-182
4918	7.71544e-182
4919	7.71544e-182
4920	7.71544e-182
4921	7.71544e-182
4922	7.71544e-182
4923	7.71544e-182
4924	7.71544e-182
4925	7.71544e-182
4926	7.71544e-182
4927	7.71544e-182
4928	7.71544e-182
4929	7.71544e-182
4930	7.71544e-182
4931	7.71544e-182
4932	7.71544e-182
4933	7.71544e-182
4934	7.71544e-182
4935	7.71544e-182
4936	7.71544e-182
4937	7.71544e-182
4938	7.71544e-182
4939	7.71544e-182
4940	7.71544e-182
4941	7.71544e-182
4942	7.71544e-182
4943	7.71544e-182
4944	7.71544e-182
4945	7.71544e-182
4946	7.71544e-182
4947	7.71544e-182
4948	7.71544e-182
4949	7.71544e-182
4950	7.71544e-182
4951	7.71544e-182
4952	7.71544e-182
4953	7.71544e-182
4954	7.71544e-182
4955	7.71544e-182
4956	7.71544e-182
4957	7.71544e-182
4958	7.71544e-182
4959	7.71544e-182
4960	7.71544e-182
4961	7.71544e-182
4962	7.71544e-182
4963	7.71544e-182
4964	7.71544e-182
4965	7.71544e-182
4966	7.71544e-182
4967	7.71544e-182
4968	7.71544e-182
4969	7.71544e-182
4970	7.71544e-182
4971	7.71544e-182
4972	7.71544e-182
4973	7.71544e-182
4974	7.71544e-182
4975	7.71544e-182
4976	7.71544e-182
4977	7.71544e-182
4978	7.71544e-182
4979	7.71544e-182
4980	7.71544e-182
4981	7.71544e-182
4982	7.71544e-182
4983	7.71544e-182
4984	7.71544e-182
4985	7.71544e-182
4986	7.71544e-182
4987	7.71544e-182
4988	7.71544e-182
4989	7.71544e-182
4990	7.71544e-182
4991	7.71544e-182
4992	7.71544e-182
4993	7.71544e-182
4994	7.71544e-182
4995	7.71544e-182
4996	7.71544e-182
4997	7.71544e-182
4998	7.71544e-182
4999	7.71544e-182
5000	7.71544e-182
